=~=~=~=~=~=~=~=~=~=~=~= PuTTY log 2025.11.26 14:12:28 =~=~=~=~=~=~=~=~=~=~=~=
43.40 
43.40 
43.40 
43.40 
43.40 
43.40 
43.40 
43.40 
43.40 
43.40 
43.40 
43.40 
43.40 
43.40 
43.40 
43.40 
43.40 
43.40 
43.40 
43.40 
43.40 
43.40 
43.40 
43.40 
43.40 
43.40 
43.40 
43.40 
43.40 
43.40 
43.40 
43.40 
43.40 
43.40 
43.40 
43.40 
43.40 
43.40 
43.40 
43.40 
43.40 
43.40 
43.40 
43.40 
43.40 
43.40 
43.40 
43.40 
43.40 
43.40 
43.40 
43.40 
43.40 
43.40 
43.40 
43.40 
43.40 
43.40 
43.40 
43.40 
43.40 
43.40 
43.40 
43.40 
43.40 
43.40 
43.40 
43.40 
43.40 
43.40 
43.40 
43.40 
43.40 
43.40 
43.40 
43.40 
43.40 
43.40 
43.40 
43.40 
43.40 
43.40 
43.40 
43.40 
43.40 
43.40 
43.40 
43.40 
43.40 
43.40 
43.40 
43.40 
43.40 
43.40 
43.40 
43.40 
43.40 
43.40 
43.40 
43.40 
43.40 
43.40 
43.40 
43.40 
43.40 
43.40 
43.40 
43.40 
43.40 
43.40 
43.40 
43.40 
43.40 
43.40 
43.40 
43.40 
43.40 
43.40 
43.40 
43.40 
43.40 
43.40 
43.40 
43.40 
43.40 
43.40 
43.40 
43.40 
43.40 
43.40 
43.40 
43.40 
43.40 
43.40 
43.40 
43.40 
43.40 
43.40 
43.40 
43.40 
43.40 
43.40 
43.40 
ets Jul 29 2019 12:21:46

rst:ets Jul 29 2019 12:21:46

rst:ets Jul 29 2019 12:21:46

rst:ets Jul 29 2019 12:21:46

rst:ets Jul 29 2019 12:21:46

rst:ets Jul 29 2019 12:21:46

rst:ets Jul 29 2019 12:21:46

rst:ets Jul 29 2019 12:21:46

rst:ets Jul 29 2019 12:21:46

rst:ets Jul 29 2019 12:21:46

rst:ets Jul 29 2019 12:21:46

rst:ets Jul 29 2019 12:21:46

rst:ets Jul 29 2019 12:21:46

rst:ets Jul 29 2019 12:21:46

rst:ets Jul 29 2019 12:21:46

rst:ets Jul 29 2019 12:21:46

rst:ets Jul 29 2019 12:21:46

rst:ets Jul 29 2019 12:21:46

rst:ets Jul 29 2019 12:21:46

rst:ets Jul 29 2019 12:21:46

rst:ets Jul 29 2019 12:21:46

rst:ets Jul 29 2019 12:21:46

rst:ets Jul 29 2019 12:21:46

rst:ets Jul 29 2019 12:21:46

rst:ets Jul 29 2019 12:21:46

rst:ets Jul 29 2019 12:21:46

rst:ets Jul 29 2019 12:21:46

rst:ets Jul 29 2019 12:21:46

rst:ets Jul 29 2019 12:21:46

rst:ets Jul 29 2019 12:21:46

rst:ets Jul 29 2019 12:21:46

rst:ets Jul 29 2019 12:21:46

rst:ets Jul 29 2019 12:21:46

rst:ets Jul 29 2019 12:21:46

rst:ets Jul 29 2019 12:21:46

rst:ets Jul 29 2019 12:21:46

rst:ets Jul 29 2019 12:21:46

rst:ets Jul 29 2019 12:21:46

rst:ets Jul 29 2019 12:21:46

rst:ets Jul 29 2019 12:21:46

rst:ets Jul 29 2019 12:21:46

rst:ets Jul 29 2019 12:21:46

rst:ets Jul 29 2019 12:21:46

rst:ets Jul 29 2019 12:21:46

rst:ets Jul 29 2019 12:21:46

rst:ets Jul 29 2019 12:21:46

rst:ets Jul 29 2019 12:21:46

rst:0x1 (POWERON_RESET),boot:0x13 (SPI_FAST_FLASH_BOOT)
configsip: 0, SPIWP:0xee
clk_drv:0x00,q_drv:0x00,d_drv:0x00,cs0_drv:0x00,hd_drv:0x00,wp_drv:0x00
mode:DIO, clock div:1
load:0x3fff0030,len:4980
load:0x40078000,len:16612
load:0x40080400,len:3480
entry 0x400805b4
Found sensor
Milis - ColorTemp - Lux - R - G - B - C - Pot - UsensA - UsensB

399 3969 29 45 42 30 117 0 40.92 43.42 
575 3969 29 45 42 30 116 0 40.90 43.40 
751 3969 29 45 42 30 116 0 40.92 42.99 
927 3969 29 45 42 30 116 0 40.92 43.40 
1103 3969 29 45 42 30 116 0 40.92 43.40 
1279 3969 29 45 42 30 116 9 40.92 43.42 
1455 3969 29 45 42 30 116 0 40.92 43.42 
1631 3969 29 45 42 30 116 3 40.94 43.42 
1807 3969 29 45 42 30 116 0 40.92 43.40 
1983 3969 29 45 42 30 116 0 40.92 43.40 
2159 3969 29 45 42 30 116 0 40.92 43.40 
2335 3969 29 45 42 30 116 0 40.92 43.42 
2511 3969 29 45 42 30 116 0 43.08 43.40 
2687 3969 29 45 42 30 116 0 40.92 43.42 
2863 3969 29 45 42 30 116 4 40.92 43.81 
3039 3969 29 45 42 30 116 0 40.92 43.42 
3215 3969 29 45 42 30 116 7 40.92 43.42 
3391 3969 29 45 42 30 116 0 40.92 43.40 
3567 3969 29 45 42 30 116 0 40.92 43.40 
3743 3969 29 45 42 30 116 0 40.92 42.99 
3919 3969 29 45 42 30 116 0 40.92 43.42 
4095 3969 29 45 42 30 116 0 40.94 42.99 
4271 3969 29 45 42 30 116 0 40.92 43.42 
4447 3969 29 45 42 30 116 0 40.92 43.81 
4623 3969 29 45 42 30 116 0 40.94 43.38 
4799 3969 29 45 42 30 116 9 40.92 43.42 
4975 3969 29 45 42 30 116 0 16.46 16.42 
5148 3969 29 45 42 30 116 4 16.46 12.78 
5321 3969 29 45 42 30 116 0 15.83 28.97 
5495 3969 29 45 42 30 116 0 43.08 43.40 
5671 3969 29 45 42 30 116 0 40.92 42.42 
5847 3969 29 45 42 30 117 0 40.92 43.40 
6023 3969 29 45 42 30 116 0 43.49 43.40 
6199 3969 29 45 42 30 116 6 43.08 43.40 
6375 3969 29 45 42 30 116 0 40.92 43.38 
6551 3969 29 45 42 30 116 18 40.92 42.43 
6727 3969 29 45 42 30 116 0 40.92 43.42 
6903 3969 29 45 42 30 117 3 16.46 29.22 
7077 3969 29 45 42 30 117 0 10.10 35.14 
7251 3969 29 45 42 30 117 5 16.76 29.75 
7425 3969 29 45 42 30 117 0 40.48 43.40 
7601 3969 29 45 42 30 117 2 7.11 37.21 
7775 3969 29 45 42 30 117 0 43.08 43.42 
7951 3969 29 45 42 30 117 1 16.78 28.99 
8125 3969 29 45 42 30 117 0 40.92 43.81 
8301 3969 29 45 42 30 117 0 16.46 29.22 
8475 3969 29 45 42 30 117 0 16.46 29.22 
8649 3969 29 45 42 30 117 0 40.92 43.81 
8825 3969 29 45 42 30 117 0 43.06 43.42 
9001 3969 29 45 42 30 117 0 41.36 43.42 
9177 3969 29 45 42 30 117 0 41.38 43.42 
9353 3969 29 45 42 30 117 2 40.90 43.79 
9529 3969 29 45 42 30 117 0 40.92 43.40 
9705 3969 29 45 42 30 117 10 40.92 43.81 
9881 3969 29 45 42 30 117 0 40.92 43.81 
10057 3969 29 45 42 30 117 4 43.08 43.40 
10233 3969 29 45 42 30 117 0 41.36 43.44 
10409 3969 29 45 42 30 117 0 40.90 43.01 
10585 3969 29 45 42 30 117 0 40.92 43.40 
10761 3969 29 45 42 30 117 0 40.92 43.03 
10937 3880 29 46 42 30 117 0 41.36 43.01 
11113 3880 29 46 42 30 117 0 41.82 43.01 
11289 3880 29 46 42 30 117 9 43.28 43.03 
11465 3880 29 46 42 30 117 0 43.26 43.03 
11641 3969 29 45 42 30 116 14 42.28 43.03 
11817 3880 29 46 42 30 117 0 43.26 43.45 
11993 3880 29 46 42 30 117 6 40.90 42.43 
12169 4018 30 46 43 31 117 0 40.92 42.43 
12345 4018 30 46 43 31 118 0 13.12 32.06 
12519 4018 30 46 43 31 118 2 10.42 34.37 
12693 4018 30 46 43 31 118 6 7.74 37.43 
12867 4018 30 46 43 31 118 0 9.08 36.09 
13041 4018 30 46 43 31 118 4 9.74 35.41 
13215 4018 30 46 43 31 118 0 7.43 36.07 
13389 4018 30 46 43 31 118 0 9.74 35.84 
13563 4018 30 46 43 31 117 0 41.40 43.40 
13739 4018 30 46 43 31 117 0 10.42 34.88 
13913 4018 30 46 43 31 117 0 42.89 43.01 
14089 4018 30 46 43 31 117 0 40.72 42.60 
14265 3880 29 46 42 30 117 0 41.16 42.62 
14441 3969 29 45 42 30 115 0 42.06 44.01 
14617 3969 29 45 42 30 114 0 41.60 42.64 
14793 4076 28 44 41 30 113 8 41.22 42.62 
14969 3980 28 45 41 30 113 0 41.62 42.62 
15145 4076 28 44 41 30 112 9 43.08 42.42 
15321 4076 28 44 41 30 113 0 10.78 34.88 
15495 3880 29 46 42 30 116 10 41.38 43.42 
15671 4032 28 46 42 31 117 0 41.38 43.42 
15847 4032 28 46 42 31 117 0 41.38 43.42 
16023 4032 28 46 42 31 117 0 41.36 43.42 
16199 3880 29 46 42 30 117 0 41.38 43.42 
16375 3880 29 46 42 30 117 0 41.38 43.81 
16551 3880 29 46 42 30 117 0 41.36 43.42 
16727 3880 29 46 42 30 117 0 40.92 43.42 
16903 3880 29 46 42 30 117 0 41.38 43.01 
17079 3880 29 46 42 30 117 8 41.38 43.42 
17255 3880 29 46 42 30 117 0 41.38 43.40 
17431 3880 29 46 42 30 117 3 41.36 43.42 
17607 3880 29 46 42 30 117 0 41.38 43.40 
17783 3880 29 46 42 30 117 0 41.38 43.01 
17959 4032 28 46 42 31 117 0 41.38 43.42 
18135 4032 28 46 42 31 117 0 41.38 43.42 
18311 4032 28 46 42 31 117 0 41.38 43.40 
18487 4032 28 46 42 31 117 0 41.36 43.40 
18663 4032 28 46 42 31 117 3 41.36 43.40 
18839 3880 29 46 42 30 117 0 41.38 43.42 
19015 3880 29 46 42 30 117 7 41.36 43.42 
19191 3880 29 46 42 30 117 0 41.36 43.42 
19367 3880 29 46 42 30 117 0 41.38 43.42 
19543 3880 29 46 42 30 117 0 41.38 43.42 
19719 3880 29 46 42 30 117 0 41.38 43.42 
19895 3880 29 46 42 30 117 0 41.38 43.40 
20071 3880 29 46 42 30 117 0 40.92 43.40 
20247 3880 29 46 42 30 117 0 41.38 42.99 
20423 3880 29 46 42 30 117 0 41.38 43.40 
20599 3880 29 46 42 30 117 8 40.94 43.40 
20775 3880 29 46 42 30 117 0 41.40 43.40 
20951 3880 29 46 42 30 117 3 41.38 43.42 
21127 3880 29 46 42 30 117 0 40.94 43.42 
21303 3880 29 46 42 30 117 0 41.36 43.42 
21479 3880 29 46 42 30 117 0 41.38 43.42 
21655 3880 29 46 42 30 117 0 41.38 43.42 
21831 3880 29 46 42 30 117 0 41.38 43.40 
22007 3880 29 46 42 30 117 0 41.36 43.40 
22183 3880 29 46 42 30 117 5 41.36 43.44 
22359 3880 29 46 42 30 117 0 41.38 43.42 
22535 3880 29 46 42 30 117 6 41.36 43.42 
22711 3880 29 46 42 30 117 0 41.38 43.40 
22887 3969 29 45 42 30 117 0 41.38 43.40 
23063 3969 29 45 42 30 117 0 41.38 43.40 
23239 3969 29 45 42 30 117 0 41.38 43.42 
23415 3969 29 45 42 30 117 0 40.92 43.83 
23591 3969 29 45 42 30 117 0 43.88 45.00 
23767 3969 29 45 42 30 117 4 49.33 3.25 
23941 3870 32 46 44 30 119 0 49.33 3.25 
24115 3730 94 79 99 49 228 0 49.33 3.32 
24289 3720 106 86 110 53 250 0 49.35 3.30 
24463 3756 107 86 111 54 252 0 48.84 49.62 
24640 3756 107 86 111 54 252 0 49.33 3.30 
24814 3756 107 86 111 54 252 0 48.45 4.54 
24988 3733 107 87 111 54 253 0 48.84 49.61 
25165 3733 107 87 111 54 253 0 48.47 4.52 
25339 3733 107 87 111 54 253 0 48.43 4.52 
25513 3733 107 87 111 54 253 0 49.33 3.25 
25687 3734 109 87 112 54 253 7 49.33 3.30 
25861 3734 109 87 112 54 254 0 49.33 3.25 
26035 3734 109 87 112 54 254 6 48.04 4.59 
26209 3734 109 87 112 54 254 0 48.04 4.52 
26383 3734 109 87 112 54 254 0 48.03 4.52 
26557 3734 109 87 112 54 254 0 48.84 4.52 
26731 3734 109 87 112 54 254 0 48.03 4.52 
26905 3734 109 87 112 54 254 4 48.84 49.61 
27082 3734 109 87 112 54 254 0 49.33 3.30 
27256 3734 109 87 112 54 254 1 48.64 17.37 
27431 3734 109 87 112 54 254 0 49.50 43.01 
27608 3746 96 80 101 50 232 0 49.50 43.03 
27785 3748 84 75 91 47 215 0 44.88 43.03 
27961 3760 79 73 87 46 207 0 43.28 43.42 
28137 3890 47 53 57 35 144 7 40.46 40.87 
28313 3969 29 45 42 30 116 0 40.24 41.31 
28489 3980 28 45 41 30 114 7 69.07 72.23 
28668 3980 28 45 41 30 114 0 68.68 69.38 
28847 3920 29 44 41 29 112 0 69.39 69.92 
29026 3928 27 44 40 29 111 0 68.14 46.39 
29204 4076 28 44 41 30 113 3 83.78 65.23 
29384 3920 29 44 41 29 113 0 82.69 66.06 
29564 3969 29 45 42 30 114 0 82.71 66.04 
29744 3980 28 45 41 30 114 0 82.38 68.71 
29924 3980 28 45 41 30 114 1 81.48 82.64 
30105 4076 28 44 41 30 114 4 80.32 81.96 
30286 3920 29 44 41 29 112 0 80.21 81.96 
30467 4076 28 44 41 30 114 0 79.24 81.58 
30648 3920 29 44 41 29 114 0 78.96 81.55 
30829 3967 32 48 45 32 124 0 79.34 81.51 
31010 3958 33 48 46 32 125 0 76.53 65.50 
31190 3768 87 123 117 78 320 6 75.45 61.34 
31369 3880 33 49 46 32 126 0 75.43 55.62 
31548 3969 29 45 42 30 115 0 74.10 61.91 
31727 3969 29 45 42 30 115 0 73.76 60.93 
31906 3920 29 44 41 29 114 5 73.66 62.32 
32085 3920 29 44 41 29 114 0 72.15 56.05 
32264 3920 29 44 41 29 112 0 57.39 55.49 
32442 3825 32 45 43 29 116 2 69.96 55.66 
32621 3355 46 62 58 34 154 0 69.43 55.91 
32800 2515 158 226 181 74 486 0 69.33 55.90 
32979 2470 183 266 210 84 565 0 68.83 56.20 
33158 2476 185 268 212 85 570 7 69.14 56.20 
33337 2478 191 275 218 87 586 0 69.14 55.79 
33516 2477 192 276 219 87 587 0 68.70 55.76 
33694 2477 192 276 219 87 587 0 68.70 55.78 
33872 2477 192 276 219 87 588 0 68.70 55.78 
34050 2477 192 276 219 87 588 0 68.70 55.78 
34228 2477 192 276 219 87 588 0 68.70 55.78 
34406 2477 192 276 219 87 588 0 68.68 55.78 
34584 2477 193 277 220 87 589 0 68.82 49.27 
34762 2477 193 277 220 87 589 0 69.14 55.79 
34941 2477 193 277 220 87 589 2 69.14 55.78 
35120 2477 193 277 220 87 589 0 68.82 56.20 
35299 2477 193 277 220 87 589 0 69.14 55.76 
35478 2477 193 277 220 87 589 0 69.14 55.78 
35657 2477 193 277 220 87 589 0 69.14 55.76 
35836 2477 193 277 220 87 590 0 68.41 56.20 
36014 2477 193 277 220 87 590 0 68.70 55.78 
36192 2477 193 277 220 87 590 7 68.70 55.78 
36370 2477 193 277 220 87 590 0 68.70 55.78 
36548 2477 193 277 220 87 590 0 69.14 55.79 
36727 2477 193 277 220 87 590 6 69.16 56.20 
36906 2477 193 277 220 87 590 0 68.68 55.78 
37084 2477 193 277 220 87 590 0 68.82 56.19 
37263 2477 193 277 220 87 590 0 68.41 56.19 
37441 2477 193 277 220 87 590 0 68.39 55.78 
37619 2477 193 277 220 87 590 0 68.82 56.22 
37798 2477 193 277 220 87 590 0 69.16 55.78 
37977 2477 193 277 220 87 590 6 69.14 55.78 
38156 2477 193 277 220 87 590 0 68.83 56.19 
38335 2477 193 277 220 87 590 0 68.82 56.19 
38514 2477 193 277 220 87 590 0 68.70 55.79 
38692 2477 193 277 220 87 591 2 68.82 56.19 
38871 2477 193 277 220 87 591 0 68.70 55.78 
39049 2477 193 277 220 87 591 0 68.70 55.76 
39227 2477 193 277 220 87 591 7 68.70 55.76 
39405 2477 193 277 220 87 590 0 68.82 55.79 
39583 2477 193 277 220 87 590 0 68.70 55.78 
39761 2477 193 277 220 87 591 6 68.70 55.78 
39939 2477 193 277 220 87 590 0 68.70 55.78 
40117 2477 193 277 220 87 590 0 68.68 55.79 
40295 2477 193 277 220 87 590 5 69.16 55.78 
40474 2477 193 277 220 87 589 0 69.14 55.76 
40653 2469 192 277 219 87 589 0 69.14 55.79 
40832 2477 193 277 220 87 590 0 69.14 55.79 
41011 2477 193 277 220 87 590 3 69.14 55.79 
41190 2477 193 277 220 87 590 0 68.70 55.78 
41368 2477 193 277 220 87 590 0 69.14 55.78 
41547 2477 193 277 220 87 590 3 68.82 56.20 
41726 2477 193 277 220 87 590 0 69.14 55.78 
41905 2477 193 277 220 87 590 0 68.68 55.79 
42083 2477 193 277 220 87 590 0 68.70 55.64 
42261 2477 193 277 220 87 590 5 69.14 55.78 
42440 2477 193 277 220 87 589 0 68.68 55.78 
42618 2477 193 277 220 87 589 0 69.14 55.76 
42796 2469 192 277 219 87 589 5 68.68 55.78 
42974 2477 193 277 220 87 589 0 68.68 55.79 
43152 2477 193 277 220 87 589 0 69.14 55.66 
43330 2477 193 277 220 87 589 4 68.68 55.79 
43508 2477 193 277 220 87 589 0 68.70 55.78 
43686 2477 193 277 220 87 589 0 68.68 55.78 
43864 2477 193 277 220 87 589 1 68.70 55.79 
44042 2477 193 277 220 87 590 0 68.68 55.79 
44220 2477 193 277 220 87 590 0 68.68 55.76 
44398 2477 193 277 220 87 590 0 68.70 55.74 
44576 2477 193 277 220 87 590 0 68.68 55.76 
44754 2477 193 277 220 87 590 0 68.68 55.78 
44932 2477 193 277 220 87 590 0 68.70 55.78 
45110 2477 193 277 220 87 591 0 68.82 56.19 
45289 2477 193 277 220 87 591 0 68.70 55.79 
45467 2477 193 277 220 87 591 0 68.68 55.78 
45645 2477 193 277 220 87 591 2 68.70 55.78 
45823 2477 193 277 220 87 591 0 69.14 55.78 
46002 2477 193 277 220 87 591 0 68.82 56.20 
46181 2477 193 277 220 87 590 7 69.14 56.22 
46360 2477 193 277 220 87 590 0 69.16 55.78 
46539 2477 193 277 220 87 590 0 68.71 55.78 
46717 2477 193 277 220 87 589 0 69.14 55.76 
46896 2477 193 277 220 87 589 0 68.70 55.78 
47074 2477 193 277 220 87 589 0 68.68 55.79 
47252 2477 193 277 220 87 590 0 68.68 55.79 
47430 2477 193 277 220 87 590 6 69.14 56.22 
47609 2477 193 277 220 87 589 0 68.80 55.76 
47787 2477 193 277 220 87 589 0 68.82 56.19 
47966 2477 193 277 220 87 589 3 68.82 56.19 
48145 2477 193 277 220 87 589 0 68.39 56.19 
48323 2477 193 277 220 87 589 0 69.14 55.79 
48502 2477 193 277 220 87 589 0 68.82 55.74 
48680 2477 193 277 220 87 589 5 68.70 55.78 
48858 2469 192 277 219 87 589 0 68.82 55.78 
49036 2469 192 277 219 87 589 0 68.70 55.78 
49214 2469 192 277 219 87 589 7 68.68 55.74 
49392 2469 192 277 219 87 589 0 68.68 55.76 
49570 2469 192 277 219 87 589 0 69.14 55.76 
49749 2469 192 277 219 87 588 6 68.70 55.76 
49927 2469 192 277 219 87 588 0 69.14 55.78 
50106 2469 192 277 219 87 588 0 68.70 55.78 
50284 2477 192 276 219 87 588 0 68.68 55.78 
50462 2477 192 276 219 87 588 0 68.70 55.76 
50640 2477 192 276 219 87 588 0 68.70 55.78 
50818 2469 192 277 219 87 589 0 68.68 55.78 
50996 2469 192 277 219 87 589 0 68.68 55.76 
51174 2469 192 277 219 87 589 0 68.68 55.78 
51352 2469 192 277 219 87 589 0 68.68 55.78 
51530 2469 192 277 219 87 589 3 68.68 55.74 
51708 2469 192 277 219 87 589 0 68.68 55.79 
51886 2469 192 277 219 87 589 0 68.68 55.78 
52064 2469 192 277 219 87 589 6 68.68 55.78 
52242 2469 192 277 219 87 589 0 68.39 56.19 
52420 2469 192 277 219 87 589 0 68.71 56.20 
52599 2469 192 277 219 87 589 7 68.68 55.79 
52777 2469 192 277 219 87 589 0 68.70 55.78 
52955 2469 192 277 219 87 589 0 68.70 55.67 
53133 2471 193 276 219 86 588 2 68.70 55.78 
53311 2471 193 276 219 86 588 0 68.70 55.66 
53489 2471 193 276 219 86 588 0 68.68 55.78 
53667 2471 193 276 219 86 588 0 68.68 55.78 
53845 2471 193 276 219 86 588 0 68.68 55.66 
54023 2477 192 276 219 87 588 0 68.70 55.78 
54201 2469 192 277 219 87 589 0 68.68 55.66 
54379 2477 193 277 220 87 589 0 68.68 55.66 
54557 2469 192 277 219 87 589 0 68.68 55.78 
54735 2469 192 277 219 87 589 0 68.68 55.76 
54913 2469 192 277 219 87 589 0 68.68 55.76 
55091 2469 192 277 219 87 588 0 68.70 55.79 
55269 2477 192 276 219 87 588 0 68.70 55.76 
55447 2477 192 276 219 87 588 2 68.68 55.76 
55625 2469 192 277 219 87 588 0 69.14 56.19 
55804 2477 193 277 220 87 589 0 69.14 55.78 
55982 2477 193 277 220 87 590 3 68.70 55.78 
56160 2477 193 277 220 87 589 0 68.68 55.66 
56338 2477 193 277 220 87 589 0 68.70 55.78 
56516 2469 192 277 219 87 589 3 68.68 55.64 
56694 2469 192 277 219 87 589 0 68.70 55.78 
56872 2469 192 277 219 87 589 0 68.68 55.76 
57050 2469 192 277 219 87 589 2 68.71 56.20 
57229 2477 192 276 219 87 588 0 68.71 55.78 
57407 2477 192 276 219 87 588 0 68.70 55.79 
57585 2477 192 276 219 87 588 0 68.68 55.76 
57763 2469 192 277 219 87 588 0 68.68 55.78 
57941 2469 192 277 219 87 589 0 68.68 55.76 
58119 2469 192 277 219 87 589 0 68.70 55.79 
58297 2469 192 277 219 87 589 0 68.70 55.78 
58475 2469 192 277 219 87 588 0 68.68 55.79 
58653 2477 192 276 219 87 588 0 69.14 55.76 
58832 2469 192 277 219 87 588 4 69.14 55.78 
59011 2477 193 277 220 87 589 0 68.70 55.76 
59189 2477 193 277 220 87 589 0 68.68 55.66 
59367 2477 193 277 220 87 589 2 68.68 55.79 
59545 2477 193 277 220 87 589 0 68.70 55.64 
59723 2469 192 277 219 87 589 0 69.14 55.76 
59901 2477 193 277 220 87 589 0 68.68 55.78 
60079 2469 192 277 219 87 589 0 68.70 55.78 
60257 2477 193 277 220 87 589 0 69.14 55.64 
60435 2469 192 277 219 87 589 0 68.70 55.64 
60613 2469 192 277 219 87 589 0 69.14 55.78 
60792 2477 193 277 220 87 589 0 68.68 55.66 
60970 2477 193 277 220 87 590 0 68.66 55.78 
61148 2469 193 278 220 87 591 3 68.68 55.79 
61326 2469 193 278 220 87 591 0 68.68 55.78 
61504 2483 194 278 221 88 592 0 68.68 55.78 
61682 2483 194 278 221 88 592 5 68.68 55.79 
61860 2483 194 278 221 88 592 0 68.68 55.78 
62038 2475 193 279 221 88 593 0 68.70 55.76 
62216 2481 194 280 222 89 595 7 68.68 55.78 
62394 2488 195 280 223 89 596 0 68.82 56.20 
62573 2488 195 280 223 89 596 0 68.68 55.76 
62751 2488 195 280 223 89 596 2 68.68 55.64 
62929 2488 195 280 223 89 596 0 68.70 55.78 
63107 2480 195 281 223 89 597 0 68.70 55.78 
63285 2486 194 281 223 90 597 0 68.70 56.20 
63464 2486 194 281 223 90 597 0 68.68 56.20 
63643 2494 196 281 224 90 598 0 68.70 55.76 
63821 2494 196 281 224 90 598 0 68.68 55.78 
63999 2486 196 282 224 90 599 6 68.70 55.66 
64177 2486 196 282 224 90 599 0 68.70 56.20 
64356 2493 197 282 225 90 600 0 68.70 55.76 
64534 2486 196 282 224 90 598 7 68.68 55.78 
64712 2480 195 281 223 89 597 0 68.75 56.19 
64891 2494 196 281 224 90 597 0 68.73 56.20 
65070 2486 194 281 223 90 597 0 68.70 56.20 
65249 2488 195 280 223 89 596 0 68.70 56.19 
65428 2481 194 280 222 89 595 0 68.71 56.20 
65607 2481 194 280 222 89 595 0 68.68 55.76 
65785 2488 195 280 223 89 595 4 68.71 55.78 
65963 2488 195 280 223 89 595 0 68.70 56.19 
66142 2480 195 281 223 89 596 0 68.68 55.64 
66320 2480 195 281 223 89 597 0 68.68 55.66 
66498 2480 195 281 223 89 596 0 68.68 55.64 
66676 2481 194 280 222 89 595 0 68.66 55.64 
66854 2481 194 280 222 89 595 0 68.68 55.78 
67032 2481 194 280 222 89 595 0 68.68 55.64 
67210 2481 194 280 222 89 595 0 68.68 55.64 
67388 2488 195 280 223 89 596 0 68.68 55.64 
67566 2486 194 281 223 90 597 1 68.68 55.64 
67744 2494 196 281 224 90 598 0 68.68 55.64 
67922 2494 196 281 224 90 598 0 68.68 55.64 
68100 2494 196 281 224 90 598 3 68.68 55.66 
68278 2494 196 281 224 90 598 0 68.68 55.76 
68456 2494 196 281 224 90 598 0 68.68 55.64 
68634 2486 196 282 224 90 598 6 68.66 55.64 
68812 2486 196 282 224 90 598 0 68.68 55.78 
68990 2486 196 282 224 90 598 0 68.68 55.64 
69168 2486 196 282 224 90 598 8 68.70 55.76 
69346 2486 196 282 224 90 599 0 68.68 55.78 
69524 2486 196 282 224 90 599 0 68.68 55.66 
69702 2486 196 282 224 90 599 6 68.68 55.66 
69880 2486 196 282 224 90 599 0 68.68 55.64 
70058 2486 196 282 224 90 599 0 68.70 55.64 
70236 2486 196 282 224 90 598 6 68.68 55.64 
70414 2486 196 282 224 90 599 0 68.68 55.76 
70592 2486 196 282 224 90 599 0 68.68 55.64 
70770 2486 196 282 224 90 598 3 68.68 55.76 
70948 2486 194 281 223 90 597 0 68.70 55.74 
71126 2486 194 281 223 90 597 0 68.68 55.64 
71304 2486 194 281 223 90 597 0 68.70 55.64 
71482 2494 196 281 224 90 598 0 68.68 55.64 
71660 2486 196 282 224 90 599 0 68.68 55.74 
71838 2486 196 282 224 90 599 0 68.68 56.20 
72017 2486 196 282 224 90 599 0 68.70 55.62 
72195 2486 196 282 224 90 599 0 68.68 55.76 
72373 2486 196 282 224 90 599 0 68.68 55.78 
72551 2493 197 282 225 90 600 2 68.70 55.66 
72729 2493 197 282 225 90 600 0 68.70 55.64 
72907 2493 197 282 225 90 600 0 68.68 55.64 
73085 2493 197 282 225 90 600 4 68.68 55.76 
73263 2493 197 282 225 90 600 0 68.68 55.64 
73441 2486 196 282 224 90 599 0 68.68 55.64 
73619 2493 197 282 225 90 599 6 68.70 55.64 
73797 2493 197 282 225 90 600 0 68.68 55.78 
73975 2493 197 282 225 90 600 0 68.68 55.64 
74153 2492 196 283 225 91 600 7 68.68 55.78 
74331 2492 196 283 225 91 601 0 68.70 55.76 
74509 2492 196 283 225 91 601 0 68.70 55.76 
74687 2492 196 283 225 91 601 6 68.68 55.78 
74865 2492 196 283 225 91 602 0 68.68 55.79 
75043 2492 196 283 225 91 601 0 68.68 55.78 
75221 2492 196 283 225 91 601 2 68.70 55.76 
75399 2492 196 283 225 91 601 0 69.14 55.76 
75578 2485 197 283 225 90 600 0 68.71 55.64 
75756 2486 196 282 224 90 599 0 68.68 55.78 
75934 2486 196 282 224 90 599 0 69.14 55.78 
76113 2486 196 282 224 90 599 0 68.70 55.64 
76291 2486 196 282 224 90 599 0 68.83 55.78 
76469 2486 196 282 224 90 599 0 68.97 55.78 
76647 2488 194 279 222 89 592 0 68.97 55.79 
76825 2490 190 276 219 89 586 0 68.99 55.76 
77003 2494 195 280 223 90 595 1 68.97 55.78 
77181 2494 195 280 223 90 596 0 68.97 55.76 
77359 2494 195 280 223 90 596 0 68.97 55.79 
77537 2486 194 281 223 90 596 2 68.97 55.78 
77715 2486 194 281 223 90 596 0 68.97 55.81 
77893 2486 194 281 223 90 597 0 68.95 55.78 
78071 2486 194 281 223 90 596 3 68.97 55.78 
78249 2486 194 281 223 90 597 0 68.95 55.79 
78427 2486 194 281 223 90 596 0 68.97 55.78 
78605 2486 194 281 223 90 596 2 68.97 55.79 
78783 2486 194 281 223 90 596 0 68.95 55.78 
78961 2486 194 281 223 90 596 0 68.97 55.76 
79139 2486 194 281 223 90 596 0 68.97 56.19 
79318 2486 194 281 223 90 597 0 68.97 55.79 
79496 2486 194 281 223 90 597 0 68.95 55.78 
79674 2486 194 281 223 90 596 0 68.99 55.78 
79852 2486 194 281 223 90 596 0 68.95 55.78 
80030 2486 194 281 223 90 596 0 68.99 55.78 
80208 2486 194 281 223 90 596 0 68.99 55.78 
80386 2486 194 281 223 90 596 0 68.99 55.78 
80564 2486 194 281 223 90 596 0 68.99 55.78 
80742 2486 194 281 223 90 596 0 68.95 56.20 
80921 2489 193 278 221 89 589 0 68.95 55.79 
81099 2489 193 278 221 89 591 0 68.97 55.78 
81277 2494 195 280 223 90 595 0 68.97 55.78 
81455 2494 196 281 224 90 597 4 68.97 55.78 
81633 2486 194 281 223 90 597 0 68.95 55.78 
81811 2486 196 282 224 90 598 0 68.97 55.76 
81989 2486 196 282 224 90 598 5 68.97 55.76 
82167 2492 195 282 224 91 599 0 68.99 55.76 
82345 2497 198 285 227 92 605 0 68.97 55.78 
82523 2503 197 285 227 93 605 4 68.54 55.79 
82701 2497 198 285 227 92 604 0 68.97 55.78 
82879 2497 198 285 227 92 605 0 68.95 56.20 
83058 2497 198 285 227 92 605 1 68.97 55.78 
83236 2497 198 285 227 92 605 0 68.93 55.79 
83414 2503 197 285 227 93 605 0 68.95 55.78 
83592 2503 197 285 227 93 605 0 68.97 55.79 
83770 2503 197 285 227 93 605 0 68.95 55.78 
83948 2503 197 285 227 93 605 0 68.97 56.61 
84127 2503 197 285 227 93 605 0 68.95 55.78 
84305 2503 197 285 227 93 605 0 68.99 56.19 
84484 2503 197 285 227 93 605 0 68.97 55.78 
84662 2503 197 285 227 93 605 0 68.97 55.78 
84840 2505 198 284 227 92 604 5 68.99 55.79 
85018 2498 197 284 226 92 603 0 68.97 56.73 
85197 2498 197 284 226 92 603 0 68.97 55.78 
85375 2505 198 284 227 92 604 0 68.95 55.78 
85553 2497 198 285 227 92 604 0 68.95 55.76 
85731 2503 197 285 227 93 605 0 68.97 56.19 
85910 2503 197 285 227 93 605 0 68.95 55.78 
86088 2503 197 285 227 93 605 0 68.97 55.78 
86266 2503 197 285 227 93 605 0 68.95 55.79 
86444 2503 197 285 227 93 605 0 68.97 55.79 
86622 2503 197 285 227 93 604 0 68.97 55.78 
86800 2503 197 285 227 93 605 0 68.95 56.19 
86979 2503 197 285 227 93 605 0 68.97 55.78 
87157 2503 197 285 227 93 604 4 68.97 56.20 
87336 2503 197 285 227 93 604 0 68.97 56.19 
87515 2503 197 285 227 93 605 0 68.95 55.79 
87693 2503 197 285 227 93 605 0 68.95 55.78 
87871 2503 197 285 227 93 605 0 68.99 56.17 
88050 2497 198 285 227 92 605 0 68.97 56.17 
88229 2497 198 285 227 92 604 0 68.54 56.17 
88407 2497 198 285 227 92 604 4 68.99 55.76 
88585 2497 198 285 227 92 605 0 68.54 55.78 
88763 2503 197 285 227 93 606 0 68.97 55.78 
88941 2497 198 285 227 92 605 8 68.97 56.19 
89120 2497 198 285 227 92 604 0 68.83 55.78 
89298 2497 198 285 227 92 605 0 68.83 55.78 
89476 2497 198 285 227 92 605 5 69.22 55.76 
89655 2497 198 285 227 92 605 0 68.82 55.76 
89833 2497 198 285 227 92 605 0 69.24 55.78 
90012 2497 198 285 227 92 605 0 68.83 55.78 
90190 2497 198 285 227 92 605 0 68.83 55.76 
90368 2497 198 285 227 92 606 0 67.98 55.33 
90546 2497 198 285 227 92 604 0 52.72 50.93 
90723 2507 194 281 224 92 597 0 49.86 49.91 
90900 2651 103 155 125 60 332 0 61.57 49.10 
91078 4025 30 49 45 33 119 0 61.42 49.10 
91256 4132 29 48 44 33 117 0 61.44 49.08 
91434 4132 29 48 44 33 118 0 61.44 49.08 
91612 4132 29 48 44 33 118 0 61.73 51.61 
91790 4132 29 48 44 33 118 0 61.57 48.93 
91968 4132 29 48 44 33 117 0 61.59 55.90 
92146 4132 29 48 44 33 117 0 61.57 48.93 
92324 4132 29 48 44 33 117 0 61.03 48.89 
92502 4132 29 48 44 33 117 0 60.20 49.25 
92680 4132 29 48 44 33 117 0 59.65 49.10 
92858 4132 29 48 44 33 116 0 58.09 46.38 
93035 4112 31 48 45 33 119 0 56.13 45.99 
93212 3836 90 130 123 84 333 0 55.59 56.20 
93390 4143 34 52 49 36 131 0 55.73 57.99 
93568 4159 31 49 46 34 124 0 55.73 57.43 
93746 4722 34 52 51 40 140 0 54.40 55.76 
93924 4851 35 52 52 41 144 0 49.84 50.27 
94101 4291 32 49 47 35 128 0 47.45 39.01 
94277 3978 30 48 44 32 119 6 35.68 39.03 
94453 4025 30 49 45 33 121 0 35.68 46.00 
94629 4181 30 49 45 34 121 0 44.66 45.00 
94805 4159 31 49 46 34 122 0 43.49 43.81 
94981 4112 31 48 45 33 120 0 30.82 31.55 
95156 4025 30 49 45 33 120 0 28.48 28.97 
95331 4130 36 55 52 38 139 0 26.45 28.95 
95505 4190 107 152 149 107 405 0 25.58 29.22 
95679 13006 50 77 93 98 263 1 25.60 29.22 
95853 15768 46 72 90 98 254 0 25.60 29.22 
96027 15768 46 72 90 98 255 5 25.60 29.22 
96201 15768 46 72 90 98 255 0 25.60 29.22 
96375 15768 46 72 90 98 255 0 25.60 29.24 
96549 15768 46 72 90 98 255 0 26.47 29.22 
96723 15768 46 72 90 98 254 0 26.74 29.22 
96897 16858 45 71 89 98 253 0 25.04 28.14 
97071 18107 44 70 88 98 251 0 23.02 23.83 
97245 28008 39 64 84 99 241 6 34.94 29.22 
97420 17249 36 61 74 82 210 0 34.68 35.62 
97595 24502 38 63 81 94 232 5 34.42 35.85 
97770 29396 37 62 81 96 236 0 34.42 35.85 
97945 29396 37 62 81 96 235 4 32.62 33.34 
98120 29396 37 62 81 96 237 0 29.02 28.97 
98295 5847 32 50 51 44 140 0 27.90 27.86 
98469 4176 29 46 43 32 115 0 26.47 28.15 
98643 4018 30 46 43 31 114 0 26.47 28.41 
98817 3969 29 45 42 30 112 0 26.47 27.57 
98991 3980 28 45 41 30 112 0 26.47 27.85 
99165 3980 28 45 41 30 112 0 25.31 28.97 
99339 3980 28 45 41 30 111 0 25.02 27.00 
99513 3920 29 44 41 29 111 5 22.17 23.26 
99687 4076 28 44 41 30 111 0 19.64 21.18 
99861 4127 28 45 42 31 112 0 19.94 22.69 
100035 3969 29 45 42 30 112 0 796.21 313.60 
100271 3928 27 44 40 29 110 0 310.28 37.67 
100463 3870 28 43 40 28 109 0 309.01 794.72 
100699 3870 28 43 40 28 109 0 157.90 23.27 
100881 3966 34 51 48 34 131 4 17.41 19.60 
101054 3712 126 181 170 113 465 0 17.41 19.91 
101227 3656 108 161 148 99 408 0 156.67 108.00 
101414 3786 62 91 85 58 233 0 796.16 153.27 
101641 3969 29 45 42 30 115 0 168.76 358.21 
101843 3969 29 45 42 30 115 0 108.70 146.90 
102029 3880 29 46 42 30 116 0 796.09 107.47 
102253 4018 30 46 43 31 117 0 106.20 104.82 
102437 3880 29 46 42 30 117 0 99.93 101.52 
102620 3980 28 45 41 30 114 0 96.90 98.48 
102803 3920 29 44 41 29 111 0 94.42 110.25 
102986 3980 28 45 41 30 112 0 95.20 329.99 
103182 4136 40 56 55 39 149 0 91.31 94.88 
103364 9624 39 74 76 77 205 0 78.30 76.38 
103544 5419 86 117 126 102 346 0 107.13 69.12 
103726 5157 100 137 145 115 398 0 76.69 91.80 
103907 4499 121 166 169 125 462 0 76.86 72.66 
104087 4833 111 164 164 129 457 0 71.81 69.36 
104266 18030 34 57 69 77 199 0 72.10 73.88 
104446 8875 29 49 53 52 151 0 67.34 69.84 
104625 3969 29 45 42 30 115 0 64.51 62.05 
104804 3880 29 46 42 30 117 0 64.09 63.72 
104983 3880 29 46 42 30 116 0 63.80 61.22 
105162 3880 29 46 42 30 116 0 81.12 79.68 
105343 3880 29 46 42 30 116 0 77.40 76.13 
105523 3969 29 45 42 30 115 0 72.35 75.79 
105703 3830 28 45 41 29 114 2 69.05 56.05 
105882 3969 29 45 42 30 114 0 61.44 58.28 
106060 3969 29 45 42 30 114 0 63.68 58.28 
106238 3980 28 45 41 30 113 0 63.65 69.29 
106417 3980 28 45 41 30 113 0 57.53 53.82 
106595 3830 28 45 41 29 111 0 55.57 77.25 
106774 3980 28 45 41 30 112 0 50.69 66.76 
106952 4076 37 54 52 37 141 0 49.33 55.51 
107129 36215 65533 171 49 35 437 0 47.46 49.25 
107306 3875 30 46 43 30 116 0 50.52 43.40 
107483 3875 30 46 43 30 116 0 44.06 42.19 
107659 4018 30 46 43 31 117 0 35.68 42.98 
107835 3969 29 45 42 30 115 0 83.52 94.49 
108017 4107 30 45 43 31 117 0 104.89 94.33 
108200 12218 33 55 63 66 181 0 105.42 95.17 
108383 16597 34 57 69 76 200 0 91.83 93.86 
108565 15348 35 57 69 75 198 0 90.32 93.38 
108747 15348 35 57 69 75 198 0 103.46 104.46 
108930 10663 34 54 62 63 176 0 102.75 103.12 
109113 4839 31 47 47 37 130 0 91.68 99.94 
109295 4018 30 46 43 31 120 0 75.97 78.08 
109475 3969 29 45 42 30 115 0 71.81 83.47 
109655 6422 32 49 52 46 146 0 77.04 83.27 
109836 26838 38 62 81 95 237 0 73.13 73.81 
110016 18223 44 69 88 98 254 0 72.88 88.54 
110197 6617 75 113 121 108 340 0 93.26 88.62 
110379 5456 29 48 47 40 134 2 99.30 100.37 
110562 3969 29 45 42 30 115 0 97.70 97.97 
110745 3980 28 45 41 30 114 0 100.54 100.11 
110928 3980 28 45 41 30 114 0 102.95 102.24 
111111 3980 28 45 41 30 114 0 103.48 103.39 
111294 3969 29 45 42 30 115 0 103.38 102.58 
111477 3880 29 46 42 30 116 0 105.32 107.01 
111661 3880 29 46 42 30 116 0 107.01 102.32 
111844 3880 29 46 42 30 116 0 86.17 101.98 
112026 3969 29 45 42 30 115 0 102.07 101.66 
112209 3969 29 45 42 30 115 0 101.25 102.51 
112392 3969 29 45 42 30 115 0 100.35 101.22 
112575 3969 29 45 42 30 115 0 100.62 100.66 
112758 3969 29 45 42 30 115 0 102.76 100.91 
112941 3969 29 45 42 30 115 0 72.61 75.22 
113121 3969 29 45 42 30 115 0 71.43 71.94 
113301 3980 28 45 41 30 114 0 68.41 70.19 
113480 3920 29 44 41 29 112 0 93.72 95.18 
113662 5770 31 48 49 42 136 0 93.96 95.29 
113844 22303 35 60 74 85 217 2 93.01 82.42 
114025 24075 34 61 75 87 220 0 91.34 92.07 
114207 25840 35 61 77 90 226 0 84.13 86.07 
114388 12218 33 55 63 66 181 0 57.41 81.89 
114567 4013 56 83 79 56 217 0 76.67 78.01 
114747 4018 30 46 43 31 118 0 73.68 74.80 
114927 4908 30 47 46 37 128 0 71.01 59.81 
115106 4302 28 45 42 32 117 0 71.11 71.98 
115286 3969 29 45 42 30 115 0 71.09 56.05 
115465 3969 29 45 42 30 115 0 70.12 55.64 
115644 3969 29 45 42 30 115 0 65.93 68.97 
115823 3980 28 45 41 30 113 0 49.01 58.00 
116000 3846 60 88 83 57 228 0 48.99 55.91 
116177 3920 29 44 41 29 113 0 70.11 55.91 
116356 3920 29 44 41 29 112 0 49.33 55.64 
116533 3920 29 44 41 29 112 0 52.55 55.91 
116711 3920 29 44 41 29 112 0 40.70 42.81 
116887 3920 29 44 41 29 113 0 36.36 37.89 
117063 3969 29 45 42 30 115 0 39.32 37.43 
117239 3830 28 45 41 29 112 1 49.50 50.63 
117416 3830 28 45 41 29 113 0 50.18 49.93 
117593 3880 29 46 42 30 116 0 50.17 49.44 
117770 3880 29 46 42 30 117 0 50.18 49.42 
117947 3880 29 46 42 30 117 0 50.18 49.42 
118124 3880 29 46 42 30 117 0 50.18 49.42 
118301 3875 30 46 43 30 117 0 50.18 49.91 
118478 3875 30 46 43 30 117 0 50.18 49.93 
118655 3875 30 46 43 30 117 0 53.41 51.97 
118832 3880 29 46 42 30 117 4 53.91 52.12 
119009 3880 29 46 42 30 116 0 54.57 53.16 
119186 3929 29 47 43 31 118 0 54.94 55.78 
119364 4018 30 46 43 31 117 0 54.91 55.35 
119542 3887 37 55 52 36 141 0 55.88 55.91 
119720 3997 41 61 58 41 159 0 56.44 56.19 
119898 3750 109 160 149 101 409 0 56.56 56.44 
120076 3688 124 179 167 111 457 0 56.83 56.88 
120254 3793 85 119 114 76 310 0 57.53 57.43 
120432 4018 30 46 43 31 117 0 61.15 61.74 
120610 4032 28 46 42 31 116 0 65.48 66.20 
120789 2232 26 84 52 38 169 0 65.06 66.62 
120968 2335 27 82 52 38 167 0 65.06 67.03 
121147 3674 30 50 44 31 123 0 65.06 65.79 
121326 3593 30 51 44 31 124 0 56.29 67.30 
121504 3969 29 45 42 30 115 0 49.33 46.95 
121681 4018 30 46 43 31 117 0 49.33 49.57 
121858 4018 30 46 43 31 117 0 48.82 46.95 
122035 4018 30 46 43 31 118 2 48.82 46.78 
122212 3978 30 48 44 32 120 0 48.82 46.77 
122389 3890 30 49 44 32 122 0 48.82 46.77 
122566 3890 30 49 44 32 122 0 48.84 46.77 
122743 3885 31 49 45 32 122 0 48.84 46.78 
122920 3885 31 49 45 32 122 0 48.84 46.77 
123097 3885 31 49 45 32 122 0 48.84 47.77 
123274 3885 31 49 45 32 122 0 49.33 47.97 
123451 3575 31 56 47 34 132 3 49.16 48.74 
123628 2200 29 93 57 42 184 0 48.99 49.42 
123805 2104 28 97 58 43 190 0 49.16 49.42 
123982 1670 25 160 75 56 281 0 51.20 54.84 
124159 1669 39 181 94 68 335 0 50.01 52.97 
124336 2159 63 194 119 84 390 1 50.52 51.12 
124513 1740 24 164 75 56 286 0 56.71 55.78 
124691 1740 24 164 75 56 286 0 57.54 54.16 
124869 1740 24 164 75 56 287 3 57.10 51.12 
125047 1762 23 165 75 56 287 0 54.89 49.27 
125224 1740 24 164 75 56 287 0 52.22 49.08 
125401 1691 25 118 62 46 218 0 50.69 48.93 
125578 3969 29 45 42 30 114 0 49.50 55.62 
125755 3969 29 45 42 30 115 0 49.33 49.42 
125932 3969 29 45 42 30 115 0 49.01 49.78 
126109 2883 28 67 48 35 145 0 51.54 56.05 
126286 1848 26 104 58 43 199 2 55.86 55.78 
126464 1739 24 166 76 57 290 0 66.47 56.88 
126642 1733 26 175 80 59 306 0 55.59 56.05 
126820 1767 25 174 79 59 304 2 55.86 68.03 
126998 1791 24 175 79 59 305 0 54.08 55.91 
127176 1791 24 175 79 59 305 0 62.85 58.12 
127354 1697 27 177 82 61 312 0 52.38 55.64 
127532 1645 29 179 85 63 319 0 44.27 42.43 
127708 1725 25 172 79 59 301 0 49.16 42.21 
127885 1785 23 168 76 57 292 0 45.66 41.53 
128061 1785 23 168 76 57 293 0 70.38 42.23 
128239 1739 24 166 76 57 291 10 49.01 38.13 
128415 1678 23 152 71 53 268 0 39.32 36.99 
128591 1805 27 109 60 44 207 0 39.08 37.45 
128767 1759 25 111 60 45 209 0 55.25 51.46 
128944 1641 24 147 70 52 260 0 55.57 57.32 
129122 1784 23 170 77 58 296 0 54.74 55.51 
129300 1792 24 173 78 58 300 0 45.07 55.49 
129477 1767 25 174 79 59 303 0 43.26 49.27 
129654 1653 26 161 76 56 286 3 49.16 49.25 
129831 1657 25 161 76 57 286 0 52.55 49.61 
130008 1972 56 194 113 80 381 0 55.42 53.99 
130186 3438 158 232 210 133 578 0 57.39 56.20 
130364 3901 57 79 77 52 207 0 61.03 56.47 
130542 3967 32 48 45 32 122 0 71.43 69.56 
130721 4066 30 47 44 32 120 0 72.27 69.55 
130900 3929 29 47 43 31 118 0 71.82 69.39 
131079 4057 33 50 47 34 129 0 68.14 65.65 
131258 3653 116 160 152 98 413 0 65.33 62.31 
131437 3604 180 255 238 154 650 0 64.77 62.31 
131616 3619 178 260 240 158 655 0 75.26 61.64 
131795 3694 116 169 157 105 425 0 64.92 60.50 
131974 4053 47 69 66 47 177 0 63.41 58.70 
132152 3909 54 79 75 52 200 0 69.22 87.29 
132332 4025 30 49 45 33 122 0 65.50 68.56 
132511 3978 30 48 44 32 117 0 66.47 83.88 
132691 4132 29 48 44 33 118 0 65.35 84.69 
132871 4057 33 50 47 34 125 1 62.12 86.46 
133051 4008 34 52 49 35 130 0 57.68 55.64 
133229 3802 98 139 132 89 357 0 53.74 53.82 
133406 4072 31 50 46 34 123 1 177.89 50.95 
133591 4129 75 105 103 73 273 0 236.76 49.44 
133779 4035 110 156 151 106 404 0 233.02 167.09 
133974 3902 127 181 173 119 465 0 234.70 48.94 
134162 3627 137 194 182 118 490 0 116.67 45.19 
134343 3933 106 143 141 95 378 0 113.93 44.40 
134523 4085 91 120 121 83 323 2 113.95 44.79 
134703 4082 93 123 124 85 332 0 46.46 43.81 
134879 4001 103 139 138 94 371 0 111.03 42.01 
135059 3941 90 128 123 85 331 0 67.42 54.67 
135237 3831 129 186 176 120 478 0 93.16 55.78 
135417 3837 102 147 139 95 378 0 91.58 68.71 
135598 3904 44 56 57 37 147 0 92.65 60.23 
135778 3969 29 45 42 30 115 0 92.38 58.55 
135958 4032 28 46 42 31 115 0 93.01 56.61 
136138 3969 29 45 42 30 114 0 95.49 55.62 
136318 3950 35 48 47 32 125 0 89.45 58.14 
136498 3936 40 51 52 34 135 0 86.33 73.75 
136679 3868 41 52 53 34 136 5 101.27 55.91 
136859 3794 57 61 67 39 163 0 100.71 102.07 
137042 3781 66 66 75 42 180 0 100.45 103.38 
137225 3929 29 47 43 31 119 0 101.51 66.49 
137406 3929 29 47 43 31 118 0 107.53 105.32 
137590 3969 29 45 42 30 115 0 107.36 96.17 
137773 3969 29 45 42 30 115 0 108.19 103.67 
137957 3969 29 45 42 30 115 0 106.22 91.97 
138140 3969 29 45 42 30 115 0 104.19 95.78 
138323 3809 51 56 61 36 152 0 103.65 97.48 
138506 3769 56 60 66 38 163 0 103.63 98.29 
138689 3788 53 58 63 37 157 0 104.06 97.92 
138872 3788 53 58 63 37 157 0 103.92 92.67 
139055 3788 53 58 63 37 157 0 103.48 98.36 
139238 3865 43 52 54 34 139 0 101.17 65.54 
139419 4005 31 46 44 31 119 1 95.86 71.20 
139600 3969 29 45 42 30 115 0 92.24 64.84 
139780 3831 64 93 88 60 240 0 89.01 86.96 
139962 3880 29 46 42 30 117 0 86.26 86.58 
140143 3958 33 48 46 32 124 0 84.68 84.44 
140324 3732 105 87 110 54 251 0 83.32 83.03 
140505 3838 50 57 61 37 153 0 83.52 57.85 
140684 3868 41 52 53 34 137 0 83.42 58.02 
140863 3871 40 52 52 34 137 0 79.08 69.84 
141043 3969 29 45 42 30 116 0 64.09 69.75 
141222 3859 55 80 76 52 207 0 56.71 55.91 
141400 3860 50 55 60 36 151 0 65.21 70.74 
141579 3736 98 82 103 51 236 0 67.15 62.03 
141758 3765 105 84 109 53 245 0 67.17 65.09 
141937 3729 106 84 109 52 245 0 75.45 65.11 
142116 3729 106 84 109 52 245 0 60.45 62.76 
142294 3742 105 85 109 53 246 0 192.58 59.13 
142480 3752 103 83 107 52 241 0 161.65 54.99 
142664 3721 108 86 111 53 250 0 156.47 55.66 
142848 3744 107 121 128 76 326 0 49.33 48.74 
143025 3871 36 49 48 32 127 1 46.65 49.45 
143202 3920 29 44 41 29 111 0 46.26 55.52 
143379 3806 43 53 54 34 138 0 65.35 47.57 
143557 3734 95 82 101 51 232 0 36.13 37.21 
143732 3739 99 85 105 53 240 0 95.47 61.47 
143912 3729 113 92 117 57 263 0 89.98 58.28 
144092 3726 118 97 123 60 272 2 62.70 53.31 
144270 3694 119 97 123 59 277 0 55.86 55.78 
144448 3790 131 119 143 76 336 0 56.98 51.80 
144626 3717 192 261 251 163 673 3 56.00 49.61 
144803 3806 169 212 214 136 560 0 55.61 43.03 
144980 3795 132 114 141 73 326 0 55.74 56.90 
145158 3771 130 109 137 69 314 0 54.93 49.27 
145335 3773 123 101 129 64 291 0 52.05 51.46 
145512 3750 119 99 125 62 283 0 49.16 47.97 
145689 3766 109 95 117 60 266 0 46.48 35.63 
145865 3923 54 63 67 42 166 0 43.28 46.00 
146041 4118 32 51 47 35 126 0 74.48 62.58 
146220 4118 32 51 47 35 125 0 77.59 69.75 
146400 4118 32 51 47 35 125 0 90.61 61.49 
146580 4072 31 50 46 34 124 0 74.10 57.31 
146759 4159 31 49 46 34 123 14 73.32 70.53 
146939 4057 33 50 47 34 126 4 69.33 55.62 
147118 3846 105 90 113 59 257 0 82.79 58.70 
147297 3803 119 98 125 63 281 0 63.26 63.43 
147476 3892 92 84 102 56 235 0 61.86 55.91 
147654 4089 60 81 81 56 213 0 78.29 66.64 
147834 3710 164 234 220 146 597 0 77.49 79.66 
148014 3723 162 230 217 144 590 0 77.67 79.73 
148194 3661 157 226 211 139 577 0 75.80 63.72 
148373 3724 84 126 116 79 318 0 57.68 59.11 
148551 4025 30 49 45 33 120 0 54.26 53.48 
148728 2887 75 108 92 48 243 1 49.18 49.10 
148905 2509 199 287 229 94 610 0 48.45 48.76 
149082 3129 58 88 76 45 202 0 48.47 48.77 
149259 3895 38 58 54 38 142 11 48.45 48.76 
149436 3895 38 58 54 38 142 0 48.45 48.77 
149613 3895 38 58 54 38 142 0 48.45 48.74 
149790 3895 38 58 54 38 142 0 48.84 48.35 
149967 3789 39 58 54 37 142 0 48.82 48.37 
150144 3789 39 58 54 37 142 5 48.82 48.37 
150321 3789 39 58 54 37 142 0 48.82 48.35 
150498 3789 39 58 54 37 141 0 48.84 48.77 
150675 3789 39 58 54 37 142 0 48.84 48.37 
150852 3789 39 58 54 37 142 0 48.82 48.76 
151029 3789 39 58 54 37 142 3 48.84 48.76 
151206 3895 38 58 54 38 142 0 48.86 48.76 
151383 3895 38 58 54 38 142 0 48.43 48.77 
151560 3895 38 58 54 38 143 0 48.84 48.76 
151737 3895 38 58 54 38 143 0 48.45 48.77 
151914 3789 39 58 54 37 142 0 48.82 48.37 
152091 3818 37 56 52 36 139 0 48.43 48.77 
152268 3714 38 56 52 35 138 0 48.82 48.35 
152445 3780 38 55 52 35 137 7 48.43 48.76 
152622 3780 37 55 51 35 137 0 48.43 48.76 
152799 3780 37 55 51 35 137 5 48.43 48.37 
152976 3780 37 55 51 35 137 0 48.84 48.76 
153153 3780 37 55 51 35 137 0 48.82 48.37 
153330 3780 37 55 51 35 137 3 48.82 48.76 
153507 3780 37 55 51 35 137 0 48.84 48.76 
153684 3780 37 55 51 35 137 0 48.86 48.76 
153861 3780 37 55 51 35 137 2 48.43 48.77 
154038 3780 37 55 51 35 137 0 48.45 48.76 
154215 3780 38 55 52 35 137 0 48.43 48.76 
154392 3714 38 56 52 35 138 0 48.45 48.77 
154569 3780 38 55 52 35 137 0 48.43 48.77 
154746 3780 37 55 51 35 137 7 48.43 48.77 
154923 3780 38 55 52 35 137 0 48.45 48.35 
155100 3714 38 56 52 35 138 0 48.84 48.77 
155277 3818 37 56 52 36 139 0 48.43 48.76 
155454 3789 39 58 54 37 142 0 48.43 48.77 
155631 3818 37 56 52 36 139 3 48.43 48.77 
155808 3818 37 56 52 36 138 0 48.43 48.76 
155985 3818 37 56 52 36 139 0 48.43 48.37 
156162 3818 37 56 52 36 139 2 48.43 48.76 
156339 3789 39 58 54 37 142 0 48.43 48.38 
156516 3895 38 58 54 38 143 0 48.84 48.76 
156693 3825 39 59 55 38 143 0 48.82 48.37 
156870 3825 39 59 55 38 144 0 48.82 48.38 
157047 3825 39 59 55 38 144 7 48.82 48.37 
157224 3825 39 59 55 38 144 0 48.82 48.77 
157401 3825 39 59 55 38 144 0 48.82 48.37 
157578 3825 39 59 55 38 144 0 48.81 48.38 
157755 3825 39 59 55 38 144 0 48.82 48.38 
157932 3825 39 59 55 38 144 2 48.84 48.37 
158109 3825 39 59 55 38 144 0 48.84 48.37 
158286 3825 39 59 55 38 144 0 48.84 48.76 
158463 3825 39 59 55 38 144 3 48.43 48.35 
158640 3825 39 59 55 38 143 0 48.45 48.77 
158817 3825 39 59 55 38 143 0 48.45 48.74 
158994 3895 38 58 54 38 143 0 48.43 48.76 
159171 3895 38 58 54 38 143 0 48.43 48.76 
159348 3895 38 58 54 38 143 0 48.45 48.77 
159525 3895 38 58 54 38 142 0 48.43 48.35 
159702 3895 38 58 54 38 142 0 48.45 48.74 
159879 3789 39 58 54 37 142 4 48.84 48.77 
160056 3789 39 58 =~=~=~=~=~=~=~=~=~=~=~= PuTTY log 2025.11.26 14:16:38 =~=~=~=~=~=~=~=~=~=~=~=
249441 3825 39 59 55 38 144 2 48.84 48.77 
249618 3825 39 59 55 38 144 0 48.86 48.76 
249795 3825 39 59 55 38 144 0 48.45 48.77 
249972 3825 39 59 55 38 144 0 48.84 48.77 
250149 3825 39 59 55 38 144 0 48.84 48.76 
250326 3825 39 59 55 38 144 8 48.84 48.76 
250503 3825 39 59 55 38 144 0 48.84 48.77 
250680 3825 39 59 55 38 144 0 48.82 48.35 
250857 3825 39 59 55 38 144 0 48.84 48.77 
251034 3825 39 59 55 38 144 0 48.82 48.35 
251211 3825 39 59 55 38 144 2 48.45 48.77 
251388 3825 39 59 55 38 144 0 48.82 48.77 
251565 3825 39 59 55 38 144 0 48.86 48.37 
251742 3825 39 59 55 38 144 5 48.84 48.35 
251919 3825 39 59 55 38 144 1 48.84 48.37 
252096 3825 39 59 55 38 144 0 48.47 48.76 
252273 3825 39 59 55 38 144 0 48.86 48.37 
252450 3825 39 59 55 38 144 0 48.84 48.76 
252627 3825 39 59 55 38 144 6 48.43 48.77 
252804 3825 39 59 55 38 144 0 48.84 48.77 
252981 3825 39 59 55 38 144 0 48.45 48.35 
253158 3825 39 59 55 38 144 1 48.84 48.37 
253335 3825 39 59 55 38 144 0 48.45 48.35 
253512 3825 39 59 55 38 144 0 48.84 48.37 
253689 3825 39 59 55 38 144 0 48.84 48.77 
253866 3825 39 59 55 38 144 0 48.84 48.77 
254043 3825 39 59 55 38 144 8 48.86 48.77 
254220 3825 39 59 55 38 144 0 48.86 48.77 
254397 3825 39 59 55 38 144 0 48.84 48.77 
254574 3825 39 59 55 38 143 0 48.84 48.77 
254751 3789 39 58 54 37 142 0 48.45 48.76 
254928 3789 39 58 54 37 142 3 48.84 48.37 
255105 3789 39 58 54 37 142 0 48.86 48.37 
255282 3789 39 58 54 37 142 0 48.84 48.76 
255459 3789 39 58 54 37 142 20 48.82 48.35 
255636 3789 39 58 54 37 142 0 48.84 48.37 
255813 3789 39 58 54 37 142 0 48.84 48.37 
255990 3825 39 59 55 38 143 0 48.43 48.77 
256167 3825 39 59 55 38 143 0 48.45 49.61 
256344 3827 38 59 54 38 143 7 48.86 48.77 
256521 3825 39 59 55 38 143 0 48.43 48.77 
256698 3825 39 59 55 38 143 0 48.84 49.27 
256875 3825 39 59 55 38 143 3 48.82 48.77 
257052 3825 39 59 55 38 143 0 48.43 48.76 
257229 3963 38 57 54 38 141 0 48.99 49.28 
257406 3736 41 62 57 39 150 0 49.50 8.74 
257581 3425 47 70 63 40 166 0 49.01 49.76 
257758 3455 47 71 64 41 169 0 48.64 49.78 
257935 3425 47 70 63 40 166 0 48.64 49.78 
258112 3425 47 70 63 40 166 4 48.99 49.78 
258289 3425 47 70 63 40 166 0 48.64 49.78 
258466 3425 47 70 63 40 165 0 49.18 49.10 
258643 3455 47 71 64 41 169 8 49.18 49.10 
258820 3263 54 80 71 43 185 0 49.50 50.95 
258997 2941 68 103 87 48 230 0 50.01 49.78 
259174 2495 158 241 188 82 505 0 49.50 50.44 
259351 2500 161 244 191 83 511 0 49.52 50.97 
259528 2499 154 236 184 81 494 3 49.50 50.44 
259705 2499 154 236 184 81 494 0 49.50 50.46 
259882 2499 154 236 184 81 494 0 49.52 50.95 
260059 2499 154 236 184 81 494 7 49.52 50.95 
260236 2509 156 236 185 81 495 0 49.84 63.27 
260414 2505 157 239 187 82 502 0 54.06 55.78 
260592 2541 167 246 196 85 518 6 0.00 31.02 
260765 2854 88 133 111 59 278 0 56.00 49.44 
260942 2651 118 175 142 67 368 9 69.34 55.78 
261121 2521 178 258 206 86 549 0 69.34 55.79 
261300 2509 179 262 208 87 556 0 69.33 55.76 
261479 2512 178 259 206 86 550 2 69.24 57.03 
261658 2507 182 264 210 87 561 0 43.30 55.33 
261835 2507 182 264 210 87 561 0 0.00 56.19 
263007 2508 180 263 209 87 558 0 0.00 57.05 
264179 2508 180 263 209 87 558 0 0.00 57.48 
265351 2508 180 263 209 87 559 0 0.00 56.61 
266523 2508 180 263 209 87 559 0 0.00 57.05 
267695 2496 178 260 206 85 553 0 0.00 56.59 
268867 2489 177 259 205 84 550 0 0.00 57.03 
270039 2489 177 259 205 84 551 0 0.00 56.63 
271211 2489 177 259 205 84 551 0 0.00 56.61 
272383 2491 179 258 205 83 550 0 0.00 56.61 
273555 2491 179 258 205 83 550 0 0.00 56.61 
274727 2498 178 258 205 84 550 0 0.00 57.03 
275899 2489 177 259 205 84 551 0 0.00 57.03 
277071 2504 180 260 207 85 554 2 0.00 56.59 
278243 2508 180 263 209 87 558 0 0.00 57.03 
279415 2502 180 262 208 86 557 0 0.00 57.05 
280587 2511 179 260 207 86 552 4 0.00 56.61 
281759 2511 179 260 207 86 553 0 0.00 56.61 
282931 2514 177 257 205 85 547 0 0.00 54.49 
284103 2506 196 282 225 92 599 0 0.00 48.93 
285275 4132 29 48 44 33 117 0 0.00 49.08 
286447 3806 69 103 96 66 259 0 0.00 43.44 
287618 4025 30 49 45 33 120 0 0.00 44.01 
288790 5190 30 48 47 39 131 0 0.00 31.28 
289961 3978 30 48 44 32 117 0 0.00 23.27 
291131 4066 30 47 44 32 116 0 0.00 19.92 
292301 3741 74 108 101 68 277 0 0.00 109.14 
293476 3969 29 45 42 30 115 0 0.00 96.47 
294651 3920 29 44 41 29 110 0 0.00 64.28 
295824 8457 32 51 56 54 158 0 0.00 81.99 
296998 3980 28 45 41 30 114 0 0.00 56.20 
298170 19105 35 59 72 81 209 0 0.00 38.81 
299341 16092 44 69 86 94 248 0 0.00 59.96 
300513 25655 37 60 78 91 225 0 0.00 78.10 
301687 3969 29 45 42 30 116 0 0.00 106.47 
302862 5057 31 47 47 38 131 0 0.00 72.23 
304035 3830 28 45 41 29 113 0 0.00 106.52 
305210 3870 28 43 40 28 109 0 0.00 54.84 
306382 3969 29 45 42 30 115 0 0.00 70.57 
307555 3886 83 116 112 76 305 0 0.00 34.37 
308726 3920 29 44 41 29 113 0 0.00 45.61 
309898 1672 26 123 64 47 230 0 0.00 50.44 
311070 3880 29 46 42 30 117 0 0.00 59.24 
312242 3748 78 111 105 70 285 0 0.00 60.66 
313415 4018 30 46 43 31 116 0 0.00 61.18 
314588 3969 29 45 42 30 115 0 0.00 45.80 
315760 1733 23 157 72 54 275 0 0.00 53.31 
316932 3553 107 164 147 98 408 0 0.00 53.81 
318104 3306 147 247 208 138 593 0 0.00 60.52 
319276 3555 138 192 180 114 487 0 0.00 65.54 
320449 3946 65 87 86 58 233 0 0.00 76.04 
321622 3719 134 195 182 122 492 0 0.00 180.64 
322802 3813 121 165 160 106 433 0 0.00 66.66 
323975 3824 75 71 84 46 198 0 0.00 91.07 
325149 3969 29 45 42 30 115 0 0.00 104.35 
326324 4018 30 46 43 31 118 0 0.00 107.12 
327499 3920 29 44 41 29 112 0 0.00 104.21 
328674 3880 29 46 42 30 116 0 0.00 85.66 
329848 3921 31 47 44 31 120 0 0.00 92.06 
331022 3969 29 45 42 30 114 0 0.00 61.37 
332195 3830 28 45 41 29 114 0 0.00 96.42 
333370 3873 47 69 65 45 178 0 0.00 61.64 
334543 4018 30 46 43 31 116 0 0.00 75.33 
335716 3865 56 61 67 40 165 0 0.00 72.74 
336889 4118 32 51 47 35 125 0 0.00 59.96 
38061 2500 196 282 225 91 599 0 0.00 60.37 
339233 2486 194 281 223 90 597 0 0.00 59.96 
340405 2488 195 280 223 89 595 0 0.00 59.98 
341577 2481 194 280 222 89 595 0 0.00 59.98 
342749 2481 194 280 222 89 595 0 0.00 62.59 
343922 2488 195 280 223 89 596 0 0.00 59.96 
345094 2494 196 281 224 90 598 0 0.00 60.38 
346266 2480 195 281 223 89 597 0 0.00 59.96 
347438 2482 195 279 222 88 594 0 0.00 59.53 
348610 2482 195 279 222 88 594 0 0.00 59.98 
349782 2482 195 279 222 88 594 0 0