=~=~=~=~=~=~=~=~=~=~=~= PuTTY log 2025.11.26 18:31:17 =~=~=~=~=~=~=~=~=~=~=~=
ets Jul 29 2019 12:21:46

rst:0x1 (POWERON_RESET),boot:0x13 (SPI_FAST_FLASH_BOOT)
configsip: 0, SPIWP:0xee
clk_drv:0x00,q_drv:0x00,d_drv:0x00,cs0_drv:0x00,hd_drv:0x00,wp_drv:0x00
mode:DIO, clock div:1
load:0x3fff0030,len:4980
load:0x40078000,len:16612
load:0x40080400,len:3480
entry 0x400805b4
Found sensor
Milis - ColorTemp - Lux - R - G - B - C - Pot - UsensA - UsensB

399 4105 131 190 183 131 509 0 5.83 4.52 
571 4105 131 190 183 131 509 0 5.81 4.52 
743 4105 131 190 183 131 509 0 5.81 4.52 
915 4105 131 190 183 131 509 0 5.81 3.25 
1087 4105 131 190 183 131 509 0 5.81 4.52 
1259 4105 131 190 183 131 509 7 5.81 3.25 
1431 4105 131 190 183 131 509 2 5.81 4.52 
1603 4105 131 190 183 131 509 0 5.81 4.52 
1775 4105 131 190 183 131 509 0 5.81 4.52 
1947 4105 131 190 183 131 509 4 5.81 4.52 
2119 4105 131 190 183 131 509 5 5.81 4.52 
2291 4105 131 190 183 131 509 0 5.81 4.52 
2463 4105 131 190 183 131 509 5 5.81 4.52 
2635 4105 131 190 183 131 509 0 5.81 4.52 
2807 4105 131 190 183 131 509 0 5.81 4.52 
2979 4105 131 190 183 131 509 18 5.83 4.54 
3151 4105 131 190 183 131 509 0 5.81 4.52 
3323 4105 131 190 183 131 509 0 5.81 4.52 
3495 4105 131 190 183 131 509 0 5.81 4.52 
3667 4105 131 190 183 131 509 0 5.81 4.52 
3839 4105 131 190 183 131 509 4 5.83 4.52 
4011 4105 131 190 183 131 509 0 5.81 4.52 
4183 4105 131 190 183 131 509 0 5.81 4.52 
4355 4105 131 190 183 131 509 0 5.81 3.25 
4527 4105 131 190 183 131 509 0 5.81 4.52 
4699 4105 131 190 183 131 509 10 5.81 3.25 
4871 4126 131 189 183 131 508 0 5.81 4.54 
5043 4126 131 189 183 131 508 0 5.81 3.25 
5215 4126 131 189 183 131 508 0 5.81 4.52 
5387 4126 131 189 183 131 508 0 5.81 3.25 
5559 4126 131 189 183 131 508 7 5.81 4.54 
5731 4126 131 189 183 131 509 1 5.81 3.25 
5903 4126 131 189 183 131 509 0 5.81 4.52 
6075 4126 131 189 183 131 509 0 5.81 3.25 
6247 4126 131 189 183 131 509 3 5.81 4.52 
6419 4126 131 189 183 131 509 5 5.81 4.54 
6591 4126 131 189 183 131 509 0 5.81 4.54 
6763 4126 131 189 183 131 509 4 5.81 3.25 
6935 4126 131 189 183 131 509 0 5.83 4.52 
7107 4126 131 189 183 131 509 0 5.81 4.52 
7279 4126 131 189 183 131 508 19 10.10 4.52 
7451 4105 131 190 183 131 509 0 5.81 4.54 
7623 4126 131 189 183 131 508 0 5.81 3.25 
7795 4126 131 189 183 131 508 5 5.83 3.25 
7967 4140 129 187 181 130 502 0 7.11 4.52 
8139 4108 128 187 180 129 502 5 5.81 4.52 
8311 4140 129 187 181 130 503 0 5.81 4.52 
8483 4151 130 188 182 131 506 1 5.81 4.52 
8655 4138 132 193 186 134 518 0 5.81 4.52 
8827 4116 131 191 184 132 512 0 5.81 4.52 
8999 4105 131 190 183 131 509 11 5.81 4.52 
9171 4137 132 190 184 132 511 0 5.83 4.52 
9343 4105 131 190 183 131 510 0 5.81 4.52 
9515 4105 131 190 183 131 510 0 5.81 4.54 
9687 4141 130 190 183 132 510 0 5.81 4.52 
9859 4141 130 190 183 132 510 6 5.81 4.52 
10031 4141 130 190 183 132 510 2 5.81 4.52 
10203 4141 130 190 183 132 510 0 5.81 4.54 
10375 4141 130 190 183 132 510 0 5.81 4.54 
10547 4137 132 190 184 132 511 4 5.81 4.52 
10719 4141 130 190 183 132 510 3 5.81 4.52 
10891 4141 130 190 183 132 510 0 5.81 4.54 
11063 4141 130 190 183 132 510 4 5.81 4.52 
11235 4141 130 190 183 132 510 0 5.83 4.52 
11407 4141 130 190 183 132 510 0 5.81 4.52 
11579 4141 130 190 183 132 510 18 5.81 4.54 
11751 4137 132 190 184 132 510 0 5.83 4.52 
11923 4137 132 190 184 132 511 0 5.81 4.54 
12095 4126 131 189 183 131 509 1 5.81 4.54 
12267 4126 131 189 183 131 508 0 5.81 4.52 
12439 4130 130 189 182 131 506 5 5.81 4.52 
12611 4130 130 189 182 131 507 0 5.83 4.52 
12783 4130 130 189 182 131 507 0 8.07 4.52 
12955 4115 131 188 182 130 505 0 5.83 5.81 
13127 4115 131 188 182 130 505 0 5.81 4.52 
13299 4141 130 190 183 132 510 9 5.83 4.54 
13471 4137 132 190 184 132 512 0 5.81 4.52 
13643 4116 131 191 184 132 512 0 5.81 4.52 
13815 4116 131 191 184 132 512 0 5.81 4.52 
13987 4116 131 191 184 132 512 0 5.81 4.52 
14159 4116 131 191 184 132 512 6 5.83 4.54 
14331 4116 131 191 184 132 512 0 5.83 4.52 
14503 4116 131 191 184 132 512 0 5.81 4.52 
14675 4116 131 191 184 132 512 0 5.81 4.52 
14847 4116 131 191 184 132 512 2 5.81 4.52 
15019 4116 131 191 184 132 513 6 5.81 5.80 
15191 4116 131 191 184 132 513 0 5.81 4.52 
15363 4116 131 191 184 132 513 2 5.81 4.54 
15535 4116 131 191 184 132 513 0 5.81 4.52 
15707 4116 131 191 184 132 513 0 5.81 5.80 
15879 4116 131 191 184 132 513 16 5.81 4.52 
16051 4116 131 191 184 132 513 0 5.81 4.52 
16223 4116 131 191 184 132 513 0 5.81 4.52 
16395 4116 131 191 184 132 513 0 5.81 4.52 
16567 4116 131 191 184 132 513 0 5.81 4.52 
16739 4116 131 191 184 132 512 3 5.81 4.52 
16911 4116 131 191 184 132 513 0 5.81 4.52 
17083 4116 131 191 184 132 513 0 5.81 5.80 
17255 4116 131 191 184 132 513 0 5.81 4.52 
17427 4116 131 191 184 132 513 0 5.83 4.52 
17599 4116 131 191 184 132 513 11 5.81 4.52 
17771 4116 131 191 184 132 513 0 5.81 5.81 
17943 4116 131 191 184 132 513 0 5.81 4.52 
18115 4116 131 191 184 132 513 0 5.81 5.81 
18287 4116 131 191 184 132 513 0 5.81 4.52 
18459 4116 131 191 184 132 513 6 5.81 4.52 
18631 4116 131 191 184 132 513 2 5.81 4.52 
18803 4116 131 191 184 132 513 0 5.81 4.54 
18975 4116 131 191 184 132 513 0 5.81 4.52 
19147 4116 131 191 184 132 513 2 5.81 5.80 
19319 4116 131 191 184 132 513 6 5.81 4.52 
19491 4116 131 191 184 132 513 0 5.81 4.52 
19663 4116 131 191 184 132 513 1 5.81 4.52 
19835 4116 131 191 184 132 513 0 5.81 5.81 
20007 4116 131 191 184 132 513 0 5.81 4.52 
20179 4116 131 191 184 132 513 13 5.81 4.52 
20351 4116 131 191 184 132 513 0 5.81 4.54 
20523 4116 131 191 184 132 513 0 5.81 4.52 
20695 4116 131 191 184 132 513 0 5.81 5.81 
20867 4116 131 191 184 132 513 0 5.81 4.52 
21039 4116 131 191 184 132 513 2 5.81 4.52 
21211 4112 133 191 185 132 513 0 5.81 4.52 
21383 4112 133 191 185 132 514 0 5.81 4.52 
21555 4112 133 191 185 132 513 0 5.81 4.52 
21727 4112 133 191 185 132 513 0 5.83 4.54 
21899 4112 133 191 185 132 513 13 5.81 4.54 
22071 4112 133 191 185 132 513 0 5.81 4.54 
22243 4112 133 191 185 132 513 0 5.81 4.54 
22415 4112 133 191 185 132 513 2 5.81 4.52 
22587 4112 133 191 185 132 513 0 6.78 5.80 
22759 4112 133 191 185 132 513 6 5.81 4.52 
22931 4119 129 188 181 130 504 3 5.81 4.52 
23103 4094 130 189 182 130 506 0 5.81 4.54 
23275 4117 132 194 186 134 519 0 5.81 4.52 
23447 4113 134 194 187 134 520 2 5.81 4.52 
23619 4113 134 194 187 134 520 6 5.81 4.52 
23791 4092 133 195 187 134 520 0 5.81 4.52 
23963 4117 132 194 186 134 519 0 5.81 4.52 
24135 4117 132 194 186 134 518 0 5.81 4.52 
24307 4117 132 194 186 134 519 0 5.81 4.52 
24479 4105 131 190 183 131 509 9 5.81 4.52 
24651 4108 128 187 180 129 500 0 5.81 4.52 
24823 4098 129 189 181 130 504 0 6.78 5.80 
24995 4098 129 189 181 130 505 0 34.68 16.75 
25169 4097 128 186 179 128 498 0 5.81 4.52 
25341 4030 77 131 117 88 337 0 5.81 5.81 
25513 3239 19 106 64 65 233 0 5.83 5.81 
25685 3278 17 107 64 66 235 0 5.81 5.80 
25857 3278 17 107 64 66 235 0 5.81 5.81 
26029 3278 17 107 64 66 235 0 5.81 5.81 
26201 3278 17 107 64 66 236 0 5.81 5.81 
26373 3322 19 107 65 66 236 0 5.81 5.80 
26545 3322 19 107 65 66 236 0 5.81 5.81 
26717 3322 19 107 65 66 236 0 5.81 5.81 
26889 3322 19 107 65 66 236 0 5.81 5.80 
27061 3192 19 108 65 66 236 0 5.81 5.81 
27233 3192 19 108 65 66 236 0 5.81 5.80 
27405 3192 19 108 65 66 236 0 5.81 5.81 
27577 3192 19 108 65 66 236 0 5.81 5.81 
27749 3192 19 108 65 66 236 2 5.81 5.81 
27921 3192 19 108 65 66 236 0 5.81 5.80 
28093 3192 19 108 65 66 236 0 5.81 5.81 
28265 3192 19 108 65 66 236 3 4.86 4.52 
28437 3523 22 98 63 61 221 0 5.81 4.52 
28609 4081 114 171 162 117 453 0 5.81 4.54 
28781 4095 131 192 184 132 513 1 5.81 4.52 
28953 4106 131 193 185 133 516 0 5.81 4.52 
29125 4106 131 193 185 133 516 0 5.81 4.52 
29297 4106 131 193 185 133 516 0 5.81 39.95 
29471 4092 133 195 187 134 521 0 5.81 4.52 
29643 4124 134 195 188 135 522 0 5.81 39.73 
29817 4102 133 193 186 133 517 0 5.81 38.35 
29991 4115 131 188 182 130 505 0 5.81 6.78 
30163 4133 127 183 177 127 492 0 5.81 6.78 
30335 4133 127 183 177 127 491 0 5.81 4.52 
30507 4122 127 185 178 128 495 0 5.81 15.79 
30679 4092 120 173 167 119 465 0 5.81 15.79 
30851 2749 88 131 108 54 296 0 5.81 15.79 
31023 2670 88 134 108 53 298 0 5.81 15.79 
31195 2670 88 134 108 53 298 0 5.81 15.79 
31367 2670 88 134 108 53 298 0 5.81 15.79 
31539 2670 88 134 108 53 298 0 5.81 15.79 
31711 2670 88 134 108 53 298 0 5.81 5.81 
31883 2670 88 134 108 53 298 0 5.81 15.81 
32055 2670 88 134 108 53 298 0 5.81 15.81 
32227 2670 88 134 108 53 298 0 5.81 5.49 
32399 2610 111 165 133 61 363 16 5.81 3.25 
32571 2618 123 178 145 65 394 0 5.81 3.25 
32743 2625 125 180 147 66 397 0 5.81 3.25 
32915 2625 125 180 147 66 398 2 5.81 3.25 
33087 2625 125 180 147 66 398 0 5.81 3.25 
33259 2625 125 180 147 66 398 6 5.81 3.25 
33431 2625 125 180 147 66 398 0 5.81 3.25 
33603 2625 125 180 147 66 398 0 5.81 3.25 
33775 2625 125 180 147 66 398 0 5.83 3.25 
33947 2625 125 180 147 66 398 0 5.81 3.25 
34119 2612 124 181 147 66 398 7 5.81 4.52 
34291 2612 124 181 147 66 398 0 5.81 3.25 
34463 2612 124 181 147 66 398 0 5.81 3.25 
34635 2612 124 181 147 66 399 0 5.81 3.25 
34807 2612 124 181 147 66 399 0 5.81 3.25 
34979 2612 124 181 147 66 399 7 5.81 3.25 
35151 2612 124 181 147 66 399 0 6.14 4.52 
35323 2616 124 179 146 65 396 0 6.14 4.52 
35495 2631 123 177 145 65 392 0 7.11 15.81 
35668 2633 113 166 135 62 368 0 7.11 15.79 
35841 2628 116 168 137 62 372 0 6.14 4.54 
36013 2658 108 156 128 59 348 0 8.06 16.12 
36186 2708 97 140 116 55 316 0 6.78 4.52 
36358 2779 86 122 103 50 280 0 6.78 16.13 
36531 3130 33 71 54 39 164 0 6.14 6.77 
36703 2899 28 79 54 43 176 0 5.81 4.54 
36875 3057 29 74 53 41 168 0 5.81 4.52 
37047 6634 82 86 114 95 296 0 5.81 4.52 
37219 7043 106 103 146 123 374 7 6.78 4.52 
37391 7165 113 106 154 130 392 0 8.06 5.81 
37563 7165 113 106 154 130 392 0 4.86 6.77 
37735 4638 66 100 98 76 275 0 6.14 4.52 
37907 1731 35 134 72 48 252 0 7.43 4.52 
38079 1743 36 135 73 48 253 6 6.14 4.52 
38251 1727 35 136 73 48 255 0 6.14 23.55 
38424 1839 37 126 71 46 241 0 5.81 4.52 
38596 3430 52 66 64 37 169 0 5.81 4.52 
38768 3769 58 60 67 38 166 0 5.81 4.52 
38940 3702 57 60 66 37 165 0 5.81 4.52 
39112 3702 57 60 66 37 165 0 5.81 4.52 
39284 3704 59 60 67 37 166 0 6.14 55.76 
39459 3770 60 60 68 38 169 1 6.14 6.78 
39631 3762 70 65 77 41 185 0 5.81 4.52 
39803 3730 94 79 99 49 229 0 5.81 4.52 
39975 3730 94 79 99 49 229 0 5.81 4.54 
40147 3730 94 79 99 49 229 0 5.81 4.52 
40319 3740 91 77 96 48 223 7 8.06 16.12 
40492 3663 50 59 61 36 157 0 7.11 5.81 
40664 1896 37 120 69 45 232 0 5.81 5.81 
40836 1713 35 137 73 48 256 0 5.81 5.81 
41008 1716 34 135 72 48 252 0 5.81 5.81 
41180 1743 36 135 73 48 253 0 5.81 5.81 
41352 1743 36 135 73 48 253 0 7.11 5.80 
41524 1743 36 135 73 48 253 0 6.78 4.52 
41696 1727 35 136 73 48 255 0 5.81 5.81 
41868 2454 40 104 69 48 219 0 5.81 5.81 
42040 3868 45 77 68 50 196 0 6.78 5.81 
42212 3722 44 78 67 49 195 0 5.81 4.52 
42384 5795 69 80 96 77 254 0 5.81 4.52 
42556 7095 103 100 142 120 364 0 5.81 4.54 
42728 7073 111 105 151 127 385 0 5.81 4.52 
42900 7231 111 105 152 129 388 2 5.81 4.52 
43072 6826 97 96 133 111 342 0 6.14 4.52 
43244 5716 64 76 90 72 239 0 5.81 4.52 
43416 4538 48 69 69 52 191 1 5.81 4.52 
43588 5846 69 79 96 77 254 0 5.81 4.54 
43760 6921 103 99 140 117 358 0 5.81 4.54 
43932 7095 108 104 148 125 379 0 5.81 4.52 
44104 7095 108 104 148 125 378 0 5.81 5.81 
44276 7138 109 104 149 126 381 0 5.81 5.81 
44448 7095 108 104 148 125 378 0 4.86 4.52 
44620 5762 62 75 88 71 234 0 6.14 5.81 
44792 5633 58 73 83 67 222 0 5.81 4.54 
44964 3457 31 78 58 47 182 0 5.81 4.52 
45136 2200 22 93 55 46 192 0 5.81 4.52 
45308 1904 24 115 64 54 229 0 5.81 4.52 
45480 1931 24 118 66 56 236 0 5.81 4.52 
45652 1989 26 118 67 56 238 0 6.14 4.52 
45824 2309 27 104 63 52 218 0 6.14 47.97 
45998 2433 42 110 73 50 233 0 6.14 15.79 
46170 2579 147 211 171 74 463 0 6.14 4.52 
46342 2578 157 224 182 78 491 0 6.14 3.25 
46514 2572 155 222 180 77 487 0 4.54 6.77 
46686 2560 152 218 176 75 476 0 4.84 4.52 
46858 2552 151 217 175 74 473 0 4.54 4.52 
47030 2561 127 184 148 64 402 0 4.54 4.54 
47202 3121 77 113 99 57 271 0 9.76 4.52 
47374 3216 78 114 101 60 277 0 4.54 4.52 
47546 3234 79 115 102 61 278 0 43.67 16.12 
47721 3234 79 115 102 61 279 0 5.17 4.52 
47893 3621 83 117 110 71 302 0 5.81 4.52 
48065 4111 122 175 170 121 473 0 5.81 4.52 
48237 4098 121 171 167 118 464 0 4.86 5.49 
48409 4145 123 175 171 122 475 0 6.14 6.77 
48581 4142 126 178 174 124 483 0 5.81 48.38 
48755 4062 153 221 213 151 592 0 7.11 4.52 
48927 4074 164 238 229 163 636 0 5.81 5.81 
49099 4046 165 238 229 162 636 6 5.81 4.52 
49271 4055 166 239 230 163 639 0 5.81 4.52 
49443 4030 165 239 229 162 639 0 5.81 4.52 
49615 4030 165 239 229 162 639 0 5.81 4.54 
49787 4030 165 239 229 162 639 0 5.81 3.25 
49959 4030 165 239 229 162 638 2 5.81 6.44 
50131 4013 108 168 156 113 442 0 5.81 4.52 
50303 2567 17 121 69 71 258 0 5.81 4.52 
50475 2724 19 97 58 56 209 0 5.81 4.52 
50647 2657 18 102 60 59 218 0 5.81 9.08 
50819 2637 19 103 61 59 220 2 5.81 10.08 
50991 3304 20 84 54 51 188 0 15.83 5.81 
51163 2970 16 112 65 68 243 0 45.07 5.81 
51337 2989 16 118 68 72 254 0 7.11 5.81 
51509 2888 15 117 67 71 253 0 6.78 4.52 
51681 2837 17 118 68 71 254 0 5.81 4.52 
51853 2879 16 116 67 70 251 1 5.81 5.81 
52025 3614 21 83 55 52 189 0 5.81 5.80 
52197 3399 20 94 59 58 209 0 5.81 8.38 
52369 3399 20 94 59 58 209 2 5.81 7.09 
52541 3399 20 94 59 58 209 0 5.81 3.25 
52713 3399 20 94 59 58 209 0 7.11 4.52 
52885 3297 19 101 62 62 224 0 5.81 5.81 
53057 3278 17 107 64 66 236 0 5.81 4.52 
53229 3331 17 105 63 65 231 0 5.81 4.52 
53401 3202 18 103 62 63 226 0 7.11 4.52 
53573 3202 18 103 62 63 226 0 6.78 5.81 
53745 3171 19 102 62 62 224 0 5.81 4.54 
53917 3892 26 68 51 44 162 0 5.81 4.54 
54089 7454 43 61 70 64 195 0 5.81 4.52 
54261 7534 43 59 69 63 192 0 5.81 4.52 
54433 7534 43 59 69 63 192 0 6.14 4.52 
54605 5018 32 61 55 47 163 0 6.14 4.52 
54777 3115 17 102 61 62 223 0 7.11 4.52 
54949 3239 19 106 64 65 233 0 7.11 4.52 
55121 3239 19 106 64 65 233 1 7.11 4.52 
55293 3422 18 106 64 66 234 0 7.11 4.52 
55465 3422 18 106 64 66 234 0 5.81 4.52 
55637 3422 18 106 64 66 234 2 5.81 16.75 
55809 3339 18 102 62 63 225 0 5.81 4.54 
55981 4156 27 67 52 45 163 0 5.81 5.49 
56153 9572 46 62 77 75 215 0 5.81 6.78 
56325 10792 49 65 84 84 234 0 6.78 5.81 
56497 10760 53 70 90 90 251 0 5.51 4.52 
56669 10095 63 79 103 101 285 0 5.81 4.52 
56841 8440 42 56 68 64 189 0 4.54 4.52 
57013 8858 41 56 68 65 190 0 4.54 4.52 
57185 8858 41 56 68 65 190 0 5.81 4.52 
57357 8858 41 56 68 65 190 0 5.81 4.54 
57529 9065 43 57 71 68 197 0 5.81 5.49 
57701 10806 47 61 79 79 220 0 5.81 4.52 
57873 11395 47 62 81 82 226 0 6.78 4.52 
58045 10959 48 61 81 81 224 0 6.78 4.52 
58217 8209 40 55 65 61 183 0 5.81 4.54 
58389 3955 32 56 49 37 143 1 5.83 4.52 
58561 3547 30 61 49 37 148 0 5.81 5.80 
58733 2551 33 92 61 45 197 0 5.81 4.52 
58905 3415 53 79 71 45 196 3 5.81 4.52 
59077 3760 52 68 67 43 178 0 5.81 4.52 
59249 6334 29 58 54 50 163 0 6.78 3.25 
59421 5247 29 54 50 43 147 0 6.78 4.52 
59593 5135 29 55 50 43 149 0 6.78 3.25 
59765 5135 29 55 50 43 148 0 6.78 4.52 
59937 5135 29 55 50 43 148 0 5.81 5.49 
60109 5521 29 54 50 44 148 0 16.78 5.81 
60281 6752 29 59 55 52 166 0 9.76 14.13 
60454 3723 49 64 63 40 169 0 12.80 4.52 
60626 3639 78 91 94 55 242 0 12.46 4.52 
60798 3617 76 90 92 54 238 0 5.81 4.52 
60970 3665 75 90 92 55 239 0 5.81 13.11 
61142 3646 75 89 91 54 235 0 5.81 4.52 
61314 3635 67 81 82 49 213 0 5.81 4.52 
61486 3635 67 81 82 49 214 0 6.78 4.52 
61658 3652 54 72 70 44 187 0 5.81 4.52 
61830 2600 29 79 53 39 170 0 5.81 4.52 
62002 2527 29 82 54 40 174 0 5.81 4.54 
62174 2584 29 81 54 40 174 0 6.78 4.52 
62346 2561 31 84 56 41 180 0 5.81 4.52 
62518 2602 35 97 65 48 209 0 5.81 4.52 
62690 2594 37 98 66 48 209 1 5.81 4.52 
62862 2555 37 98 66 47 209 0 5.81 4.52 
63034 2555 37 98 66 47 209 0 5.81 4.54 
63206 2555 37 98 66 47 209 2 5.81 4.52 
63378 2555 37 98 66 47 209 0 5.81 4.52 
63550 2594 37 98 66 48 209 0 5.81 4.52 
63722 2594 37 98 66 48 209 0 5.81 4.52 
63894 2594 37 98 66 48 209 0 5.81 4.52 
64066 2594 37 98 66 48 209 0 5.81 4.52 
64238 2594 37 98 66 48 209 0 5.81 4.54 
64410 2594 37 98 66 48 209 0 5.81 4.52 
64582 2594 37 98 66 48 209 0 5.81 4.52 
64754 2594 37 98 66 48 209 0 6.78 4.52 
64926 2594 37 98 66 48 209 0 6.78 4.54 
65098 2578 33 88 59 43 189 0 7.11 4.54 
65270 3564 54 74 70 44 189 0 8.07 15.79 
65443 3635 67 81 82 49 213 0 9.42 8.74 
65615 3756 43 57 56 36 151 0 6.78 7.09 
65787 3754 41 57 55 36 149 0 6.78 5.81 
65959 3815 42 56 55 36 149 11 5.83 4.52 
66131 3815 42 56 55 36 148 0 6.78 4.52 
66303 3706 52 66 66 41 174 0 5.81 4.52 
66475 3627 74 88 90 53 233 0 6.78 5.81 
66647 3636 76 91 93 55 240 0 6.78 5.81 
66819 3644 63 79 79 48 207 6 5.81 4.52 
66991 3048 28 63 47 34 144 2 5.81 4.52 
67163 3120 29 62 47 34 141 0 6.78 4.52 
67335 3120 29 62 47 34 142 0 6.78 5.80 
67507 3248 29 57 45 32 135 1 6.78 5.81 
67679 3216 31 66 51 37 153 6 6.78 5.81 
67851 2867 35 86 61 45 190 0 5.83 4.52 
68023 3138 51 109 83 60 251 0 5.81 4.52 
68195 2949 46 98 73 51 220 0 5.81 4.52 
68367 2978 46 99 74 52 222 0 6.78 5.81 
68539 4122 40 75 65 51 191 6 5.81 4.54 
68711 5765 36 51 55 46 153 0 6.78 15.79 
68883 5387 33 48 50 41 139 0 5.81 15.79 
69055 4954 30 48 47 38 133 0 5.81 4.52 
69227 4954 30 48 47 38 133 0 5.81 4.52 
69399 4596 29 50 46 37 133 1 5.81 4.52 
69571 3886 27 68 52 44 163 0 6.78 34.65 
69745 3802 28 72 54 46 172 0 6.78 43.42 
69919 3802 28 72 54 46 172 0 6.78 4.52 
70091 4785 31 54 50 41 145 0 5.81 4.54 
70263 6523 35 49 55 48 152 0 6.78 5.81 
70435 5959 34 49 53 45 148 0 6.78 16.12 
70608 3804 27 61 48 39 148 0 5.81 4.54 
70780 3943 27 58 47 38 142 0 5.81 4.52 
70952 3982 33 54 49 36 139 0 5.81 4.52 
71124 3939 35 56 51 37 144 0 5.81 4.52 
71296 3939 35 56 51 37 144 0 5.81 5.80 
71468 3815 30 53 46 34 134 0 6.78 51.14 
71643 3842 28 59 48 38 145 0 6.78 7.11 
71815 3874 27 65 50 42 156 0 5.81 4.52 
71987 4034 27 54 45 36 135 0 6.14 16.12 
72159 3900 27 60 48 39 147 3 5.81 4.52 
72331 3924 28 55 46 36 137 0 6.78 5.81 
72503 3893 29 60 49 39 147 0 6.78 5.81 
72675 3903 30 63 51 41 154 0 5.81 4.52 
72847 3900 27 60 48 39 147 0 5.81 4.52 
73019 3805 28 50 43 32 125 2 5.81 4.54 
73191 3831 28 56 46 36 137 0 5.81 4.52 
73363 3685 28 67 51 42 159 0 5.81 4.52 
73535 3616 27 74 54 46 173 0 6.78 5.81 
73707 5991 34 54 55 48 158 0 6.78 3.25 
73879 11434 49 63 83 84 231 13 5.81 4.54 
74051 11503 49 63 84 85 233 0 5.81 15.79 
74223 9422 41 56 69 67 193 0 7.11 4.52 
74395 9422 41 56 69 67 193 1 5.81 4.52 
74567 9623 43 56 71 69 196 0 6.78 16.44 
74740 7693 39 54 63 58 176 0 6.78 5.81 
74912 6314 38 52 58 50 161 2 7.11 4.52 
75084 6256 37 50 56 48 154 0 5.81 4.52 
75256 6387 34 49 54 47 151 0 6.78 4.52 
75428 6387 34 49 54 47 150 2 5.81 4.54 
75600 6227 36 49 55 47 152 0 5.81 4.52 
75772 6186 37 52 57 49 159 0 5.81 4.52 
75944 5018 32 61 55 47 164 0 5.81 4.52 
76116 3715 25 76 54 48 178 0 5.81 4.52 
76288 3698 25 84 58 53 194 0 5.81 4.52 
76460 3698 25 84 58 53 194 0 6.78 4.52 
76632 3698 25 84 58 53 194 0 6.78 16.12 
76805 3638 24 83 57 52 191 0 6.78 16.12 
76978 3534 24 84 57 52 192 0 6.78 16.12 
77151 3550 26 84 58 52 192 0 6.78 10.08 
77323 3534 24 84 57 52 192 0 6.78 10.08 
77495 3698 25 84 58 53 194 2 7.11 4.52 
77667 3864 30 65 52 42 160 0 5.81 4.52 
77839 4195 70 104 100 73 279 5 6.14 4.52 
78011 4166 72 106 102 74 282 0 5.81 4.52 
78183 4137 92 134 129 93 359 0 5.81 4.52 
78355 4184 93 137 132 96 367 0 5.81 4.52 
78527 4139 92 137 131 95 366 0 5.81 4.52 
78699 4168 93 136 131 95 366 9 5.81 4.52 
78871 4199 94 138 133 97 371 0 5.81 4.54 
79043 4152 84 122 118 85 328 0 5.81 3.25 
79215 4011 50 71 69 48 190 0 5.81 46.38 
79389 3107 62 90 79 45 216 0 5.81 4.52 
79561 2985 70 102 88 48 239 0 5.81 3.25 
79733 2985 70 102 88 48 238 0 49.84 4.52 
79907 2916 72 104 89 47 241 0 6.78 5.81 
80079 3037 69 98 86 47 232 12 5.81 4.52 
80251 3041 64 93 81 45 221 0 5.83 4.52 
80423 3106 63 95 82 48 227 0 5.81 4.52 
80595 3127 63 96 83 49 228 0 5.81 55.91 
80770 3096 62 92 80 46 219 0 5.81 3.25 
80942 3111 58 84 74 42 201 0 5.81 1.97 
81114 2953 78 111 96 51 259 1 5.81 44.01 
81288 2964 76 110 95 51 259 0 6.78 1.97 
81460 3069 60 89 77 44 211 0 5.81 4.52 
81632 3064 58 87 75 43 206 2 5.81 4.52 
81804 4095 69 105 99 72 278 0 5.81 4.52 
81976 3915 38 86 68 56 210 0 5.81 4.52 
82148 5261 31 66 57 51 173 1 6.78 5.81 
82320 8323 40 55 66 62 183 0 6.78 5.80 
82492 8630 38 54 64 61 180 0 6.78 16.12 
82665 8316 40 54 65 61 180 0 5.81 4.52 
82837 6234 31 56 54 49 158 0 5.81 4.52 
83009 3471 24 80 55 49 181 0 5.81 4.52 
83181 3471 24 80 55 49 183 0 5.81 4.52 
83353 3471 24 80 55 49 183 0 6.78 5.81 
83525 4156 27 67 52 45 164 0 6.78 4.52 
83697 9422 41 56 69 67 193 0 5.81 4.52 
83869 9312 41 57 69 67 193 0 5.81 4.52 
84041 8964 42 56 69 66 192 0 6.78 4.52 
84213 7539 37 52 60 55 169 0 5.81 4.52 
84385 9780 46 59 76 74 210 0 5.81 8.06 
84557 10221 46 61 78 77 216 0 5.81 3.25 
84729 10221 46 61 78 77 216 0 5.81 4.52 
84901 7032 36 51 58 52 161 1 5.81 4.52 
85073 6682 37 50 57 50 158 0 5.81 4.52 
85245 6578 36 51 57 50 159 0 6.78 4.52 
85417 9508 43 58 72 70 201 1 5.81 4.52 
85589 3748 37 79 63 50 191 0 5.81 5.80 
85761 2542 35 100 66 49 214 0 5.81 4.54 
85933 2189 29 101 61 47 207 0 5.81 4.54 
86105 2061 29 103 61 45 206 0 5.81 4.52 
86277 2010 28 103 60 45 205 0 4.54 3.25 
86449 1997 28 107 62 47 213 0 5.81 7.74 
86621 2795 37 87 62 44 191 0 5.81 22.12 
86794 3601 137 147 158 87 398 0 5.81 4.54 
86966 3604 177 189 203 112 510 0 5.81 4.52 
87138 3629 184 197 212 118 536 0 5.81 4.52 
87310 3621 154 172 181 103 461 0 7.11 4.52 
87482 3641 131 149 156 90 400 0 16.15 26.13 
87656 3587 177 195 206 115 523 0 21.22 15.79 
87829 3566 176 195 205 114 522 0 15.83 4.52 
88001 3560 150 171 177 100 454 0 6.46 5.81 
88173 3889 44 61 59 40 160 0 6.46 4.54 
88345 3828 45 62 60 40 163 0 6.46 7.11 
88517 3601 100 119 121 71 315 0 16.13 4.54 
88689 3595 169 189 198 112 506 0 6.78 5.81 
88861 2200 38 124 76 56 254 0 5.49 5.81 
89033 4040 36 75 62 50 187 0 6.78 5.80 
89205 7615 46 65 75 69 210 0 6.78 5.81 
89377 7202 46 64 73 66 205 0 6.78 16.10 
89550 8529 54 71 87 82 241 0 9.42 7.09 
89722 13187 71 89 123 128 342 0 5.81 4.52 
89894 13225 71 88 122 127 339 0 5.81 4.54 
90066 12773 71 88 122 126 338 0 5.81 4.54 
90238 12773 71 88 122 126 337 1 5.81 4.52 
90410 13193 70 88 121 126 337 0 5.81 4.52 
90582 13193 70 88 121 126 337 0 5.81 4.54 
90754 13193 70 88 121 126 337 2 5.83 4.54 
90926 13193 70 88 121 126 337 0 5.81 4.52 
91098 13193 70 88 121 126 337 0 5.81 4.52 
91270 13193 70 88 121 126 336 0 5.81 4.52 
91442 13193 70 88 121 126 337 0 5.81 4.52 
91614 13193 70 88 121 126 337 0 5.81 4.52 
91786 13193 70 88 121 126 337 0 5.81 4.52 
91958 13193 70 88 121 126 337 0 5.81 4.52 
92130 13193 70 88 121 126 337 0 5.81 4.52 
92302 13193 70 88 121 126 337 0 5.81 4.52 
92474 13193 70 88 121 126 337 0 6.78 5.81 
92646 13265 70 87 121 126 336 0 6.78 16.12 
92819 11805 65 83 111 113 308 0 6.78 10.08 
92991 4657 36 63 58 47 167 0 6.78 4.84 
93163 1982 25 95 55 41 189 0 6.78 16.12 
93336 2058 25 90 53 40 182 0 6.78 4.52 
93508 2081 26 89 53 39 181 0 5.81 4.52 
93680 1877 22 91 51 39 179 0 5.81 4.52 
93852 1877 22 91 51 39 179 0 5.81 4.52 
94024 1877 22 91 51 39 179 0 5.51 5.81 
94196 1937 23 91 52 39 180 0 6.78 5.80 
94368 2379 30 91 58 43 191 0 6.78 5.81 
94540 4430 42 69 64 50 184 1 6.78 4.52 
94712 7028 69 90 106 94 290 0 6.78 4.52 
94884 7203 68 89 105 94 288 0 6.78 5.80 
95056 7203 68 89 105 94 287 4 6.78 5.81 
95228 7203 68 89 105 94 288 0 6.78 5.80 
95400 7203 68 89 105 94 287 0 6.78 5.81 
95572 7401 67 89 105 95 288 2 6.78 4.52 
95744 7203 68 89 105 94 288 0 5.51 5.80 
95916 7401 67 89 105 95 288 0 5.51 4.52 
96088 7631 78 100 121 110 331 0 6.78 4.52 
96260 8948 92 110 144 136 393 0 5.49 5.81 
96432 9107 89 108 141 134 385 0 5.51 5.80 
96604 8997 92 109 144 136 392 0 6.78 5.80 
96776 9040 95 114 150 142 409 0 6.78 5.81 
96948 9040 95 114 150 142 408 0 6.78 5.80 
97120 9193 94 114 149 142 407 0 6.78 5.81 
97292 9193 94 114 149 142 407 0 5.49 4.52 
97464 9193 94 114 149 142 407 0 6.78 5.81 
97636 9193 94 114 149 142 407 0 6.78 16.13 
97809 8366 90 110 140 130 382 0 6.78 4.52 
97981 3666 45 101 79 63 241 0 5.81 4.52 
98153 1679 28 136 71 54 257 0 5.81 4.52 
98325 1710 28 136 72 56 260 2 5.81 4.52 
98497 1711 27 136 72 57 261 0 6.78 19.91 
98670 1679 27 136 71 55 258 0 6.78 4.52 
98842 3604 39 97 73 60 230 0 6.78 5.81 
99014 8993 95 115 150 142 410 0 6.78 7.09 
99186 8993 96 116 151 143 413 0 6.78 7.09 
99358 5231 37 106 82 78 264 2 6.78 16.12 
99531 2131 18 132 73 74 275 0 6.78 5.81 
99703 2890 23 119 72 70 258 0 6.78 5.81 
99875 3282 26 137 84 84 302 2 6.78 5.81 
100047 3224 27 138 85 84 302 0 6.78 5.81 
100219 3224 27 138 85 84 302 6 5.81 4.52 
100391 3038 24 133 80 80 290 3 6.78 3.25 
100563 3224 26 94 62 56 211 0 6.78 4.52 
100735 4064 52 84 77 57 221 0 6.78 4.52 
100907 3999 36 74 61 49 184 1 6.78 5.81 
101079 3454 24 91 60 56 206 6 6.78 4.52 
101251 3378 24 109 69 67 243 0 5.81 4.52 
101423 3384 21 96 61 59 213 0 5.81 4.54 
101595 3516 23 84 56 52 190 0 5.81 4.52 
101767 3759 25 74 53 47 174 0 5.81 4.52 
101939 3681 23 70 50 44 163 6 5.81 4.52 
102111 3846 27 59 47 38 144 0 5.81 4.52 
102283 3846 27 59 47 38 145 0 5.81 4.52 
102455 3846 27 59 47 38 145 0 5.81 4.52 
102627 4011 26 59 47 39 145 0 5.81 4.52 
102799 4011 26 59 47 39 145 1 5.81 4.52 
102971 3943 27 58 47 38 143 0 5.81 5.80 
103143 6508 38 58 62 55 175 0 6.78 5.81 
103315 10871 53 68 89 89 247 0 5.83 4.52 
103487 9090 58 76 95 91 263 0 5.81 4.54 
103659 7301 59 81 94 85 260 17 6.78 16.12 
103832 7301 59 81 94 85 262 0 5.81 4.52 
104004 4383 82 127 121 92 342 0 6.78 5.80 
104176 3597 29 90 63 56 208 2 5.81 3.25 
104348 3278 17 107 64 66 235 0 6.78 5.81 
104520 3192 19 108 65 66 236 0 5.81 5.81 
104692 3278 17 107 64 66 235 2 5.81 4.52 
104864 3278 17 107 64 66 235 0 6.78 10.08 
105036 3278 17 107 64 66 235 0 5.81 4.52 
105208 3216 19 100 61 61 220 0 5.81 4.52 
105380 3306 23 97 62 59 216 0 5.81 4.54 
105552 4035 65 99 93 67 265 0 5.81 4.52 
105724 4080 72 105 101 72 284 0 5.81 16.12 
105896 3937 49 85 75 56 219 0 5.81 4.52 
106068 2812 17 106 62 63 229 0 5.81 5.81 
106240 3392 18 100 61 62 221 0 5.81 4.52 
106412 3428 21 94 60 58 211 0 5.81 4.52 
106584 7141 37 58 62 57 178 0 6.78 4.52 
106756 9422 41 56 69 67 193 0 5.81 4.52 
106928 7812 40 54 64 59 178 0 5.51 4.52 
107100 7391 41 57 66 60 183 0 5.81 4.52 
107272 7424 42 59 68 62 189 0 5.81 4.52 
107444 7391 41 57 66 60 183 2 6.78 4.52 
107616 7721 40 56 65 60 182 0 6.78 4.52 
107788 7489 42 56 66 60 182 0 6.78 4.54 
107960 7489 42 56 66 60 182 2 6.78 4.52 
108132 7836 41 56 66 61 182 0 6.78 4.52 
108304 7836 41 56 66 61 182 0 5.81 4.52 
108476 7836 41 56 66 61 182 1 5.81 4.52 
108648 7734 41 57 66 61 184 0 5.81 4.52 
108820 6722 43 59 67 59 185 0 5.81 4.52 
108992 6774 40 59 65 58 183 0 13.80 4.52 
109164 6679 40 60 65 58 183 0 13.80 5.81 
109336 6273 38 55 60 52 167 0 12.46 5.81 
109508 4638 33 50 49 38 138 0 13.48 5.81 
109680 4412 32 51 48 37 137 0 13.46 5.81 
109852 4322 31 52 48 37 138 0 13.14 14.13 
110025 4367 32 53 49 38 140 0 6.46 14.47 
110197 4367 32 53 49 38 140 0 11.10 7.09 
110369 4072 31 50 46 34 130 0 11.10 7.09 
110541 4464 34 50 49 37 136 0 14.14 7.09 
110713 4503 32 50 48 37 136 0 7.75 9.74 
110885 4464 34 50 49 37 137 0 4.22 5.81 
111057 5347 36 53 55 45 153 0 4.86 9.08 
111229 5118 30 45 46 37 129 0 9.76 5.80 
111401 4555 29 44 43 33 121 0 6.78 4.52 
111573 5924 34 48 52 44 146 0 5.81 4.52 
111745 4903 34 55 53 43 151 1 5.81 4.52 
111917 2808 33 83 58 43 183 0 5.81 4.52 
112089 2804 32 78 55 40 172 0 5.81 4.52 
112261 3437 40 64 56 37 158 1 5.81 4.52 
112433 3494 44 65 59 38 162 0 8.07 15.79 
112606 3494 44 65 59 38 163 0 6.78 5.81 
112778 3570 55 74 71 44 190 2 5.81 4.52 
112950 3617 65 83 82 50 216 0 5.81 4.52 
113122 3606 63 80 79 48 207 0 6.78 15.79 
113294 3640 62 79 78 48 205 2 7.11 5.80 
113466 3401 66 80 79 44 207 0 5.81 5.81 
113638 3537 53 73 69 43 186 0 6.78 15.79 
113810 3581 54 72 69 43 184 0 5.81 5.80 
113982 3572 43 65 59 39 162 0 5.81 4.54 
114154 3552 41 62 56 37 155 0 5.81 4.52 
114326 3495 37 61 53 36 150 0 5.81 4.52 
114498 2582 27 75 50 37 162 0 6.78 4.54 
114670 2601 33 91 61 45 197 0 6.78 4.52 
114842 2635 38 104 70 52 227 0 5.81 4.54 
115014 2545 34 93 62 45 201 0 5.81 5.80 
115186 2527 29 82 54 40 175 0 5.81 15.79 
115358 2527 29 82 54 40 175 0 20.26 4.52 
115531 2756 29 73 51 37 160 0 16.15 14.13 
115704 3080 38 86 64 47 196 0 14.14 4.52 
115876 3631 35 54 49 33 137 0 8.38 4.52 
116048 3695 41 58 55 36 149 0 8.38 4.52 
116220 3698 43 58 56 36 150 0 7.11 5.81 
116392 3720 41 56 54 35 145 0 18.04 15.49 
116565 3216 31 66 51 37 153 0 21.84 5.81 
116738 2944 33 79 57 42 177 0 27.90 4.52 
116911 2601 33 91 61 45 195 0 9.76 16.12 
117084 2299 28 88 55 41 182 0 7.11 4.54 
117256 2542 35 100 66 49 212 0 6.14 4.52 
117428 2367 30 93 59 44 193 0 6.14 4.52 
117600 2181 29 97 59 44 197 0 6.14 4.52 
117772 2455 30 86 56 41 183 0 5.81 4.52 
117944 3571 124 135 143 79 361 0 6.14 4.54 
118116 3585 150 160 172 94 431 0 5.81 4.54 
118288 3579 139 150 160 88 403 0 6.14 4.54 
118460 3584 141 153 163 90 411 0 6.14 4.54 
118632 3576 150 159 171 93 429 0 7.43 4.52 
118804 3569 155 163 176 95 440 0 8.06 17.07 
118977 3222 70 107 93 57 258 0 6.78 5.80 
119149 1896 29 117 66 50 231 0 6.78 5.81 
119321 2281 29 99 61 47 206 0 6.78 4.52 
119493 11391 66 83 111 112 307 0 5.81 4.52 
119665 12316 68 85 116 119 321 0 4.54 3.25 
119837 4648 24 97 66 66 227 0 5.81 4.52 
120009 3017 17 115 67 70 249 0 6.78 4.52 
120181 4083 121 178 170 122 474 0 5.81 4.52 
120353 4089 145 208 201 143 558 0 5.81 4.52 
120525 4045 139 203 194 138 540 0 5.81 4.52 
120697 4037 137 202 192 137 536 1 6.78 5.81 
120869 3978 115 172 162 115 452 0 5.81 4.52 
121041 2737 107 153 128 61 347 0 5.81 4.54 
121213 2568 139 199 161 69 435 2 5.81 4.52 
121385 2570 137 198 160 69 433 0 4.54 4.52 
121557 2713 83 121 100 48 274 0 6.78 5.81 
121729 2664 36 94 64 47 204 1 6.78 4.52 
121901 2167 27 108 64 52 221 0 5.81 4.52 
122073 2166 26 105 62 51 216 0 5.81 4.54 
122245 2034 25 106 61 50 217 0 5.81 5.81 
122417 2034 25 106 61 50 217 0 5.81 4.52 
122589 2176 26 103 61 50 211 0 5.81 4.52 
122761 6449 76 84 107 89 281 0 5.81 5.81 
122933 7342 107 97 145 123 368 0 6.78 5.80 
123105 7342 107 97 145 123 367 0 8.07 5.81 
123277 7120 94 89 128 108 327 0 8.06 5.81 
123449 3382 31 79 58 47 184 0 8.06 7.09 
123621 2334 27 100 61 50 209 0 6.78 5.80 
123793 2281 24 91 55 45 190 0 6.78 7.09 
123965 1845 22 115 63 54 229 0 5.81 4.52 
124137 1831 23 117 64 54 231 0 5.81 4.52 
124309 1862 24 118 65 55 234 0 6.78 21.18 
124482 1867 23 116 64 54 231 0 8.06 5.81 
124654 1904 24 115 64 54 230 0 5.81 4.52 
124826 2239 26 100 60 49 206 0 5.81 4.52 
124998 2187 26 101 60 49 207 1 5.81 4.52 
125170 2563 28 90 58 46 193 0 5.81 4.52 
125342 2196 25 105 62 52 216 0 4.54 4.52 
125514 2144 25 106 62 52 218 2 6.78 4.52 
125686 2616 30 96 62 50 206 0 5.81 4.52 
125858 3499 27 55 44 33 132 0 5.81 4.52 
126030 3499 27 55 44 33 132 0 5.81 4.52 
126202 3499 27 55 44 33 132 0 5.81 4.52 
126374 3627 30 60 49 37 146 0 6.78 4.52 
126546 6362 62 70 88 73 233 0 6.78 4.52 
126718 7067 84 81 115 97 296 0 6.78 4.52 
126890 7067 84 81 115 97 296 0 6.78 4.52 
127062 7067 84 81 115 97 296 0 6.78 4.52 
127234 7000 82 80 113 95 292 0 6.78 4.52 
127406 6936 73 73 101 85 261 0 5.81 4.54 
127578 7258 83 79 114 97 293 0 5.81 4.52 
127750 7331 85 81 117 100 300 0 5.81 4.52 
127922 7233 86 81 118 100 300 0 5.81 4.52 
128094 7331 85 81 117 100 300 0 5.81 4.52 
128266 7233 86 81 118 100 300 0 5.51 4.52 
128438 7331 85 81 117 100 300 0 5.81 4.52 
128610 7558 98 90 135 116 344 0 5.81 4.52 
128782 7687 100 88 136 117 344 2 4.54 4.52 
128954 7687 100 88 136 117 343 0 4.54 4.52 
129126 7539 97 87 132 113 334 0 4.54 4.54 
129298 7241 87 82 119 101 304 0 5.81 12.43 
129470 7275 84 81 116 99 297 0 5.81 4.52 
129642 7448 75 69 103 88 262 0 5.81 4.52 
129814 8044 85 72 116 101 291 0 5.81 4.52 
129986 8044 85 72 116 101 291 0 5.81 4.52 
130158 8228 85 72 116 102 291 0 5.81 4.52 
130330 8228 85 72 116 102 291 0 7.11 4.52 
130502 8178 84 73 116 102 292 0 6.78 4.52 
130674 8064 82 72 113 99 285 0 6.78 9.06 
130846 7559 67 60 91 78 230 0 5.81 4.52 
131018 7259 63 59 86 73 220 0 5.81 5.81 
131190 4667 36 55 54 42 151 0 5.81 4.52 
131362 4544 35 55 53 41 150 0 5.81 4.52 
131534 4544 35 55 53 41 150 0 5.81 4.54 
131706 4544 35 55 53 41 150 0 5.81 5.81 
131878 4544 35 55 53 41 150 0 5.81 4.52 
132050 4544 35 55 53 41 150 2 5.81 4.84 
132222 4544 35 55 53 41 150 0 5.81 4.52 
132394 4544 35 55 53 41 150 0 5.81 4.52 
132566 4544 35 55 53 41 150 2 5.81 57.15 
132741 4544 35 55 53 41 150 0 4.54 4.52 
132913 4544 35 55 53 41 150 0 5.81 4.52 
133085 4089 33 59 52 40 150 0 5.81 4.54 
133257 3184 31 71 53 40 162 0 5.81 7.41 
133429 3391 30 60 48 35 142 0 5.81 7.74 
133601 3268 29 60 47 34 141 0 6.78 4.52 
133773 3362 30 62 49 36 148 0 6.78 4.84 
133945 3024 34 81 59 44 183 0 5.81 4.52 
134117 2997 36 87 63 47 196 2 5.81 5.49 
134289 3112 45 100 75 55 230 0 5.81 7.41 
134461 3035 41 94 69 51 214 0 5.81 7.41 
134633 3035 41 94 69 51 214 2 5.81 7.41 
134805 3035 41 94 69 51 214 0 5.81 7.41 
134977 3035 41 94 69 51 214 0 5.83 7.41 
135149 3035 41 94 69 51 214 1 5.81 7.41 
135321 3035 41 94 69 51 215 0 5.81 7.41 
135493 3035 41 94 69 51 215 0 5.81 7.41 
135665 3035 41 94 69 51 215 0 7.11 6.77 
135837 3086 41 93 69 51 213 0 5.81 5.81 
136009 3043 39 90 66 49 204 0 5.81 4.52 
136181 3943 36 70 59 46 176 0 5.81 4.52 
136353 7771 70 61 95 82 239 0 5.81 4.52 
136525 8056 70 62 97 85 245 0 5.81 4.52 
136697 7977 73 63 100 87 250 0 5.81 4.54 
136869 7977 73 63 100 87 251 0 5.81 4.52 
137041 7921 73 64 100 87 252 0 5.83 4.52 
137213 7983 74 64 101 88 253 0 5.81 4.54 
137385 7983 74 64 101 88 253 0 5.81 4.52 
137557 7983 74 64 101 88 253 0 5.81 4.52 
137729 8039 74 63 101 88 254 0 5.81 4.52 
137901 6826 57 56 78 65 200 1 5.81 4.52 
138073 7025 56 55 77 65 197 0 5.81 4.52 
138245 7109 56 55 78 66 200 0 5.81 4.52 
138417 7109 56 55 78 66 200 2 5.81 4.52 
138589 7109 56 55 78 66 200 0 5.81 4.52 
138761 6033 46 52 64 52 168 0 5.81 4.52 
138933 5797 43 51 61 49 161 0 5.81 4.52 
139105 6012 43 51 61 50 162 0 6.78 5.81 
139277 6884 51 54 72 61 187 0 4.54 4.52 
139449 7668 63 56 86 74 218 0 4.54 4.54 
139621 7259 68 64 93 79 237 0 4.54 4.52 
139793 7233 69 68 96 82 248 0 4.54 4.54 
139965 7233 69 68 96 82 249 0 4.54 4.52 
140137 7233 69 68 96 82 248 0 4.54 4.52 
140309 7233 69 68 96 82 248 0 4.54 4.52 
140481 7233 69 68 96 82 249 0 4.54 4.52 
140653 7233 69 68 96 82 248 0 5.81 4.52 
140825 7233 69 68 96 82 249 0 6.78 19.28 
140998 7211 68 66 94 80 240 0 4.54 4.52 
141170 7133 62 61 86 73 221 0 5.81 4.52 
141342 2965 37 77 58 40 174 0 4.54 4.52 
141514 2822 36 78 57 39 174 0 5.81 4.54 
141686 2822 36 78 57 39 173 0 4.54 4.54 
141858 2822 36 78 57 39 174 0 6.78 5.80 
142030 2915 35 79 58 41 177 0 5.81 4.52 
142202 4569 44 68 66 51 185 0 5.81 4.52 
142374 7809 60 54 83 72 210 0 5.81 4.52 
142546 7178 57 54 78 66 199 0 5.81 4.52 
142718 7422 57 55 79 68 202 2 5.81 4.54 
142890 7422 57 55 79 68 202 0 5.81 4.52 
143062 7817 61 55 84 73 213 0 5.81 4.52 
143234 6713 51 52 71 59 182 2 5.81 4.52 
143406 4032 31 52 47 35 134 0 5.81 4.52 
143578 4306 34 50 49 36 135 0 5.81 4.52 
143750 7110 52 51 72 61 185 0 5.81 4.52 
143922 7584 62 55 84 72 212 0 5.51 4.52 
144094 3630 33 68 55 42 164 0 7.11 4.52 
144266 3045 30 73 53 40 165 0 7.11 4.52 
144438 3280 31 68 52 39 159 0 6.78 9.74 
144610 2964 76 110 95 51 180 0 8.07 4.84 
144782 2964 76 110 95 51 257 0 6.78 10.42 
144954 2952 73 106 91 49 248 0 6.78 10.42 
145126 2993 62 94 80 45 219 0 6.78 4.52 
145298 2940 67 98 84 45 228 0 6.78 5.81 
145470 2913 75 107 92 48 249 0 5.49 5.81 
145642 2934 72 105 90 48 245 0 5.49 5.81 
145814 2845 82 118 100 51 271 0 6.78 4.52 
145986 2876 79 112 96 49 261 0 5.81 4.54 
146158 2711 103 148 123 58 333 0 5.81 4.52 
146330 2693 110 158 131 61 354 0 5.81 4.52 
146502 2716 107 156 129 62 351 1 6.78 15.81 
146674 2888 75 113 95 51 264 0 5.51 4.52 
146846 3091 46 82 66 43 193 0 5.51 5.81 
147018 2613 30 90 59 46 193 2 5.81 4.52 
147190 2176 26 103 61 50 211 0 5.81 5.81 
147362 5731 58 70 82 66 219 0 5.81 4.52 
147534 6922 99 96 135 113 347 2 5.81 4.54 
147706 7080 107 102 146 123 375 0 13.14 4.52 
147878 6766 88 90 122 102 317 0 13.14 4.52 
148050 1941 37 120 70 46 235 1 7.43 4.52 
148222 1739 37 137 74 48 256 0 7.43 4.52 
148394 1739 37 137 74 48 258 0 7.43 4.52 
148566 1726 36 138 74 49 258 0 7.43 4.52 
148738 1726 36 138 74 49 259 0 6.14 4.52 
148910 1755 37 136 74 48 255 0 5.81 4.52 
149082 2363 36 93 61 41 194 0 6.78 4.52 
149254 2953 44 94 70 49 214 0 8.06 4.52 
149426 2287 39 106 68 46 220 0 9.76 4.52 
149598 2246 37 106 67 46 217 0 8.07 4.52 
149770 2246 37 106 67 46 217 0 9.76 4.52 
149942 2246 37 106 67 46 218 0 8.06 4.52 
150114 2246 37 106 67 46 218 0 9.76 4.52 
150286 2246 37 106 67 46 218 0 5.81 4.52 
150458 2211 37 107 67 46 218 0 5.83 4.52 
150630 2320 34 93 60 41 194 0 5.81 4.52 
150802 2481 35 91 61 42 192 1 5.81 4.52 
150974 2533 37 89 61 41 190 0 5.81 4.52 
151146 3655 47 59 59 36 155 0 5.81 4.52 
151318 3768 53 60 64 38 162 3 5.81 4.52 
151490 3768 53 60 64 38 163 0 5.81 4.52 
151662 3768 53 60 64 38 163 0 5.81 4.52 
151834 3483 43 62 57 36 156 1 5.81 4.52 
152006 2394 36 94 62 42 197 0 6.14 4.52 
152178 2590 33 80 55 38 173 0 5.81 21.17 
152351 2337 32 88 57 39 183 1 5.81 18.33 
152524 2099 36 108 66 44 216 0 5.81 4.52 
152696 2083 35 109 66 45 219 0 5.81 4.52 
152868 2124 37 109 67 45 219 2 4.86 5.49 
153040 2124 37 109 67 45 219 0 5.81 5.49 
153212 2113 34 105 64 44 212 0 5.81 4.54 
153384 3197 35 72 56 40 168 1 7.11 4.52 
153556 7875 82 71 112 97 281 0 4.84 5.49 
153728 7083 64 61 88 74 223 0 5.81 5.49 
153900 3266 33 78 58 45 181 0 5.81 5.49 
154072 2774 32 88 60 46 193 0 5.81 5.49 
154244 3106 52 79 68 40 188 0 4.54 4.52 
154416 3293 54 76 69 41 188 0 5.81 4.54 
154588 3200 57 84 74 44 203 0 4.86 15.79 
154760 3106 63 95 82 48 226 0 5.81 4.52 
154932 3465 48 74 66 43 183 0 15.83 4.52 
155104 4121 49 77 72 53 203 0 9.42 4.52 
155276 3911 33 58 51 38 147 0 36.60 8.38 
155450 3900 27 60 48 39 147 0 10.76 4.54 
155622 3953 28 61 49 40 150 0 5.81 5.49 
155794 3910 28 63 50 41 153 0 5.81 5.81 
155966 3910 28 63 50 41 154 0 5.81 4.20 
156138 3903 30 63 51 41 155 0 5.81 6.46 
156310 3903 30 63 51 41 155 0 5.81 4.52 
156482 3903 30 63 51 41 155 0 4.86 5.81 
156654 3903 30 63 51 41 155 0 5.81 4.52 
156826 3910 28 63 50 41 154 0 5.81 4.52 
156998 3910 28 63 50 41 154 0 5.81 4.52 
157170 3903 30 63 51 41 155 0 5.81 4.52 
157342 3815 29 64 51 41 155 0 7.11 4.52 
157514 3903 30 63 51 41 154 0 5.81 5.81 
157686 3893 29 60 49 39 148 2 5.81 4.22 
157858 3971 37 57 53 38 149 0 5.81 3.25 
158030 3463 46 69 62 40 172 0 5.81 14.13 
158202 3263 54 80 71 43 195 2 5.81 1.97 
158374 3238 54 79 70 42 192 0 5.81 1.97 
158546 3319 44 67 59 37 164 0 4.86 15.47 
158718 3351 44 68 60 38 167 1 4.86 5.49 
158890 3266 49 74 65 40 179 0 5.81 17.70 
159063 3238 54 79 70 42 193 0 5.81 4.54 
159235 3263 54 80 71 43 195 0 5.81 2.28 
159407 3238 54 79 70 42 193 0 5.81 3.25 
159579 3483 42 65 58 38 162 4 4.54 3.25 
159751 3892 36 55 51 36 141 0 4.54 3.25 
159923 3892 36 55 51 36 142 0 5.81 2.92 
160095 3892 36 55 51 36 142 0 5.81 15.79 
160267 3494 40 63 56 37 156 0 5.81 4.52 
160439 3294 49 75 66 41 183 9 5.81 4.52 
160611 3253 33 72 55 41 168 0 5.81 4.52 
160783 3252 36 76 59 43 175 0 5.81 4.52 
160955 3320 41 82 65 47 191 0 9.76 4.52 
161127 3235 32 69 53 39 160 0 5.81 4.52 
161299 3266 49 74 65 40 180 6 5.81 16.75 
161471 3223 54 81 71 43 196 0 5.81 3.25 
161643 3263 54 80 71 43 194 0 4.86 4.20 
161815 3238 54 79 70 42 193 0 4.86 1.97 
161987 3678 45 71 64 44 180 2 5.81 6.77 
162159 4066 49 78 72 53 204 5 7.11 5.80 
162331 4066 49 78 72 53 204 0 7.11 4.52 
162503 3945 45 71 65 47 184 1 5.81 4.54 
162675 3886 27 68 52 44 164 0 6.78 4.52 
162847 3843 27 70 53 45 168 0 6.78 4.52 
163019 3896 28 71 54 46 171 11 5.81 4.52 
163191 4074 27 63 50 42 155 0 4.86 6.78 
163363 5057 31 47 47 38 133 0 5.81 5.49 
163535 5601 32 47 49 41 138 0 5.81 16.12 
163707 5992 35 50 54 46 150 0 5.81 5.49 
163879 6555 38 55 60 53 169 1 5.81 15.81 
164051 2884 35 84 60 44 186 0 5.81 5.49 
164223 2867 37 90 64 47 199 0 5.81 5.49 
164395 2897 40 94 68 49 208 0 5.81 5.49 
164567 2897 40 94 68 49 208 0 5.81 16.44 
164739 2897 40 94 68 49 208 0 5.81 5.49 
164911 2897 40 94 68 49 208 0 5.81 4.52 
165083 2897 40 94 68 49 208 0 5.81 4.52 
165255 2847 36 87 62 45 192 2 5.81 4.52 
165427 3004 33 78 57 42 176 0 5.81 4.52 
165599 3467 31 56 47 33 136 6 5.81 4.52 
165771 3659 75 87 90 53 232 0 5.81 4.52 
165943 3657 79 92 95 56 246 0 5.81 4.52 
166115 3679 62 78 78 48 205 0 7.11 4.52 
166287 3684 58 73 73 45 192 0 5.81 5.81 
166459 3750 59 73 74 46 195 6 4.86 5.49 
166631 3657 96 107 113 65 287 0 5.81 5.81 
166803 3643 101 111 118 67 299 0 5.81 4.54 
166975 3605 100 111 117 66 297 0 6.78 4.52 
167147 3612 102 114 120 68 305 0 5.81 4.52 
167319 3624 69 83 84 50 220 6 5.81 4.52 
167491 2728 36 91 63 46 199 0 5.81 4.52 
167663 2494 41 116 76 56 248 0 5.81 4.52 
167835 2383 34 100 64 47 209 0 5.81 4.52 
168007 2468 30 84 55 40 177 0 5.81 4.52 
168179 2507 30 85 56 41 179 5 5.81 4.52 
168351 2561 31 84 56 41 178 0 4.86 4.52 
168523 7472 44 70 75 70 215 0 4.84 6.77 
168695 7665 45 84 83 80 247 0 6.14 6.78 
168867 3905 56 123 98 80 303 0 6.14 5.49 
169039 4161 110 162 156 113 434 15 4.84 5.49 
169211 3135 99 147 128 75 353 0 4.86 4.20 
169383 2888 73 104 89 46 243 0 5.81 4.52 
169555 2690 104 150 124 58 337 0 5.81 4.52 
169727 2699 64 111 86 48 247 0 4.86 5.49 
169899 2166 26 105 62 51 216 2 4.54 4.52 
170071 5018 57 92 89 73 255 0 5.81 4.52 
170243 6885 114 117 159 134 413 0 5.81 4.52 
170415 6838 117 119 162 136 420 0 5.81 4.52 
170587 6932 124 124 171 144 442 0 5.81 5.49 
170759 6932 124 124 171 144 442 10 15.83 4.52 
170931 6907 124 126 172 145 446 0 5.81 4.54 
171103 6224 95 103 131 107 343 0 5.81 4.52 
171275 6486 109 117 152 126 398 0 5.81 4.52 
171447 6525 107 115 149 124 391 0 5.81 4.52 
171619 6525 107 115 149 124 391 6 5.81 4.52 
171791 6525 107 115 149 124 391 2 5.81 4.54 
171963 6477 109 116 151 125 396 0 5.81 4.52 
172135 6486 109 117 152 126 397 0 5.81 4.54 
172307 6486 109 117 152 126 397 1 5.81 4.52 
172479 6364 113 120 156 128 407 6 5.81 4.54 
172651 6161 120 131 166 135 432 0 5.81 4.52 
172823 6399 108 117 150 124 394 0 5.81 5.49 
172995 6311 109 118 151 124 397 0 5.81 4.52 
173167 3245 60 121 95 68 284 0 5.81 4.52 
173339 1699 40 153 81 51 283 6 4.86 5.49 
173511 1679 39 155 81 52 286 0 4.86 55.78 
173686 1691 39 150 79 50 277 0 5.81 4.54 
173858 1703 39 147 78 49 271 2 5.81 4.52 
174030 1751 38 138 75 48 259 0 5.81 4.52 
174202 1762 39 139 76 48 260 0 5.81 4.52 
174374 1746 39 142 77 49 264 0 4.86 5.49 
174546 1690 39 152 80 51 279 0 4.86 29.72 
174719 1700 40 151 80 50 278 0 4.86 16.75 
174891 1834 38 126 71 45 240 1 4.86 15.79 
175063 3558 56 65 67 38 171 0 4.86 15.79 
175235 3715 73 68 80 42 191 0 5.81 5.49 
175407 3715 73 68 80 42 191 0 6.14 4.52 
175579 3345 58 74 71 40 186 6 4.84 15.81 
175751 1682 37 147 77 49 270 0 16.78 4.52 
175923 6555 110 115 152 126 396 0 7.11 4.52 
176095 6995 124 122 171 144 440 0 7.11 4.52 
176267 6956 124 122 170 143 440 0 5.81 4.52 
176439 6950 123 121 169 142 439 6 6.14 5.49 
176611 3784 66 124 104 79 307 0 6.78 4.52 
176783 1775 37 131 72 46 247 0 4.54 4.52 
176955 2850 37 72 55 35 162 0 4.86 5.49 
177127 2800 37 73 55 35 163 1 5.81 4.52 
177299 1759 37 132 72 46 248 5 4.86 13.45 
177471 4444 77 125 117 91 334 0 5.81 4.52 
177643 5790 76 95 109 89 294 2 5.81 4.52 
177815 1887 25 117 65 54 232 0 5.81 4.52 
177987 1898 28 129 72 59 257 0 5.81 4.52 
178159 1925 29 130 73 60 259 14 5.81 4.52 
178331 1925 29 130 73 60 259 0 5.81 4.52 
178503 1925 29 130 73 60 259 0 5.81 4.52 
178675 1925 29 130 73 60 260 0 6.78 4.52 
178847 2175 36 136 81 65 279 0 4.86 6.78 
179019 2804 94 151 122 67 344 1 5.81 17.37 
179192 2551 152 218 176 74 474 0 4.86 16.75 
179364 2564 160 228 185 78 499 0 4.54 4.52 
179536 2513 160 228 183 74 495 0 4.54 4.52 
179708 2518 163 231 186 75 503 0 4.54 4.52 
179880 2518 163 231 186 75 503 0 4.54 4.52 
180052 2518 163 231 186 75 504 0 4.54 4.52 
180224 2517 164 232 187 75 504 0 4.54 4.52 
180396 2517 164 232 187 75 505 0 4.54 4.54 
180568 2517 164 232 187 75 505 0 4.54 6.77 
180740 2517 164 232 187 75 505 0 4.86 6.78 
180912 2524 159 226 182 74 491 2 4.86 5.49 
181084 2535 158 224 181 74 487 0 4.84 4.52 
181256 2688 83 130 104 53 289 0 7.11 4.52 
181428 2751 63 105 83 46 238 2 6.78 4.52 
181600 2548 149 213 172 72 464 0 5.81 4.52 
181772 2584 145 208 169 73 458 0 5.81 4.52 
181944 4023 154 220 212 149 587 0 5.81 4.52 
182116 4030 171 251 239 170 669 0 5.83 4.52 
182288 4046 171 250 239 170 669 0 5.81 4.52 
182460 4030 171 251 239 170 670 0 4.86 5.49 
182632 4028 172 251 240 170 671 0 4.86 5.49 
182804 4041 174 250 241 170 670 0 4.86 5.49 
182976 4030 162 233 224 158 622 0 4.86 5.49 
183148 3989 140 201 193 135 535 0 4.86 5.49 
183320 3809 98 134 130 86 354 0 4.86 5.49 
183492 3998 148 214 205 144 567 0 4.86 15.79 
183664 3977 159 230 220 154 609 0 4.86 48.37 
183838 3977 159 230 220 154 609 0 4.86 15.81 
184010 3977 159 230 220 154 609 0 4.86 48.37 
184184 3977 159 230 220 154 609 0 4.86 15.81 
184356 3977 159 230 220 154 609 0 4.86 5.49 
184528 3977 159 230 220 154 610 0 4.86 15.81 
184700 3977 159 230 220 154 610 0 4.86 15.79 
184872 3977 159 230 220 154 609 0 4.84 48.37 
185046 3977 159 230 220 154 610 0 4.86 15.81 
185218 3977 159 230 220 154 610 0 4.86 5.49 
185390 3977 159 230 220 154 610 0 4.86 5.49 
185562 3977 159 230 220 154 610 0 4.86 5.49 
185734 3977 159 230 220 154 610 0 4.86 5.49 
185906 3977 159 230 220 154 610 0 4.86 48.37 
186080 3988 158 231 220 155 611 0 4.86 5.49 
186252 3988 158 231 220 155 611 0 4.86 5.49 
186424 3978 142 203 195 136 538 0 4.86 5.49 
186596 2907 94 134 115 60 315 0 4.86 5.49 
186768 2537 143 207 166 70 450 0 6.14 4.52 
186940 2621 117 165 136 59 367 0 8.38 4.52 
187112 2578 105 156 125 56 341 0 4.86 5.49 
187284 2626 120 168 139 60 375 0 5.81 4.52 
187456 2534 156 224 180 75 487 0 6.78 3.25 
187628 2738 112 162 135 65 368 0 5.81 4.52 
187800 4023 157 226 217 153 603 0 6.78 16.12 
187973 4039 111 162 155 110 431 0 7.11 4.52 
188145 3893 74 135 116 88 341 0 6.78 5.81 
188317 3421 45 126 90 76 291 0 5.81 4.54 
188489 3407 28 86 60 52 198 0 5.81 4.52 
188661 3266 25 87 58 52 196 0 5.81 4.52 
188833 3454 25 88 59 54 200 2 5.81 4.54 
189005 3602 24 88 59 55 201 0 5.81 4.52 
189177 2936 22 104 64 61 227 0 10.42 6.78 
189349 7352 62 109 110 104 325 2 9.08 12.10 
189521 5803 60 98 98 85 282 0 14.82 10.08 
189694 1717 21 145 67 51 259 0 10.42 4.54 
189866 1862 18 141 63 48 248 2 16.13 4.52 
190038 4870 52 101 89 76 266 0 5.81 4.52 
190210 7720 65 116 118 113 348 0 5.81 5.80 
190382 3609 51 126 95 78 299 0 5.81 3.25 
190554 4057 163 236 227 161 630 0 5.81 3.25 
190726 4071 166 238 230 163 639 0 5.81 3.25 
190898 4083 165 239 230 164 639 0 5.81 3.25 
191070 4100 165 238 230 164 639 0 6.14 38.81 
191244 4100 165 238 230 164 639 0 5.81 4.52 
191416 4073 164 235 227 161 629 0 8.06 5.81 
191588 3937 137 196 188 130 520 0 5.81 4.52 
191760 2563 154 222 179 77 483 0 5.81 15.79 
191932 2708 54 128 90 63 282 0 5.81 4.52 
192104 2957 31 81 57 44 182 0 5.81 4.52 
192276 3228 31 72 54 41 167 0 5.81 4.52 
192448 3159 31 73 54 41 167 0 5.81 4.54 
192620 3248 30 73 54 42 167 0 5.81 4.52 
192792 3321 31 72 54 42 168 0 5.81 4.52 
192964 3248 30 73 54 42 167 0 5.81 4.52 
193136 3248 30 73 54 42 167 2 5.81 4.54 
193308 3248 30 73 54 42 167 0 4.54 4.54 
193480 2566 30 96 62 49 206 0 5.81 5.81 
193652 2466 41 134 85 67 285 1 5.81 11.42 
193824 2620 122 177 144 65 393 0 5.81 9.74 
193996 2514 129 187 149 62 406 0 4.86 4.52 
194168 2525 130 187 150 62 406 0 5.81 15.79 
194340 2720 115 168 139 67 381 0 7.11 4.54 
194512 3066 43 105 76 58 239 0 4.86 4.54 
194684 3034 37 88 64 48 202 0 5.81 4.52 
194856 3108 38 90 66 50 206 0 5.81 4.52 
195028 3052 85 142 117 72 333 0 4.86 4.52 
195200 2827 125 180 152 77 415 0 4.86 5.81 
195372 4064 154 224 215 153 598 0 5.81 4.52 
195544 3158 26 126 78 76 277 0 5.81 4.52 
195716 2663 21 139 80 82 298 0 5.81 4.54 
195888 3032 20 141 82 86 307 1 6.14 4.52 
196060 3032 20 141 82 86 307 0 5.81 4.52 
196232 2760 20 139 80 83 297 0 6.14 4.52 
196404 7103 41 108 90 90 287 1 9.76 4.52 
196576 8354 61 81 98 92 272 0 7.11 4.52 
196748 2391 30 89 57 42 187 0 6.78 4.52 
196920 2207 30 100 61 46 205 0 5.51 4.54 
197092 2073 29 105 62 47 212 0 5.81 4.52 
197264 1896 29 117 66 50 229 0 5.81 4.52 
197436 2417 34 107 68 52 227 0 5.81 5.81 
197608 2715 32 108 70 58 233 0 5.81 5.81 
197780 2715 32 108 70 58 233 0 9.42 4.54 
197952 2756 34 108 71 58 233 0 4.54 5.81 
198124 2701 34 109 71 58 234 0 4.54 4.52 
198296 2701 34 109 71 58 234 0 4.54 4.52 
198468 2701 34 109 71 58 234 0 4.54 4.52 
198640 2701 34 109 71 58 234 0 4.54 4.52 
198812 2701 34 109 71 58 234 0 4.54 6.77 
198984 2610 33 109 70 57 232 0 5.81 4.54 
199156 1916 28 113 64 49 223 1 6.78 4.52 
199328 2518 32 103 66 52 218 0 6.78 4.52 
199500 10966 65 82 109 109 302 0 4.86 4.52 
199672 10345 60 78 100 99 279 1 5.81 4.52 
199844 9799 56 74 93 91 260 0 7.11 4.52 
200016 5823 38 73 68 61 202 0 10.10 4.52 
200188 2469 14 120 67 71 255 0 5.81 4.52 
200360 3925 84 154 132 101 390 0 6.14 4.52 
200532 4063 123 177 171 121 474 0 10.10 5.81 
200704 2587 127 182 148 64 400 0 6.78 4.52 
200876 2551 137 197 159 67 430 0 5.81 4.54 
201048 3802 98 139 132 89 365 0 5.81 4.52 
201220 4093 162 234 226 161 628 0 5.81 4.52 
201392 4113 161 233 225 161 626 0 5.81 4.52 
201564 4113 161 233 225 161 626 0 5.81 4.52 
201736 4113 161 233 225 161 626 0 5.81 4.52 
201908 4064 163 234 226 160 627 0 6.78 5.81 
202080 4036 164 234 226 159 626 0 5.81 4.52 
202252 4073 164 235 227 161 630 0 5.81 4.52 
202424 4075 161 232 224 159 622 1 5.81 4.52 
202596 3983 149 221 209 148 583 0 5.81 4.52 
202768 4003 148 220 208 148 581 0 5.81 4.52 
202940 3849 83 158 133 102 393 2 4.86 4.52 
203112 2485 18 133 75 78 283 0 7.11 5.80 
203284 8726 62 99 109 106 315 0 4.86 4.52 
203456 11121 79 96 131 131 360 0 4.86 5.80 
203628 10689 79 98 131 130 361 0 5.81 4.54 
203800 10615 82 104 137 136 379 0 5.81 4.52 
203972 10305 85 107 140 138 388 0 5.81 4.52 
204144 10351 86 107 141 139 390 0 5.81 4.52 
204316 10669 86 107 142 141 392 0 15.83 4.52 
204488 10543 77 98 128 127 355 0 5.81 4.52 
204660 2129 29 100 60 45 203 0 10.42 5.81 
204832 3543 118 136 140 79 359 0 10.44 15.81 
205005 3592 154 163 176 96 442 0 28.76 17.37 
205179 3567 153 163 175 95 440 3 14.48 16.44 
205352 3567 153 163 175 95 439 0 14.14 4.52 
205524 3569 138 149 159 87 400 1 12.80 4.52 
205696 3597 86 104 105 62 273 0 12.46 4.52 
205868 3559 91 109 110 64 286 0 6.46 5.80 
206040 3533 91 110 110 64 287 0 7.43 11.76 
206212 3232 78 90 89 45 236 0 8.06 4.52 
206384 28775 14 53 50 64 149 0 9.08 4.52 
206556 15525 26 63 61 68 185 0 7.75 4.52 
206728 15318 25 64 61 68 193 0 7.74 4.52 
206900 15318 25 64 61 68 193 0 7.75 4.52 
207072 15318 25 64 61 68 193 0 10.10 4.52 
207244 14004 26 63 61 67 191 0 6.46 4.54 
207416 9079 26 58 55 56 170 0 7.43 4.52 
207588 3821 44 59 58 38 156 0 7.43 4.54 
207760 3765 45 60 59 38 158 0 7.43 4.52 
207932 3765 45 60 59 38 158 0 9.42 4.52 
208104 3919 39 56 54 37 149 0 9.76 5.81 
208276 8411 27 58 55 55 168 0 11.44 4.52 
208448 11577 26 62 59 63 185 0 11.44 4.54 
208620 11387 26 63 59 63 185 0 13.48 4.52 
208792 13935 25 63 60 66 190 0 8.74 4.52 
208964 13935 25 63 60 66 189 0 7.75 4.54 
209136 4758 32 68 58 50 176 0 6.46 4.52 
209308 4574 32 65 56 47 169 1 5.51 4.52 
209480 4666 33 64 56 47 168 0 6.46 4.52 
209652 4666 33 64 56 47 168 0 8.40 4.52 
209824 4666 33 64 56 47 169 0 11.78 4.52 
209996 4666 33 64 56 47 169 0 12.46 4.52 
210168 5039 31 63 55 48 166 0 9.76 4.52 
210340 14071 25 62 59 65 187 0 8.06 4.52 
210512 15502 25 63 60 67 190 0 8.06 5.81 
210684 15318 25 64 61 68 194 0 8.06 5.81 
210856 13682 26 65 62 68 194 0 8.06 5.80 
211028 13682 26 65 62 68 195 0 12.46 4.52 
211200 13877 27 64 62 68 194 0 15.16 5.81 
211372 5531 35 60 58 50 168 0 15.16 5.81 
211544 3646 59 74 74 45 195 0 15.16 5.81 
211716 3687 60 73 74 45 194 0 15.16 5.81 
211888 3687 60 73 74 45 194 0 15.16 4.52 
212060 3687 60 73 74 45 194 0 15.16 5.81 
212232 3687 60 73 74 45 194 0 16.46 4.54 
212404 3604 72 87 88 52 229 0 15.83 4.52 
212576 3558 133 146 154 85 389 0 14.82 17.07 
212749 3574 153 161 174 94 435 0 6.14 4.52 
212921 3574 153 161 174 94 435 0 7.11 5.81 
213093 3583 154 162 175 95 438 0 6.78 15.79 
213265 3579 155 164 177 96 442 0 7.74 5.81 
213437 3574 153 161 174 94 435 0 16.46 14.13 
213610 4807 44 68 67 53 189 0 6.46 5.81 
213782 14138 26 62 60 66 188 0 7.74 4.52 
213954 7592 26 55 51 50 157 0 7.74 4.54 
214126 7222 27 54 51 49 155 1 7.75 4.52 
214298 7038 26 54 50 48 153 0 14.14 4.54 
214470 7006 25 53 49 47 150 0 13.12 4.52 
214642 9087 25 56 53 54 163 1 7.11 4.52 
214814 7543 25 53 49 48 151 0 16.46 5.81 
214986 6053 26 51 47 43 142 0 19.64 16.12 
215159 6053 26 51 47 43 142 1 44.66 5.81 
215333 5872 27 51 48 43 142 0 6.78 4.52 
215505 5828 27 50 47 42 139 0 8.40 4.52 
215677 4793 29 56 50 42 149 0 5.81 5.49 
215849 3766 35 85 65 54 204 0 6.14 5.49 
216021 3211 40 112 79 65 255 0 7.11 4.54 
216193 3539 41 103 77 63 242 0 7.11 4.52 
216365 3413 42 110 80 66 256 0 7.11 4.52 
216537 3493 41 110 80 67 257 0 7.11 4.54 
216709 3493 41 110 80 67 257 1 9.08 15.81 
216882 3392 42 112 81 67 261 0 6.46 14.47 
217054 3430 45 118 86 71 275 0 6.46 14.47 
217226 3426 49 125 92 75 292 0 6.46 14.47 
217398 3391 50 126 93 75 294 0 6.46 9.74 
217570 3408 49 127 93 76 296 0 6.46 14.81 
217742 3464 48 124 91 75 289 1 6.46 11.08 
217914 3464 48 124 91 75 289 0 6.46 9.74 
218086 3514 48 123 91 75 288 0 6.46 5.81 
218258 3494 46 120 88 73 281 0 6.46 5.81 
218430 3405 43 115 83 69 266 0 6.46 5.81 
218602 3370 42 114 82 68 265 0 6.46 5.80 
218774 3370 42 114 82 68 265 0 6.46 5.81 
218946 3315 42 115 82 68 266 0 6.46 5.80 
219118 3315 42 115 82 68 266 0 6.46 5.81 
219290 3315 42 115 82 68 266 0 6.46 15.81 
219462 3332 43 115 83 68 266 0 7.11 4.54 
219634 3441 38 98 72 59 228 0 15.16 5.81 
219806 9856 26 58 55 57 170 0 5.81 4.52 
219978 9798 27 61 58 60 179 0 5.81 4.54 
220150 3771 76 93 95 59 250 0 5.81 4.52 
220322 3565 101 116 120 68 309 0 5.81 4.52 
220494 3565 101 116 120 68 309 0 5.81 5.81 
220666 3565 101 116 120 68 309 0 16.13 15.81 
220839 3652 81 97 99 59 259 0 16.15 10.42 
221012 7025 32 63 60 57 181 0 8.38 4.54 
221184 7193 26 53 50 48 152 0 12.12 4.52 
221356 8383 26 55 52 52 160 0 13.14 5.81 
221528 7917 26 53 51 50 155 0 17.08 4.52 
221700 3763 82 98 101 62 263 0 6.78 4.52 
221872 3367 102 133 126 73 335 0 6.78 4.54 
222044 4217 40 99 77 67 241 0 6.78 5.81 
222216 10381 53 84 96 97 277 0 6.14 4.54 
222388 2989 16 118 68 72 255 0 6.14 4.54 
222560 2989 16 118 68 72 255 0 5.81 4.52 
222732 2786 16 115 66 69 247 0 5.81 4.54 
222904 3856 38 79 64 51 194 0 5.81 4.52 
223076 4006 138 205 194 138 542 0 5.81 5.81 
223248 4080 157 229 220 157 613 0 6.78 4.52 
223420 4077 159 229 221 157 614 0 5.81 5.81 
223592 4080 157 229 220 157 612 1 5.81 4.52 
223764 3770 51 107 86 68 262 0 15.16 4.54 
223936 2970 16 112 65 68 243 0 8.06 4.52 
224108 2923 16 114 66 69 247 1 5.81 4.52 
224280 3092 15 114 66 70 247 0 5.81 4.52 
224452 6762 35 91 76 75 240 0 5.81 8.04 
224624 10836 56 73 95 95 264 0 5.81 4.52 
224796 3634 37 87 67 54 207 0 5.81 4.52 
224968 2554 35 98 65 48 209 0 5.81 4.52 
225140 3631 85 98 102 59 261 0 16.15 4.52 
225312 3657 79 92 95 56 245 0 10.10 5.81 
225484 3625 64 78 79 47 205 0 5.49 9.06 
225656 3763 42 60 57 38 156 0 8.74 4.52 
225828 4497 31 52 48 38 138 0 10.10 4.52 
226000 6316 28 53 50 46 148 0 10.10 4.52 
226172 7132 25 51 48 46 145 0 16.78 4.52 
226344 7132 25 51 48 46 145 0 16.46 7.09 
226517 4586 34 55 52 41 148 0 18.04 16.12 
226690 3656 62 77 77 47 202 0 18.05 17.70 
226863 3688 64 81 81 50 213 0 16.78 4.52 
227035 3653 66 82 82 50 216 0 6.78 4.52 
227207 3216 40 79 62 44 185 0 5.81 4.54 
227379 4193 32 58 51 40 149 6 5.81 4.52 
227551 7799 39 53 63 58 174 0 7.11 4.52 
227723 7812 40 54 64 59 177 0 7.11 4.52 
227895 8964 42 56 69 66 191 0 6.78 4.52 
228067 5569 31 67 58 53 179 0 5.81 4.52 
228239 3630 25 80 56 50 185 6 4.54 4.52 
228411 4061 43 74 66 50 190 0 5.81 4.52 
228583 4173 66 102 96 71 271 0 5.81 4.52 
228755 4163 76 115 109 80 306 0 5.83 6.77 
228927 4190 74 113 107 79 301 0 6.14 4.20 
229099 4180 75 113 108 79 302 1 5.81 5.81 
229271 4137 70 107 101 74 283 0 5.81 25.28 
229444 3751 29 71 54 45 169 0 5.81 4.52 
229616 3528 26 78 55 48 180 0 27.03 5.81 
229789 3576 24 82 56 51 188 0 5.81 4.52 
229961 3965 36 76 62 50 189 0 7.11 4.52 
230133 4142 82 121 116 84 323 0 5.81 4.54 
230305 3094 71 101 89 50 242 0 5.81 4.54 
230477 2720 58 116 86 54 255 0 6.78 5.81 
230649 5116 51 82 80 66 229 0 5.81 4.52 
230821 3914 49 87 76 57 220 0 16.76 16.12 
230994 2861 55 94 75 44 213 0 16.76 16.12 
231167 3786 81 69 86 44 202 0 15.50 16.12 
231340 3758 72 62 77 39 180 0 9.08 4.52 
231512 3757 71 62 76 39 180 0 5.81 4.54 
231684 3763 76 65 81 41 190 0 6.14 17.37 
231857 3778 88 74 93 47 217 0 7.11 4.54 
232029 3766 88 76 94 48 221 0 9.76 4.54 
232201 3455 49 65 62 37 164 0 43.08 5.81 
232375 2542 31 74 51 34 159 1 43.08 15.81 
232550 2595 31 73 51 34 158 0 43.08 15.79 
232725 2595 31 73 51 34 159 0 43.47 15.79 
232900 2595 31 73 51 34 159 0 43.08 15.79 
233075 2595 31 73 51 34 159 0 43.10 15.79 
233250 2595 31 73 51 34 159 0 43.49 5.81 
233424 2595 31 73 51 34 158 0 5.81 4.52 
233596 2610 33 77 54 36 166 0 5.81 4.54 
233768 2404 34 84 56 37 176 0 6.78 5.81 
233940 2415 34 89 59 40 187 0 5.83 4.52 
234112 2552 32 79 54 37 169 0 5.81 4.54 
234284 2618 32 76 53 36 164 0 5.81 4.52 
234456 2618 32 76 53 36 164 0 7.11 4.52 
234628 2890 33 66 50 33 149 0 6.78 4.52 
234800 3334 37 59 51 33 143 0 7.11 4.54 
234972 3334 37 59 51 33 143 0 7.11 4.52 
235144 3352 38 59 52 33 145 0 5.81 4.52 
235316 3312 40 60 53 33 146 0 5.81 4.52 
235488 3312 40 60 53 33 146 0 5.81 4.52 
235660 3352 38 59 52 33 145 0 6.78 5.81 
235832 3214 36 61 51 33 145 0 6.78 5.81 
236004 3684 50 57 60 35 154 0 8.07 4.52 
236176 3797 67 64 75 41 182 2 6.14 4.52 
236348 3794 87 75 93 48 219 0 6.14 4.52 
236520 3766 88 76 94 48 219 0 5.81 4.54 
236692 3766 88 76 94 48 219 1 7.11 4.54 
236864 3761 68 65 76 41 184 0 6.14 4.52 
237036 2596 34 79 55 37 171 0 6.78 4.54 
237208 2129 35 104 64 43 210 0 5.81 4.54 
237380 2129 35 104 64 43 210 0 5.81 4.52 
237552 2129 35 104 64 43 210 0 5.81 4.52 
237724 2129 35 104 64 43 210 0 5.81 4.52 
237896 2095 35 105 64 43 211 0 6.14 4.52 
238068 2129 35 104 64 43 211 0 5.81 15.79 
238240 2283 35 95 61 41 196 0 42.50 5.81 
238414 1932 36 117 68 45 229 0 6.78 17.07 
238587 2339 34 89 58 39 185 0 7.11 5.81 
238759 2661 34 76 54 36 166 15 5.81 15.79 
238931 2963 35 67 52 34 154 0 5.81 4.52 
239103 2712 34 75 54 36 164 0 5.81 4.52 
239275 1951 35 113 66 44 220 0 5.81 5.80 
239447 3545 51 96 79 58 233 0 4.54 4.52 
239619 7518 77 70 105 90 267 3 5.83 4.52 
239791 3605 33 73 57 45 174 0 4.54 4.52 
239963 2994 38 77 59 40 175 0 5.81 4.52 
240135 3125 61 89 78 45 214 0 5.81 4.52 
240307 3102 61 93 80 47 220 0 5.81 4.54 
240479 3064 58 87 75 43 206 9 4.54 4.52 
240651 3089 56 87 74 44 206 0 4.54 4.52 
240823 3129 58 88 76 45 210 0 4.54 3.25 
240995 3389 44 64 58 36 159 0 5.81 4.52 
241167 4095 69 105 99 72 277 0 6.78 5.81 
241339 4135 77 114 109 79 303 6 6.78 4.52 
241511 4058 63 94 89 64 248 1 11.10 12.44 
241684 3413 45 70 62 40 173 0 6.46 12.44 
241856 3264 52 78 69 42 190 0 9.42 12.44 
242028 3238 54 79 70 42 191 0 13.48 14.13 
242201 3238 54 79 70 42 191 0 9.74 4.52 
242373 3267 47 72 63 39 175 0 6.78 22.41 
242546 3966 56 84 79 56 220 0 6.78 5.81 
242718 4105 74 112 106 77 297 0 5.81 4.52 
242890 4116 69 106 100 73 279 0 5.81 4.52 
243062 4130 72 110 104 76 292 0 5.81 4.52 
243234 4092 72 111 104 76 292 0 5.81 4.54 
243406 4092 72 111 104 76 292 0 5.81 4.52 
243578 4092 72 111 104 76 292 1 5.81 4.52 
243750 4092 72 111 104 76 292 0 5.81 4.52 
243922 4092 72 111 104 76 293 0 5.81 4.52 
244094 4092 72 111 104 76 293 0 5.81 4.52 
244266 4092 72 111 104 76 293 0 6.78 5.80 
244438 4085 74 111 105 76 293 0 8.07 4.52 
244610 4130 72 110 104 76 291 0 5.81 4.52 
244782 4085 74 111 105 76 294 0 5.81 4.54 
244954 4116 69 106 100 73 280 0 5.81 4.52 
245126 4084 64 98 92 67 257 0 6.78 5.81 
245298 4087 65 101 94 69 264 0 6.78 5.80 
245470 4098 70 108 101 74 283 0 8.06 4.52 
245642 4077 69 107 100 73 280 0 4.54 4.52 
245814 4077 69 107 100 73 280 0 6.78 5.81 
245986 4087 65 101 94 69 264 0 5.81 4.54 
246158 3880 47 72 67 47 186 0 5.81 4.52 
246330 3849 47 71 66 46 183 0 5.81 4.54 
246502 3812 55 81 76 52 209 0 5.81 5.81 
246674 3966 68 102 96 68 266 0 7.74 16.12 
246847 4008 69 104 98 70 271 0 5.81 4.52 
247019 3742 56 81 76 51 209 2 5.81 4.52 
247191 3557 52 74 69 44 189 0 6.78 15.81 
247363 3557 52 74 69 44 189 0 5.81 4.52 
247535 3465 49 71 65 41 179 0 6.78 4.52 
247707 2803 90 129 109 54 295 0 6.78 5.81 
247879 2672 93 137 112 53 305 15 5.81 4.52 
248051 2709 93 136 112 54 305 0 8.06 4.52 
248223 2805 92 133 112 56 305 0 7.11 5.81 
248395 3226 51 74 66 39 181 0 5.81 5.81 
248567 3364 53 74 68 41 185 0 6.78 5.81 
248739 3444 47 68 62 39 171 3 6.78 5.81 
248911 3425 40 58 53 33 146 0 6.78 5.80 
249083 3008 60 88 76 42 209 0 6.78 4.52 
249255 2947 69 100 86 46 234 0 5.81 4.52 
249427 2966 70 101 87 47 237 0 5.81 4.52 
249599 3253 52 75 67 40 184 9 5.81 4.54 
249771 4016 65 101 94 68 263 0 6.78 5.81 
249943 4052 71 109 102 74 286 0 5.81 4.52 
250115 4041 64 99 92 67 258 0 6.46 15.13 
250287 3805 42 64 59 41 163 0 14.48 4.52 
250459 3518 40 61 55 36 152 0 14.48 4.54 
250631 3388 39 60 53 34 148 0 14.14 4.52 
250803 3347 40 61 54 34 151 0 14.48 5.81 
250975 3347 40 61 54 34 151 0 14.14 4.54 
251147 3363 42 61 55 34 151 2 12.78 4.52 
251319 3482 40 60 54 35 149 0 12.80 4.52 
251491 3572 43 65 59 39 163 0 16.15 4.52 
251663 3689 43 66 60 41 169 0 14.82 4.52 
251835 3689 43 66 60 41 169 0 16.13 4.52 
252007 3689 43 66 60 41 169 0 16.15 4.54 
252179 3692 44 66 61 41 169 0 16.46 4.52 
252351 3689 43 66 60 41 169 0 5.81 4.52 
252523 3756 45 68 63 43 175 0 5.81 4.52 
252695 4025 58 92 85 62 239 0 5.81 4.52 
252867 4102 53 80 76 55 212 0 5.81 4.52 
253039 4051 53 81 76 55 213 1 5.81 4.54 
253211 3600 23 77 53 48 177 0 5.81 4.52 
253383 3576 24 82 56 51 188 0 5.81 4.52 
253555 3576 24 82 56 51 189 0 5.81 4.52 
253727 3472 24 83 56 51 189 0 5.81 4.54 
253899 3472 24 83 56 51 189 15 6.78 4.52 
254071 3472 24 83 56 51 189 0 7.11 5.81 
254243 3576 24 82 56 51 187 0 6.78 10.08 
254415 3727 29 65 51 41 157 1 6.78 11.80 
254587 4008 43 67 62 45 176 0 5.81 4.52 
254759 4052 50 75 71 51 199 5 6.78 4.52 
254931 4091 49 76 71 52 200 0 17.08 4.52 
255103 3779 56 88 80 56 224 0 16.15 4.20 
255275 3282 44 71 61 39 171 0 5.81 4.52 
255447 3235 30 67 51 38 156 0 10.08 4.52 
255619 4851 35 47 50 38 136 0 10.10 4.54 
255791 5371 39 48 55 43 147 0 17.08 4.52 
255963 5371 39 48 55 43 147 0 8.40 6.77 
256135 5371 39 48 55 43 147 0 8.40 4.84 
256307 5338 39 47 54 42 143 0 9.76 5.49 
256479 5304 38 46 53 41 141 0 9.76 5.49 
256651 5219 38 47 53 41 141 0 9.76 5.49 
256823 5219 38 47 53 41 141 0 9.76 5.49 
256995 5219 38 47 53 41 141 0 5.81 4.52 
257167 5219 38 47 53 41 140 1 5.81 4.52 
257339 5098 37 47 52 40 138 6 5.81 4.52 
257511 3682 29 53 45 33 131 0 5.81 4.52 
257683 3442 33 66 53 39 157 2 6.46 5.81 
257855 3570 33 61 51 37 149 0 16.13 4.54 
258027 3450 42 64 57 37 158 0 5.81 4.52 
258199 3482 40 60 54 35 149 14 5.81 4.52 
258371 3494 38 58 52 34 144 0 5.81 4.52 
258543 3494 38 58 52 34 144 0 5.81 4.52 
258715 3494 38 58 52 34 145 0 5.81 4.52 
258887 3494 38 58 52 34 145 0 5.81 4.52 
259059 3494 38 58 52 34 145 2 5.81 4.54 
259231 3494 38 58 52 34 145 0 5.81 4.52 
259403 3494 38 58 52 34 145 0 5.81 4.52 
259575 3494 38 58 52 34 145 0 5.81 4.52 
259747 3494 38 58 52 34 145 0 5.81 4.52 
259919 3447 39 59 53 34 147 14 5.81 4.52 
260091 3416 41 63 56 36 156 0 5.81 4.52 
260263 3518 40 61 55 36 152 0 5.81 4.52 
260435 3469 34 61 51 36 148 3 5.81 4.52 
260607 3454 31 64 51 38 153 0 5.81 4.52 
260779 3209 31 69 52 39 158 6 5.81 4.52 
260951 3559 32 61 50 37 148 2 5.81 4.52 
261123 6782 54 56 75 63 193 0 5.81 4.52 
261295 7452 61 57 84 72 214 0 5.81 4.54 
261467 7035 52 52 72 61 186 0 5.81 4.52 
261639 3862 35 68 57 44 168 6 18.04 4.52 
261811 2828 31 82 57 43 180 0 5.81 5.81 
261983 3041 54 80 69 39 190 0 5.81 4.52 
262155 3262 79 114 102 61 279 0 5.81 4.52 
262327 4174 90 133 128 93 356 0 5.81 5.81 
262499 4070 50 81 74 55 212 6 4.54 4.54 
262671 3993 35 71 59 47 177 0 5.81 4.52 
262843 3406 22 85 56 52 193 0 4.54 4.52 
263015 5270 31 58 53 46 158 0 5.81 4.52 
263187 8455 43 59 71 67 196 1 6.78 5.81 
263359 8455 43 59 71 67 197 2 6.78 5.81 
263531 8664 46 61 75 71 206 0 6.78 5.80 
263703 8558 44 59 72 68 199 2 6.78 5.81 
263875 8189 45 59 72 67 198 0 6.78 5.81 
264047 8661 46 60 74 70 203 0 5.81 4.52 
264219 8103 45 61 73 68 202 15 5.81 4.52 
264391 7999 44 61 72 67 199 0 5.81 4.52 
264563 4094 35 76 62 51 187 0 9.76 4.52 
264735 2466 39 114 74 55 241 0 9.74 4.52 
264907 2456 39 116 75 56 244 0 8.06 4.52 
265079 2456 39 116 75 56 244 2 9.76 4.54 
265251 2456 39 116 75 56 244 0 8.06 5.81 
265423 2456 39 116 75 56 244 0 6.78 5.80 
265595 2341 34 108 68 51 249 0 5.81 4.52 
265767 5157 36 63 59 50 172 0 5.81 4.52 
265939 7391 41 57 66 60 183 13 5.81 4.52 
266111 5954 37 57 59 51 166 0 6.78 4.52 
266283 3387 28 66 50 39 155 0 5.81 4.52 
266455 3359 30 65 50 38 152 2 5.81 4.54 
266627 2353 29 94 59 45 196 0 5.81 4.52 
266799 2248 31 102 63 47 211 6 5.81 4.52 
266971 2505 40 120 78 59 256 1 5.81 4.52 
267143 2555 44 124 82 61 264 0 5.81 4.52 
267315 2555 44 124 82 61 266 0 5.81 4.52 
267487 2555 44 124 82 61 266 0 6.78 5.81 
267659 2527 44 123 81 60 262 6 5.81 4.54 
267831 2341 34 108 68 51 224 0 5.81 4.52 
268003 2262 32 107 66 50 222 0 5.51 4.54 
268175 2309 34 107 67 50 222 0 5.81 4.54 
268347 2621 43 118 79 59 252 0 5.81 4.54 
268519 2469 38 113 73 55 239 6 4.54 4.52 
268691 2545 38 106 70 52 226 0 5.81 4.52 
268863 2416 31 92 59 44 192 0 5.81 4.54 
269035 2392 31 96 61 46 202 0 5.81 4.52 
269207 2392 31 96 61 46 202 0 5.49 4.52 
269379 2501 33 93 61 45 198 2 5.81 4.52 
269551 3619 79 98 98 59 258 0 5.81 4.54 
269723 3647 96 109 114 66 291 2 5.81 4.52 
269895 3661 96 110 115 67 296 0 5.81 4.52 
270067 3636 96 111 115 67 297 0 5.81 4.52 
270239 3659 95 110 114 67 295 16 5.81 4.52 
270411 3688 72 86 88 53 229 0 5.81 4.54 
270583 3769 60 71 74 45 192 0 5.81 4.52 
270755 3745 60 70 73 44 189 0 5.81 4.52 
270927 3745 60 70 73 44 189 0 5.81 4.52 
271099 3769 60 71 74 45 193 3 4.54 4.52 
271271 3587 113 127 133 75 339 0 4.54 4.52 
271443 3575 129 140 149 82 376 0 10.10 4.54 
271615 3567 129 142 150 83 380 0 8.06 4.52 
271787 3619 90 105 108 63 279 0 8.74 5.81 
271959 6653 31 58 56 52 167 0 10.76 4.52 
272131 8373 25 54 51 51 158 0 10.76 5.81 
272303 8373 25 54 51 51 157 0 12.46 4.52 
272475 8373 25 54 51 51 157 0 10.78 4.52 
272647 8373 25 54 51 51 157 0 12.46 4.52 
272819 8373 25 54 51 51 157 0 12.46 5.81 
272991 8373 25 54 51 51 157 2 12.46 4.52 
273163 7755 26 54 51 50 155 0 6.46 5.80 
273335 4388 36 55 53 40 150 0 7.74 5.81 
273507 3681 57 73 72 45 192 2 7.75 5.81 
273679 3741 53 70 69 44 185 5 7.74 4.52 
273851 3741 53 70 69 44 185 0 7.75 7.41 
274023 3741 53 70 69 44 185 0 7.75 6.14 
274195 3741 53 70 69 44 185 0 7.75 5.80 
274367 3741 53 70 69 44 186 0 7.74 9.40 
274539 3742 55 70 70 44 186 0 7.74 5.81 
274711 3742 55 70 70 44 186 0 7.74 5.81 
274883 3742 55 70 70 44 186 0 7.75 4.52 
275055 3742 55 70 70 44 186 0 7.74 5.80 
275227 3742 55 70 70 44 186 0 14.82 4.54 
275399 3742 55 70 70 44 186 0 14.48 5.81 
275571 3620 71 88 88 53 231 0 14.48 5.81 
275743 3557 79 97 97 57 254 0 14.14 4.52 
275915 3579 81 98 99 58 258 0 13.48 5.81 
276087 3539 118 133 138 77 351 0 13.48 5.81 
276259 3541 122 138 143 80 363 1 6.78 4.52 
276431 3555 124 139 145 81 368 0 6.78 4.52 
276603 3533 123 137 143 79 362 0 6.78 5.80 
276775 3549 122 136 142 79 360 1 5.81 4.54 
276947 3558 126 139 146 81 369 0 5.81 4.54 
277119 3207 40 73 59 40 173 5 5.81 4.52 
277291 3175 38 67 55 36 158 0 6.78 4.52 
277463 2224 31 99 61 45 203 0 5.81 4.52 
277635 2014 33 118 69 51 235 0 5.81 4.52 
277807 1981 30 118 68 52 236 0 6.78 5.81 
277979 1911 28 115 65 50 227 7 6.78 5.80 
278151 2035 33 121 71 53 242 0 6.78 4.52 
278323 1977 33 121 70 52 241 0 6.78 4.52 
278495 2020 34 121 71 52 241 0 5.81 4.52 
278667 4280 37 83 67 57 207 0 5.81 4.52 
278839 8678 49 67 81 77 227 6 6.78 4.52 
279011 11252 58 77 100 101 279 0 5.81 4.54 
279183 11827 66 84 113 115 313 0 5.81 4.52 
279355 6379 37 66 65 59 190 0 7.11 4.52 
279527 4330 23 90 61 60 210 2 5.81 5.81 
279699 2881 14 112 64 68 241 6 5.81 5.81 
279871 2923 16 114 66 69 247 0 5.81 4.52 
280043 2923 16 114 66 69 246 1 4.54 4.52 
280215 2970 16 112 65 68 243 0 5.81 4.52 
280387 2937 15 115 66 70 249 0 4.54 4.52 
280559 3017 17 115 67 70 249 11 5.81 4.52 
280731 2937 15 115 66 70 248 0 5.81 4.54 
280903 3092 15 114 66 70 247 0 5.81 4.52 
281075 3092 15 114 66 70 247 0 5.81 4.52 
281247 2923 16 114 66 69 247 0 5.81 4.52 
281419 2923 16 114 66 69 246 1 5.81 4.52 
281591 4248 23 100 66 66 229 0 6.78 4.52 
281763 12316 68 85 116 119 322 0 9.76 4.52 
281935 12734 69 87 119 123 331 0 6.78 4.52 
282107 11847 68 85 115 117 318 0 5.81 4.52 
282279 6751 40 58 64 57 180 14 5.81 4.52 
282451 2726 26 72 49 37 157 0 5.81 4.52 
282623 2658 26 73 49 37 159 0 5.81 4.52 
282795 2591 26 74 49 37 159 2 5.81 4.54 
282967 2591 26 74 49 37 159 0 5.81 4.52 
283139 2658 26 73 49 37 159 5 5.81 4.54 
283311 2591 26 74 49 37 159 2 5.81 4.52 
283483 2591 26 74 49 37 159 0 5.81 4.52 
283655 2591 26 74 49 37 159 0 5.81 4.52 
283827 2591 26 74 49 37 159 0 5.81 4.52 
283999 2591 26 74 49 37 159 6 5.81 5.80 
284171 2591 26 74 49 37 159 0 5.81 4.52 
284343 3730 30 65 52 41 158 0 4.84 4.52 
284515 8086 44 59 71 66 197 0 4.86 4.52 
284687 9018 56 73 91 87 251 0 5.81 4.52 
284859 9358 56 74 92 89 255 6 5.81 4.52 
285031 7803 47 64 76 70 211 0 5.81 4.54 
285203 3070 29 66 49 36 150 0 5.81 4.52 
285375 2843 30 75 53 39 164 0 5.83 4.52 
285547 2906 31 74 53 39 162 0 7.11 4.52 
285719 2906 31 74 53 39 162 1 6.78 5.80 
285891 2659 29 78 53 39 168 0 6.78 4.52 
286063 2201 27 90 55 41 185 0 5.81 4.52 
286235 2181 26 91 55 42 186 0 6.14 16.44 
286407 2591 30 80 54 39 173 0 6.14 18.33 
286580 3599 106 118 124 70 315 0 6.14 15.81 
286752 3588 122 134 142 79 359 0 5.81 16.12 
286924 3601 124 135 144 80 364 0 6.46 15.13 
287096 3594 125 137 145 81 367 0 6.78 8.36 
287268 4114 67 89 90 62 243 0 6.78 8.38 
287440 12916 25 60 57 62 179 0 6.78 8.36 
287612 12916 25 60 57 62 180 3 8.06 9.74 
287784 14366 24 60 57 63 180 0 6.46 4.52 
287956 14427 25 60 58 64 182 0 6.46 5.80 
288128 14214 24 61 58 64 184 2 6.46 5.80 
288300 15905 24 61 58 65 185 0 6.46 5.80 
288472 14279 25 61 59 65 185 0 6.46 5.81 
288644 14279 25 61 59 65 185 0 6.78 5.81 
288816 14279 25 61 59 65 185 0 13.14 4.52 
288988 14427 25 60 58 64 182 0 6.78 4.52 
289160 6042 38 68 66 59 194 0 5.81 4.52 
289332 3591 132 144 153 85 387 0 5.81 16.10 
289504 3570 131 142 151 83 381 0 5.81 5.81 
289676 3567 129 142 150 83 378 0 5.81 5.81 
289848 3583 128 141 149 83 378 0 4.86 15.81 
290020 3583 128 141 149 83 377 0 5.81 19.28 
290193 3185 62 100 85 53 239 0 4.54 4.54 
290365 2085 30 106 63 47 213 0 5.81 3.25 
290537 2085 30 106 63 47 212 0 5.81 3.25 
290709 2085 30 106 63 47 213 0 8.06 20.54 
290882 2247 35 115 71 53 238 0 4.54 1.97 
291054 2119 32 110 66 49 224 0 5.81 4.54 
291226 2140 30 101 61 45 205 0 12.12 8.74 
291398 3593 121 132 140 78 354 0 13.14 8.74 
291570 3646 90 104 108 63 279 0 13.14 8.74 
291742 3969 53 70 70 47 189 0 13.12 8.36 
291914 3804 62 78 79 50 211 0 13.12 8.74 
292086 3763 62 79 79 50 211 0 13.12 9.06 
292258 3764 64 79 80 50 211 0 13.14 9.06 
292430 3764 64 79 80 50 211 0 13.12 9.06 
292602 3764 64 79 80 50 211 0 13.14 9.08 
292774 3764 64 79 80 50 211 0 13.14 8.74 
292946 3764 64 79 80 50 211 0 14.48 7.09 
293118 3764 64 79 80 50 211 0 5.81 4.52 
293290 3770 66 82 83 52 220 0 6.78 4.52 
293462 3572 128 140 148 82 375 2 4.86 5.80 
293634 3341 69 98 89 54 243 0 4.86 5.49 
293806 2041 27 99 58 44 198 0 4.84 5.49 
293978 2023 27 99 58 43 196 1 4.84 5.80 
294150 2023 27 99 58 43 196 0 4.86 4.20 
294322 2023 27 99 58 43 196 0 4.86 4.20 
294494 2023 27 99 58 43 196 0 4.86 6.44 
294666 2023 27 99 58 43 196 0 4.86 5.81 
294838 2023 27 99 58 43 196 0 6.78 1.97 
295010 2023 27 99 58 43 196 0 4.84 4.22 
295182 2054 30 105 62 46 210 0 5.81 3.25 
295354 2138 30 107 64 49 219 0 5.81 7.09 
295526 2052 28 106 62 48 214 0 6.78 7.41 
295698 2085 30 106 63 47 212 0 4.54 7.74 
295870 2003 28 105 61 46 208 0 5.81 5.49 
296042 1962 26 101 58 44 200 0 5.81 4.52 
296214 2155 30 103 62 47 208 0 4.86 5.49 
296386 11211 53 71 91 92 254 0 5.81 4.52 
296558 13048 58 74 101 105 282 0 5.81 4.52 
296730 12476 59 75 102 105 284 0 5.81 4.52 
296902 12439 60 76 103 106 286 0 7.11 6.14 
297074 12439 60 76 103 106 286 0 6.78 6.14 
297246 12960 59 76 103 107 287 0 5.81 3.25 
297418 12476 59 75 102 105 283 0 5.81 4.54 
297590 10809 54 71 92 92 255 0 5.81 4.54 
297762 8478 46 64 76 72 212 2 5.81 4.52 
297934 8478 46 64 76 72 212 0 7.11 4.52 
298106 8478 46 64 76 72 212 0 6.78 5.81 
298278 22598 41 69 87 100 243 3 8.06 5.80 
298450 9704 50 67 84 82 272 0 6.78 4.52 
298622 11442 59 74 99 100 274 0 5.81 4.52 
298794 10836 56 73 95 95 264 1 5.81 4.52 
298966 10333 57 74 95 94 263 0 6.78 4.52 
299138 10816 57 74 96 96 265 0 5.81 5.80 
299310 9048 48 66 80 77 222 0 4.54 4.54 
299482 7589 45 63 73 67 203 0 4.54 4.54 
299654 7576 45 62 72 66 200 0 6.78 4.52 
299826 7809 44 63 72 67 201 0 5.81 4.54 
299998 7999 44 61 72 67 199 0 5.81 4.52 
300170 12392 59 76 102 105 284 0 4.54 4.52 
300342 12485 61 76 104 107 288 0 5.81 5.49 
300514 13004 59 75 102 106 284 0 5.81 4.52 
300686 6476 33 83 70 68 220 0 5.81 4.52 
300858 3050 18 98 59 59 215 0 4.84 4.52 
301030 4033 124 183 174 124 486 0 6.78 4.52 
301202 4025 171 245 236 166 655 0 6.78 4.52 
301374 4037 165 237 228 161 632 0 5.81 6.77 
301546 4037 165 237 228 161 635 0 7.11 4.52 
301718 4037 165 237 228 161 634 0 4.54 5.49 
301890 4046 162 232 224 158 621 0 5.18 4.52 
302062 2987 109 159 137 75 377 1 3.89 15.79 
302234 2395 102 183 133 65 385 0 11.10 10.08 
302406 2094 26 106 62 50 216 0 13.80 16.12 
302579 2627 34 100 66 51 215 14 5.81 16.12 
302751 2457 30 98 62 49 205 0 10.44 4.52 
302923 2374 85 164 116 61 344 0 5.81 4.52 
303095 2681 123 177 146 68 397 2 5.81 4.52 
303267 4045 153 222 213 151 592 0 4.86 6.78 
303439 2696 22 110 66 63 236 5 5.81 15.79 
303611 9795 72 100 122 120 344 2 4.86 15.79 
303783 11074 81 99 134 134 368 0 4.86 15.79 
303955 11074 81 99 134 134 369 0 4.86 15.79 
304127 11074 81 99 134 134 369 2 4.86 15.81 
304299 11074 81 99 134 134 369 0 4.84 15.79 
304471 11074 81 99 134 134 370 0 4.86 15.79 
304643 11074 81 99 134 134 370 0 4.86 15.79 
304815 11074 81 99 134 134 370 0 4.86 15.79 
304987 11074 81 99 134 134 370 0 4.86 15.81 
305159 11074 81 99 134 134 370 0 4.86 15.79 
305331 11074 81 99 134 134 370 0 4.86 15.79 
305503 11074 81 99 134 134 370 0 4.86 15.79 
305675 11074 81 99 134 134 370 0 4.86 15.79 
305847 11117 82 99 135 135 370 0 4.86 15.79 
306019 11395 80 99 134 135 370 0 4.86 15.81 
306191 11117 82 99 135 135 370 0 4.86 15.81 
306363 11117 82 99 135 135 370 0 4.86 15.79 
306535 11117 82 99 135 135 370 0 4.86 15.81 
306707 11117 82 99 135 135 370 0 4.86 15.79 
306879 11117 82 99 135 135 370 0 4.86 15.79 
307051 11117 82 99 135 135 371 0 4.86 15.79 
307223 11117 82 99 135 135 371 0 4.86 15.79 
307395 11117 82 99 135 135 371 0 4.86 15.79 
307567 11117 82 99 135 135 371 0 4.86 15.81 
307739 11117 82 99 135 135 371 0 4.86 15.79 
307911 11117 82 99 135 135 371 2 4.86 15.79 
308083 11117 82 99 135 135 371 0 4.86 15.79 
308255 11117 82 99 135 135 371 0 4.86 15.79 
308427 11117 82 99 135 135 371 2 4.86 15.79 
308599 11117 82 99 135 135 371 0 4.86 15.79 
308771 11117 82 99 135 135 371 0 4.86 15.81 
308943 11117 82 99 135 135 371 1 4.86 15.81 
309115 11117 82 99 135 135 371 0 4.86 15.81 
309287 11117 82 99 135 135 371 0 4.86 15.79 
309459 11117 82 99 135 135 371 0 4.86 15.79 
309631 11117 82 99 135 135 371 0 4.86 15.79 
309803 11117 82 99 135 135 371 0 4.86 15.81 
309975 11117 82 99 135 135 371 0 4.86 15.79 
310147 11117 82 99 135 135 371 0 4.84 15.79 
310319 11117 82 99 135 135 371 0 4.84 15.81 
310491 11117 82 99 135 135 371 0 4.86 15.79 
310663 11117 82 99 135 135 371 0 4.86 15.81 
310835 11117 82 99 135 135 371 0 4.86 15.79 
311007 11117 82 99 135 135 371 0 4.86 15.81 
311179 11117 82 99 135 135 371 0 4.86 15.79 
311351 11117 82 99 135 135 371 0 4.86 15.81 
311523 11117 82 99 135 135 371 0 4.86 15.79 
311695 11117 82 99 135 135 371 0 4.86 15.79 
311867 11117 82 99 135 135 371 0 4.86 15.81 
312039 11117 82 99 135 135 371 0 4.84 15.79 
312211 11117 82 99 135 135 371 0 4.86 15.79 
312383 11117 82 99 135 135 371 0 4.84 15.79 
312555 11117 82 99 135 135 371 0 4.86 15.81 
312727 11117 82 99 135 135 371 3 4.86 15.79 
312899 11117 82 99 135 135 371 0 4.86 15.81 
313071 11117 82 99 135 135 371 0 4.86 15.79 
313243 11117 82 99 135 135 371 3 4.84 15.81 
313415 11117 82 99 135 135 371 0 4.86 15.79 
313587 11117 82 99 135 135 371 0 4.84 15.79 
313759 11117 82 99 135 135 371 1 4.86 15.79 
313931 11117 82 99 135 135 371 0 4.86 15.79 
314103 11117 82 99 135 135 371 0 4.86 15.79 
314275 11117 82 99 135 135 371 0 4.86 15.79 
314447 11117 82 99 135 135 371 0 4.86 15.79 
314619 11117 82 99 135 135 371 0 4.86 15.79 
314791 11117 82 99 135 135 371 0 4.86 15.79 
314963 11117 82 99 135 135 371 0 4.86 15.81 
315135 11117 82 99 135 135 371 0 4.86 15.81 
315307 11117 82 99 135 135 371 0 4.86 15.79 
315479 11117 82 99 135 135 371 0 4.86 15.81 
315651 11058 81 100 135 135 373 0 4.86 5.49 
315823 11117 82 99 135 135 372 0 4.84 15.79 
315995 11117 82 99 135 135 372 0 4.86 5.49 
316167 11117 82 99 135 135 372 0 4.86 15.79 
316339 11117 82 99 135 135 372 0 4.86 5.49 
316511 11117 82 99 135 135 372 2 4.86 5.49 
316683 11117 82 99 135 135 372 0 4.86 5.49 
316855 11117 82 99 135 135 372 0 4.86 15.79 
317027 11117 82 99 135 135 372 2 4.86 5.49 
317199 11117 82 99 135 135 372 6 4.84 5.49 
317371 11117 82 99 135 135 372 0 4.86 5.49 
317543 11117 82 99 135 135 372 4 4.86 5.49 
317715 11117 82 99 135 135 372 0 4.86 5.49 
317887 11117 82 99 135 135 372 0 4.86 5.49 
318059 11117 82 99 135 135 372 17 4.86 5.49 
318231 11117 82 99 135 135 372 0 4.86 15.79 
318403 11117 82 99 135 135 372 0 4.84 15.81 
318575 11117 82 99 135 135 372 2 4.86 5.49 
318747 11117 82 99 135 135 372 0 4.86 5.49 
318919 11117 82 99 135 135 372 3 4.86 15.79 
319091 11117 82 99 135 135 372 0 4.86 5.49 
319263 11117 82 99 135 135 372 0 4.86 15.79 
319435 11117 82 99 135 135 372 0 4.84 5.49 
319607 11117 82 99 135 135 372 0 4.86 5.49 
319779 11117 82 99 135 135 373 8 4.84 5.49 
319951 11117 82 99 135 135 372 0 4.86 5.49 
320123 11117 82 99 135 135 372 0 4.86 5.49 
320295 11117 82 99 135 135 373 0 4.86 15.79 
320467 11117 82 99 135 135 372 0 4.86 5.49 
320639 11117 82 99 135 135 372 6 4.86 15.79 
320811 11117 82 99 135 135 372 0 4.86 5.49 
320983 11117 82 99 135 135 372 0 4.84 15.79 
321155 11117 82 99 135 135 372 0 4.86 5.49 
321327 11117 82 99 135 135 372 1 4.84 15.79 
321499 11117 82 99 135 135 372 0 4.86 5.49 
321671 11117 82 99 135 135 372 0 4.84 15.79 
321843 11117 82 99 135 135 372 0 4.86 5.49 
322015 11117 82 99 135 135 372 0 4.86 15.79 
322187 11117 82 99 135 135 372 0 4.84 5.49 
322359 11117 82 99 135 135 372 19 4.86 15.79 
322531 11117 82 99 135 135 372 0 4.86 5.49 
3