=~=~=~=~=~=~=~=~=~=~=~= PuTTY log 2025.11.26 17:46:31 =~=~=~=~=~=~=~=~=~=~=~=
ets Jul 29 2019 12:21:46

rst:0x1 (POWERON_RESET),boot:0x13 (SPI_FAST_FLASH_BOOT)
configsip: 0, SPIWP:0xee
clk_drv:0x00,q_drv:0x00,d_drv:0x00,cs0_drv:0x00,hd_drv:0x00,wp_drv:0x00
mode:DIO, clock div:1
load:0x3fff0030,len:4980
load:0x40078000,len:16612
load:0x40080400,len:3480
entry 0x400805b4
Found sensor
Milis - ColorTemp - Lux - R - G - B - C - Pot - UsensA - UsensB

399 3165 36 68 54 37 159 14 4.22 56.05 
574 3165 36 68 54 37 158 4 4.22 64.28 
749 3165 36 68 54 37 158 0 4.22 58.58 
924 3165 36 68 54 37 158 3 4.22 57.19 
1099 3165 36 68 54 37 158 2 4.22 63.89 
1274 3165 36 68 54 37 158 3 4.22 63.87 
1449 3165 36 68 54 37 158 0 4.22 63.87 
1624 3165 36 68 54 37 158 3 4.22 55.93 
1799 3165 36 68 54 37 159 3 4.22 55.91 
1974 3165 36 68 54 37 158 5 4.22 55.91 
2149 3165 36 68 54 37 159 0 4.22 56.35 
2324 3165 36 68 54 37 159 5 4.22 55.91 
2499 3165 36 68 54 37 159 2 4.22 57.73 
2674 3165 36 68 54 37 159 5 4.22 55.93 
2849 3165 36 68 54 37 159 0 4.22 56.37 
3024 3165 36 68 54 37 159 7 4.22 56.78 
3199 3165 36 68 54 37 159 2 4.22 56.34 
3374 3165 36 68 54 37 159 6 4.22 64.68 
3549 3165 36 68 54 37 158 0 4.22 57.21 
3724 3165 36 68 54 37 158 6 4.22 55.95 
3899 3165 36 68 54 37 158 2 4.22 55.93 
4074 3165 36 68 54 37 158 6 4.22 55.93 
4249 3165 36 68 54 37 158 0 4.22 58.14 
4424 3165 36 68 54 37 158 7 4.22 55.90 
4599 3165 36 68 54 37 158 2 4.22 56.32 
4774 3165 36 68 54 37 158 8 4.22 55.95 
4949 3165 36 68 54 37 158 0 4.22 55.91 
5124 3165 36 68 54 37 158 8 4.22 56.35 
5299 3165 36 68 54 37 158 1 4.22 57.73 
5474 3165 36 68 54 37 158 8 4.22 55.93 
5649 3165 36 68 54 37 158 0 4.22 55.93 
5824 3165 36 68 54 37 158 8 4.22 55.91 
5999 3165 36 68 54 37 158 2 4.22 55.93 
6174 3165 36 68 54 37 158 9 4.22 55.91 
6349 3165 36 68 54 37 158 0 4.22 55.91 
6524 3165 36 68 54 37 158 9 4.22 55.93 
6699 3165 36 68 54 37 159 1 4.22 55.93 
6874 3165 36 68 54 37 159 9 4.22 55.93 
7049 3165 36 68 54 37 158 0 4.22 55.93 
7224 3165 36 68 54 37 158 9 4.22 55.93 
7399 3165 36 68 54 37 158 1 2.60 64.68 
7574 3165 36 68 54 37 158 7 2.92 56.51 
7749 3165 36 68 54 37 159 0 10.11 64.28 
7925 3165 36 68 54 37 159 7 69.11 62.47 
8104 3203 36 69 55 38 161 0 69.11 61.93 
8283 3203 36 69 55 38 161 0 8.40 55.95 
8458 3203 36 69 55 38 161 7 8.40 62.32 
8633 3203 36 69 55 38 161 0 8.40 55.93 
8808 3203 36 69 55 38 161 0 69.11 61.51 
8987 3203 36 69 55 38 161 0 8.40 55.51 
9162 3203 36 69 55 38 161 0 8.40 55.51 
9337 3203 36 69 55 38 161 0 7.11 55.49 
9512 3203 36 69 55 38 161 0 8.40 64.70 
9687 3203 36 69 55 38 161 0 8.40 55.66 
9862 3203 36 69 55 38 160 0 7.12 57.32 
10037 3179 35 69 54 38 160 0 7.11 64.68 
10212 3179 35 69 54 38 160 0 7.11 64.70 
10387 3203 36 69 55 38 161 0 68.75 63.29 
10566 3179 35 69 54 38 160 0 68.34 65.09 
10745 3179 35 69 54 38 159 0 69.65 62.46 
10924 3241 35 68 54 38 159 10 8.40 64.43 
11099 3165 36 68 54 37 158 0 69.19 63.44 
11278 3201 34 67 53 37 156 0 71.62 60.79 
11457 3201 34 67 53 37 157 8 8.40 61.10 
11632 3201 34 67 53 37 156 0 8.40 60.66 
11807 3165 36 68 54 37 159 7 8.40 64.29 
11982 3241 35 68 54 38 159 0 8.40 60.26 
12157 3241 35 68 54 38 159 7 8.40 60.23 
12332 3241 35 68 54 38 159 0 8.40 60.66 
12507 3241 35 68 54 38 159 7 8.40 60.23 
12682 3241 35 68 54 38 159 0 8.40 61.51 
12857 3241 35 68 54 38 159 7 8.40 64.74 
13032 3241 35 68 54 38 159 0 8.38 61.93 
13207 3241 35 68 54 38 159 6 8.38 60.25 
13382 3241 35 68 54 38 159 0 8.38 64.70 
13557 3241 35 68 54 38 159 7 8.38 61.08 
13732 3241 35 68 54 38 159 0 8.38 60.66 
13907 3241 35 68 54 38 159 5 8.40 65.09 
14082 3241 35 68 54 38 159 0 8.38 60.66 
14257 3241 35 68 54 38 159 5 8.40 65.11 
14432 3241 35 68 54 38 159 0 8.38 61.10 
14607 3241 35 68 54 38 159 5 8.40 61.08 
14782 3241 35 68 54 38 159 0 8.38 60.66 
14957 3241 35 68 54 38 159 4 8.38 65.11 
15132 3241 35 68 54 38 159 0 8.40 64.68 
15307 3241 35 68 54 38 159 5 8.38 65.09 
15482 3241 35 68 54 38 159 0 8.38 65.11 
15657 3241 35 68 54 38 159 9 8.40 42.62 
15831 3165 36 68 54 37 159 0 8.38 64.40 
16006 3165 36 68 54 37 158 0 8.38 65.11 
16181 3165 36 68 54 37 158 0 8.40 60.25 
16356 3165 36 68 54 37 158 0 8.40 65.09 
16531 3165 36 68 54 37 158 0 8.38 60.23 
16706 3165 36 68 54 37 158 0 8.38 61.08 
16881 3165 36 68 54 37 159 0 8.40 61.10 
17056 3165 36 68 54 37 159 0 8.38 60.67 
17231 3165 36 68 54 37 159 0 8.40 60.67 
17406 3241 35 68 54 38 159 0 8.40 59.82 
17581 3241 35 68 54 38 159 0 8.40 60.67 
17756 3241 35 68 54 38 159 0 8.38 60.66 
17931 3241 35 68 54 38 159 0 8.38 60.66 
18106 3241 35 68 54 38 159 0 8.38 60.67 
18281 3241 35 68 54 38 159 0 8.40 60.23 
18456 3241 35 68 54 38 159 0 8.38 65.09 
18631 3241 35 68 54 38 159 0 8.40 60.64 
18806 3241 35 68 54 38 159 0 8.38 60.23 
18981 3241 35 68 54 38 159 0 8.38 60.23 
19156 3241 35 68 54 38 159 0 8.38 60.64 
19331 3241 35 68 54 38 159 0 8.38 61.06 
19506 3241 35 68 54 38 159 0 8.38 65.09 
19681 3179 35 69 54 38 159 0 10.10 64.68 
19857 3179 35 69 54 38 159 0 8.38 60.25 
20032 3179 35 69 54 38 160 0 8.38 61.10 
20207 3241 35 68 54 38 159 0 8.38 60.66 
20382 3179 35 69 54 38 159 0 8.40 59.82 
20557 3179 35 69 54 38 159 0 8.38 59.42 
20732 3179 35 69 54 38 159 0 8.38 59.38 
20907 3179 35 69 54 38 159 0 8.38 60.21 
21082 3179 35 69 54 38 159 0 8.40 61.08 
21257 3179 35 69 54 38 159 0 8.38 59.40 
21432 3179 35 69 54 38 159 0 8.38 59.42 
21607 3179 35 69 54 38 159 0 8.38 59.81 
21782 3179 35 69 54 38 159 0 8.38 61.06 
21957 3241 35 68 54 38 159 0 8.40 58.56 
22132 3241 35 68 54 38 159 0 8.38 65.11 
22307 3165 36 68 54 37 159 0 8.38 60.25 
22482 3165 36 68 54 37 158 0 8.38 60.25 
22657 3241 35 68 54 38 159 0 8.38 60.67 
22832 3241 35 68 54 38 159 0 8.40 61.59 
23007 3241 35 68 54 38 159 0 8.38 64.40 
23182 3241 35 68 54 38 159 0 8.38 60.26 
23357 3165 36 68 54 37 159 0 8.40 59.82 
23532 3241 35 68 54 38 159 0 8.38 59.81 
23707 3241 35 68 54 38 159 0 8.38 59.81 
23882 3241 35 68 54 38 159 0 8.40 59.82 
24057 3241 35 68 54 38 159 0 8.40 60.21 
24232 3241 35 68 54 38 159 0 8.38 59.82 
24407 3241 35 68 54 38 159 0 8.40 59.81 
24582 3241 35 68 54 38 159 0 8.40 59.82 
24757 3241 35 68 54 38 159 0 8.38 60.21 
24932 3241 35 68 54 38 159 0 8.40 60.23 
25107 3241 35 68 54 38 159 0 8.38 59.82 
25282 3241 35 68 54 38 159 0 8.38 59.82 
25457 3241 35 68 54 38 159 0 8.38 60.23 
25632 3241 35 68 54 38 159 0 8.40 60.23 
25807 3241 35 68 54 38 159 0 8.38 60.23 
25982 3241 35 68 54 38 159 0 8.40 60.23 
26157 3241 35 68 54 38 159 0 8.38 60.23 
26332 3241 35 68 54 38 159 0 8.38 59.81 
26507 3241 35 68 54 38 159 0 8.38 59.81 
26682 3241 35 68 54 38 159 0 8.38 59.82 
26857 3241 35 68 54 38 159 0 8.40 60.25 
27032 3241 35 68 54 38 159 0 8.38 60.21 
27207 3241 35 68 54 38 159 0 8.38 59.81 
27382 3241 35 68 54 38 159 0 8.40 59.81 
27557 3241 35 68 54 38 159 0 8.38 59.81 
27732 3241 35 68 54 38 159 0 8.38 59.81 
27907 3241 35 68 54 38 159 0 8.38 62.03 
28082 3241 35 68 54 38 159 0 8.38 60.21 
28257 3241 35 68 54 38 159 0 8.38 60.25 
28432 3241 35 68 54 38 159 0 8.38 65.11 
28607 3241 35 68 54 38 159 0 8.38 61.08 
28782 3241 35 68 54 38 159 0 8.38 60.66 
28957 3241 35 68 54 38 159 0 8.40 59.81 
29132 3241 35 68 54 38 159 0 8.40 60.23 
29307 3241 35 68 54 38 159 0 8.40 60.25 
29482 3241 35 68 54 38 159 0 8.40 60.23 
29657 3241 35 68 54 38 159 0 8.38 60.67 
29832 3241 35 68 54 38 159 0 8.38 60.23 
30007 3241 35 68 54 38 159 0 8.38 65.11 
30182 3241 35 68 54 38 159 0 8.38 60.23 
30357 3241 35 68 54 38 159 0 8.38 59.82 
30532 3241 35 68 54 38 159 0 8.40 62.42 
30707 3241 35 68 54 38 159 0 8.38 60.25 
30882 3241 35 68 54 38 159 0 8.38 65.09 
31057 3241 35 68 54 38 159 0 8.38 65.09 
31232 3241 35 68 54 38 159 0 8.38 60.23 
31407 3241 35 68 54 38 159 0 8.38 60.66 
31582 3241 35 68 54 38 159 0 8.38 60.64 
31757 3241 35 68 54 38 159 0 8.38 65.11 
31932 3241 35 68 54 38 159 0 8.40 60.64 
32107 3241 35 68 54 38 159 0 76.16 55.91 
32286 3241 35 68 54 38 159 0 76.58 55.91 
32465 3241 35 68 54 38 159 0 69.14 63.83 
32644 3241 35 68 54 38 159 0 69.60 62.02 
32823 3241 35 68 54 38 159 0 68.71 62.46 
33002 3241 35 68 54 38 159 0 68.70 62.05 
33181 3241 35 68 54 38 159 4 68.70 63.02 
33360 3241 35 68 54 38 159 0 68.70 62.05 
33539 3241 35 68 54 38 159 1 68.71 64.28 
33718 3241 35 68 54 38 159 0 69.16 62.05 
33897 3241 35 68 54 38 159 7 72.25 59.81 
34076 3241 35 68 54 38 159 0 69.17 62.05 
34255 3241 35 68 54 38 159 0 69.60 61.63 
34434 3241 35 68 54 38 159 0 69.60 65.09 
34613 3241 35 68 54 38 159 7 76.60 55.90 
34792 3241 35 68 54 38 159 0 76.16 55.91 
34971 3241 35 68 54 38 159 0 69.60 61.64 
35150 3241 35 68 54 38 159 0 69.60 61.61 
35329 3241 35 68 54 38 159 5 69.16 62.03 
35508 3241 35 68 54 38 159 0 69.60 62.00 
35687 3241 35 68 54 38 159 0 69.16 62.05 
35866 3241 35 68 54 38 159 0 68.70 62.46 
36045 3241 35 68 54 38 159 0 68.71 63.00 
36224 3241 35 68 54 38 159 0 68.70 63.29 
36403 3241 35 68 54 38 159 0 69.14 62.47 
36582 3241 35 68 54 38 159 3 69.14 62.03 
36761 3241 35 68 54 38 159 0 69.16 62.46 
36940 3241 35 68 54 38 159 0 69.16 61.63 
37119 3241 35 68 54 38 159 4 69.14 62.03 
37298 3241 35 68 54 38 159 6 69.16 62.05 
37477 3241 35 68 54 38 159 0 69.16 62.46 
37656 3241 35 68 54 38 159 0 69.16 61.61 
37835 3241 35 68 54 38 159 0 96.27 60.10 
38015 3179 35 69 54 38 159 4 96.64 60.08 
38195 3179 35 69 54 38 159 0 96.29 60.50 
38375 3179 35 69 54 38 159 0 95.40 62.32 
38555 3179 35 69 54 38 159 0 69.16 62.88 
38734 3179 35 69 54 38 159 0 96.31 60.50 
38914 3179 35 69 54 38 159 7 69.61 62.39 
39093 3179 35 69 54 38 159 0 69.17 63.31 
39272 3179 35 69 54 38 159 0 68.29 64.28 
39451 3179 35 69 54 38 159 0 68.70 62.90 
39630 3179 35 69 54 38 159 6 72.96 58.28 
39809 3179 35 69 54 38 159 0 72.96 57.46 
39988 3144 36 70 55 38 162 0 72.90 57.05 
40167 3112 37 71 56 38 163 0 72.88 57.88 
40346 3182 36 71 56 39 164 2 73.30 56.61 
40525 3182 36 71 56 39 164 0 75.34 57.31 
40704 3182 36 71 56 39 164 0 8.40 62.19 
40879 3182 36 71 56 39 164 3 8.40 61.64 
41054 3123 36 72 56 39 165 0 8.38 62.19 
41229 3123 36 72 56 39 165 3 8.38 61.76 
41404 3123 36 72 56 39 166 0 8.40 61.74 
41579 3123 36 72 56 39 166 3 8.38 60.81 
41754 3123 36 72 56 39 166 0 8.38 61.74 
41929 3123 36 72 56 39 166 4 8.40 63.85 
42104 3123 36 72 56 39 166 0 67.86 66.49 
42283 2987 38 71 56 36 164 0 16.46 16.44 
42456 3767 50 60 62 38 160 0 67.86 65.69 
42635 3767 50 60 62 38 160 0 7.11 58.56 
42810 3767 50 60 62 38 160 0 7.11 58.16 
42985 3767 50 60 62 38 160 0 8.40 56.47 
43160 3767 50 60 62 38 160 0 8.40 56.47 
43335 3767 50 60 62 38 160 0 8.40 56.47 
43510 3767 50 60 62 38 160 0 8.40 21.50 
43683 3767 50 60 62 38 160 0 8.40 56.05 
43858 3767 50 60 62 38 160 0 10.10 18.97 
44031 3767 50 60 62 38 160 9 10.10 21.50 
44204 3767 50 60 62 38 160 0 10.10 18.95 
44377 3767 50 60 62 38 160 0 16.46 16.44 
44550 3767 50 60 62 38 160 0 68.70 66.50 
44729 3767 50 60 62 38 160 2 67.86 65.67 
44908 3767 50 60 62 38 160 0 68.27 66.08 
45087 3767 50 60 62 38 160 0 68.29 65.23 
45266 3767 50 60 62 38 160 0 68.27 64.41 
45445 3767 50 60 62 38 160 0 10.10 18.95 
45618 3767 50 60 62 38 160 0 10.10 18.95 
45791 3767 50 60 62 38 160 0 16.46 16.42 
45964 3767 50 60 62 38 160 7 68.25 66.91 
46143 3767 50 60 62 38 160 0 67.32 66.93 
46322 3767 50 60 62 38 160 0 67.30 66.91 
46501 3767 50 60 62 38 160 0 67.73 66.91 
46680 3767 50 60 62 38 160 4 67.32 66.91 
46859 3767 50 60 62 38 160 0 67.86 66.21 
47038 3767 50 60 62 38 160 0 67.46 66.21 
47217 3846 49 60 62 39 161 0 67.44 66.21 
47396 3844 51 60 63 39 162 3 67.44 66.23 
47575 3844 51 60 63 39 162 0 67.88 66.21 
47754 3844 51 60 63 39 162 0 67.88 66.20 
47933 3844 51 60 63 39 161 0 67.88 66.64 
48112 3844 51 60 63 39 162 0 8.38 21.49 
48285 3844 51 60 63 39 162 0 8.40 21.49 
48458 3844 51 60 63 39 162 0 67.86 66.64 
48637 3844 51 60 63 39 162 0 8.38 21.49 
48810 3844 51 60 63 39 162 0 67.85 66.62 
48989 3844 51 60 63 39 162 0 68.29 66.08 
49168 3844 51 60 63 39 162 0 67.85 66.21 
49347 3844 51 60 63 39 162 6 67.83 66.61 
49526 3844 51 60 63 39 162 0 67.85 66.89 
49705 3844 51 60 63 39 162 0 67.85 66.10 
49884 3844 51 60 63 39 162 0 67.85 66.11 
50063 3844 51 60 63 39 162 5 68.27 66.49 
50242 3844 51 60 63 39 162 0 67.85 67.03 
50421 3844 51 60 63 39 162 0 67.85 65.69 
50600 3844 51 60 63 39 162 0 68.29 66.49 
50779 3844 51 60 63 39 162 4 68.27 66.49 
50958 3844 51 60 63 39 161 0 68.29 66.49 
51137 3844 51 60 63 39 161 0 68.70 66.50 
51316 3844 51 60 63 39 161 0 67.73 18.97 
51492 3846 49 60 62 39 161 0 68.15 18.97 
51668 3846 49 60 62 39 161 0 67.73 18.97 
51844 3846 49 60 62 39 161 0 68.14 18.95 
52020 3846 49 60 62 39 161 0 68.14 18.95 
52196 3846 49 60 62 39 161 8 68.14 18.97 
52372 3846 49 60 62 39 161 0 68.54 18.95 
52548 3846 49 60 62 39 161 2 68.27 66.10 
52727 3846 49 60 62 39 161 0 68.25 66.91 
52906 3846 49 60 62 39 161 0 68.25 66.50 
53085 3846 49 60 62 39 161 0 68.25 66.50 
53264 3846 49 60 62 39 161 4 68.25 66.10 
53443 3846 49 60 62 39 161 0 68.27 66.08 
53622 3846 49 60 62 39 161 0 68.25 66.10 
53801 3846 49 60 62 39 161 0 68.70 66.91 
53980 3846 49 60 62 39 161 6 67.83 66.08 
54159 3846 49 60 62 39 161 1 68.12 18.97 
54335 3846 49 60 62 39 161 0 68.27 66.08 
54514 3846 49 60 62 39 161 3 68.27 66.50 
54693 3846 49 60 62 39 161 0 68.27 66.10 
54872 3846 49 60 62 39 161 0 68.14 66.89 
55051 3846 49 60 62 39 161 0 68.27 66.08 
55230 3846 49 60 62 39 161 5 68.70 66.91 
55409 3846 49 60 62 39 161 0 67.73 18.97 
55585 3846 49 60 62 39 161 0 68.15 66.89 
55764 3846 49 60 62 39 161 4 10.10 20.23 
55937 3846 49 60 62 39 161 0 10.10 18.97 
56110 3846 49 60 62 39 161 0 7.11 58.14 
56285 3846 49 60 62 39 161 0 7.11 58.17 
56460 3846 49 60 62 39 161 0 7.11 58.16 
56635 3846 49 60 62 39 161 0 7.11 58.16 
56810 3846 49 60 62 39 161 0 7.11 58.14 
56985 3846 49 60 62 39 161 0 7.11 58.14 
57160 3846 49 60 62 39 161 0 7.11 58.16 
57335 3846 49 60 62 39 161 0 7.11 58.16 
57510 3846 49 60 62 39 161 0 68.14 66.08 
57689 3817 49 59 61 38 157 0 9.76 63.02 
57864 3408 37 64 54 37 154 3 8.40 16.44 
58037 3123 36 72 56 39 166 0 10.10 60.64 
58212 4055 36 56 52 38 145 1 10.10 16.44 
58385 5320 39 50 56 44 149 0 59.35 60.23 
58563 5133 40 50 56 43 149 4 10.10 16.12 
58736 5599 44 51 61 48 159 0 57.82 55.62 
58914 6554 54 55 74 61 189 6 55.73 51.80 
59091 5578 45 54 63 50 166 0 10.10 49.10 
59266 3271 34 75 57 43 174 0 15.50 48.37 
59441 3406 35 70 56 41 165 0 10.10 48.38 
59616 3579 40 63 56 38 156 0 15.50 48.93 
59791 3494 40 63 56 37 156 0 15.50 16.12 
59964 3263 54 80 71 43 193 8 15.52 48.57 
60139 3238 55 81 72 43 196 0 15.52 48.16 
60314 3238 55 81 72 43 196 8 15.50 48.57 
60489 3238 55 81 72 43 196 0 15.50 48.16 
60664 3289 55 81 72 44 196 7 15.52 48.14 
60839 3289 55 81 72 44 196 0 15.50 48.57 
61014 3289 55 81 72 44 196 7 15.50 48.55 
61189 3289 55 81 72 44 196 0 15.50 48.16 
61364 3289 55 81 72 44 196 7 15.50 48.55 
61539 3289 55 81 72 44 196 0 15.50 48.16 
61714 3289 55 81 72 44 196 7 15.50 48.57 
61889 3289 55 81 72 44 196 0 15.50 48.57 
62064 3289 55 81 72 44 196 6 15.50 48.55 
62239 3289 55 81 72 44 196 0 15.50 48.57 
62414 3289 55 81 72 44 196 7 15.50 15.81 
62587 3289 55 81 72 44 196 0 15.52 48.57 
62762 3289 55 81 72 44 196 0 15.50 15.79 
62935 3289 55 81 72 44 196 0 15.50 48.57 
63110 3289 55 81 72 44 196 0 15.52 15.79 
63283 3289 55 81 72 44 196 0 15.50 15.79 
63456 3289 55 81 72 44 196 0 15.50 48.16 
63631 3289 55 81 72 44 196 6 15.50 48.16 
63806 3289 55 81 72 44 196 0 15.50 48.91 
63981 3289 55 81 72 44 196 5 15.50 48.55 
64156 3289 55 81 72 44 196 0 15.52 48.55 
64331 3289 55 81 72 44 196 6 15.50 48.14 
64506 3289 55 81 72 44 196 0 15.50 15.79 
64679 3289 55 81 72 44 196 20 16.78 16.75 
64852 3289 55 81 72 44 196 0 4.54 2.92 
65024 3289 55 81 72 44 196 0 3.25 2.92 
65196 3289 55 81 72 44 196 6 3.26 2.92 
65368 3289 55 81 72 44 196 0 3.26 2.92 
65540 3289 55 81 72 44 196 0 4.54 2.92 
65712 3289 55 81 72 44 196 2 4.54 2.92 
65884 3289 55 81 72 44 196 0 4.54 2.92 
66056 3289 55 81 72 44 196 0 4.54 2.92 
66228 3289 55 81 72 44 196 0 4.54 2.92 
66400 3289 55 81 72 44 196 0 4.54 2.92 
66572 3289 55 81 72 44 196 0 4.54 2.92 
66744 3289 55 81 72 44 196 0 4.54 2.92 
66916 3289 55 81 72 44 196 0 4.54 2.92 
67088 3289 55 81 72 44 196 0 4.54 2.92 
67260 3289 55 81 72 44 196 0 4.54 2.92 
67432 3289 55 81 72 44 196 2 4.54 2.92 
67604 3289 55 81 72 44 196 0 4.54 2.92 
67776 3289 55 81 72 44 196 0 4.54 2.92 
67948 3289 55 81 72 44 196 5 4.54 2.92 
68120 3289 55 81 72 44 196 0 4.54 2.92 
68292 3289 55 81 72 44 196 0 4.54 2.92 
68464 3289 55 81 72 44 196 8 4.54 2.92 
68636 3289 55 81 72 44 197 0 4.54 2.92 
68808 3289 55 81 72 44 197 0 4.54 2.92 
68980 3289 55 81 72 44 197 8 4.54 2.92 
69152 3289 55 81 72 44 197 0 4.54 2.92 
69324 3289 55 81 72 44 197 0 4.54 2.92 
69496 3289 55 81 72 44 197 7 4.54 2.92 
69668 3289 55 81 72 44 197 0 4.54 2.92 
69840 3289 55 81 72 44 197 0 4.54 2.92 
70012 3289 55 81 72 44 197 4 4.54 2.92 
70184 3289 55 81 72 44 197 0 4.54 2.92 
70356 3289 55 81 72 44 197 0 2.92 46.97 
70530 3289 55 81 72 44 197 6 2.94 47.38 
70704 3289 55 81 72 44 197 0 14.14 51.14 
70879 3289 55 81 72 44 197 18 14.14 51.12 
71054 3289 55 81 72 44 197 0 15.83 53.31 
71229 3289 55 81 72 44 197 5 50.52 51.63 
71406 3289 55 81 72 44 197 0 16.15 46.99 
71581 3289 55 81 72 44 197 3 15.83 48.74 
71756 3289 55 81 72 44 197 0 15.50 48.76 
71931 3289 55 81 72 44 197 2 15.50 48.76 
72106 3289 55 81 72 44 197 0 15.50 48.77 
72281 3289 55 81 72 44 197 2 15.50 48.76 
72456 3289 55 81 72 44 197 0 2.94 2.92 
72628 3289 55 81 72 44 197 0 3.26 2.92 
72800 3289 55 81 72 44 197 0 1.97 1.97 
72971 3289 55 81 72 44 197 0 2.30 2.28 
73142 3289 55 81 72 44 197 0 2.30 2.28 
73313 3289 55 81 72 44 197 6 2.60 2.28 
73484 3289 55 81 72 44 197 0 2.62 2.28 
73655 3289 55 81 72 44 197 0 2.62 2.28 
73826 3289 55 81 72 44 197 0 2.62 2.28 
73997 3289 55 81 72 44 197 3 2.62 2.28 
74168 3289 55 81 72 44 197 0 3.25 1.97 
74339 3289 55 81 72 44 197 0 3.25 2.92 
74511 3289 55 81 72 44 197 0 13.80 48.76 
74686 3289 55 81 72 44 197 0 10.10 47.17 
74861 3289 55 81 72 44 197 0 17.08 49.27 
75036 3289 55 81 72 44 197 0 15.52 48.40 
75211 3289 55 81 72 44 197 0 15.50 49.27 
75386 3289 55 81 72 44 197 0 7.11 49.25 
75560 3289 55 81 72 44 197 0 8.38 49.27 
75735 3289 55 81 72 44 197 0 8.38 48.93 
75910 3289 55 81 72 44 197 0 50.54 48.93 
76087 3289 55 81 72 44 197 0 56.56 49.27 
76264 3289 55 81 72 44 197 0 55.73 48.93 
76441 3289 55 81 72 44 197 0 56.13 48.93 
76618 3289 55 81 72 44 197 0 51.37 48.93 
76795 3289 55 81 72 44 197 2 55.73 48.94 
76972 3289 55 81 72 44 197 0 10.10 51.14 
77147 3289 55 81 72 44 197 5 56.15 48.93 
77324 3289 55 81 72 44 197 0 56.15 48.94 
77501 3289 55 81 72 44 197 0 52.21 45.78 
77678 3289 55 81 72 44 197 0 55.86 49.61 
77855 3289 55 81 72 44 197 0 57.97 55.62 
78033 3494 46 70 63 41 174 0 60.45 55.64 
78211 4027 47 71 67 48 186 0 8.40 47.79 
78385 4286 50 71 70 51 186 0 50.01 42.01 
78562 4095 50 79 73 54 205 2 45.08 40.43 
78738 4066 49 78 72 53 202 0 43.08 38.59 
78914 4091 45 67 64 46 177 2 41.14 39.71 
79090 4019 52 77 73 52 200 0 40.46 37.91 
79266 4051 53 81 76 55 210 0 38.20 34.37 
79441 4006 46 84 73 56 210 0 8.38 33.34 
79615 3900 27 82 59 53 192 0 7.11 28.97 
79788 5334 40 75 69 60 203 0 38.20 24.41 
79963 6869 41 58 65 58 181 11 10.10 22.13 
80136 2950 39 89 65 47 199 0 58.26 29.50 
80312 3484 45 70 62 41 172 10 36.36 35.85 
80487 3640 84 96 100 58 255 0 48.04 18.63 
80662 4154 49 67 67 47 181 7 47.07 48.18 
80839 6316 28 53 50 46 148 2 46.85 48.93 
81016 9817 27 60 57 59 175 0 10.10 48.93 
81191 10685 26 60 57 60 176 0 16.78 50.10 
81366 9969 28 60 58 60 177 0 44.68 49.42 
81543 9798 27 61 58 60 178 0 43.49 19.91 
81718 9798 27 61 58 60 178 0 44.88 19.60 
81893 10646 27 61 58 61 179 0 43.67 19.28 
82068 9948 28 61 59 61 181 0 44.68 18.00 
82243 7998 29 58 56 55 168 0 37.96 16.12 
82417 9040 33 71 68 69 208 0 9.76 16.12 
82590 8104 33 66 64 63 193 0 10.10 35.14 
82764 15176 27 65 63 70 196 3 8.38 28.95 
82937 10646 27 61 58 61 179 0 9.76 23.27 
83110 12294 28 67 64 69 200 0 16.15 22.98 
83283 15511 29 72 69 77 217 0 10.10 29.48 
83456 15511 29 72 69 77 217 0 9.76 38.15 
83630 15511 29 72 69 77 217 5 10.10 16.12 
83803 15511 29 72 69 77 217 0 8.40 11.08 
83975 15511 29 72 69 77 218 0 8.38 12.44 
84147 15511 29 72 69 77 217 2 8.38 12.44 
84319 15511 29 72 69 77 217 0 8.40 12.44 
84491 15511 29 72 69 77 217 0 8.40 12.44 
84663 15511 29 72 69 77 217 5 8.40 12.44 
84835 15511 29 72 69 77 217 0 8.38 12.44 
85007 15511 29 72 69 77 217 0 8.38 12.44 
85179 15511 29 72 69 77 217 8 8.38 12.44 
85351 15511 29 72 69 77 217 0 8.38 12.44 
85523 15511 29 72 69 77 217 0 7.11 12.44 
85695 15511 29 72 69 77 217 7 8.38 12.44 
85867 15511 29 72 69 77 217 0 8.38 12.44 
86039 15511 29 72 69 77 217 0 8.38 12.44 
86211 15511 29 72 69 77 217 4 7.11 12.43 
86383 15511 29 72 69 77 217 0 7.11 12.44 
86555 15511 29 72 69 77 217 0 8.40 12.44 
86727 15511 29 72 69 77 217 0 8.38 12.44 
86899 15511 29 72 69 77 217 0 8.38 12.44 
87071 15511 29 72 69 77 217 0 8.38 12.44 
87243 15511 29 72 69 77 217 0 8.38 25.57 
87416 15511 29 72 69 77 217 0 8.38 14.13 
87588 15694 29 71 69 77 216 0 7.11 15.13 
87760 12113 28 68 64 69 200 0 8.38 18.65 
87933 4354 45 63 63 46 173 0 7.11 21.18 
88106 3625 107 120 126 72 322 0 7.11 24.99 
88279 2416 37 103 67 48 217 7 8.38 35.62 
88453 2172 33 114 69 52 232 0 8.38 31.53 
88627 2385 36 108 69 51 226 0 7.11 38.11 
88801 7506 48 72 80 74 227 0 55.59 42.62 
88978 9855 53 68 87 85 241 0 3.25 1.97 
89149 3874 27 87 61 56 203 0 47.65 42.42 
89325 3351 23 92 60 56 207 0 8.38 49.42 
89500 3369 23 84 56 51 190 0 47.26 49.11 
89677 4044 21 86 57 56 194 0 46.27 42.81 
89853 3517 24 92 61 57 206 0 7.11 43.79 
90027 3559 24 90 60 56 202 0 9.76 41.11 
90201 3375 24 95 62 58 213 0 8.38 41.11 
90375 3437 25 96 63 59 217 0 9.76 41.11 
90549 3437 25 96 63 59 217 0 9.76 38.35 
90723 3437 25 96 63 59 217 0 8.40 55.76 
90898 3437 25 96 63 59 216 3 8.40 38.37 
91072 3375 24 95 62 58 214 0 8.38 38.35 
91246 3375 24 95 62 58 214 4 8.38 38.35 
91420 3375 24 95 62 58 214 0 7.11 39.05 
91594 3520 23 95 62 59 214 0 7.11 38.13 
91768 3597 25 96 64 60 218 0 8.38 36.77 
91942 3774 27 77 56 49 182 0 7.11 37.23 
92116 3454 24 91 60 56 205 0 8.38 20.86 
92289 7650 51 76 85 79 240 0 8.38 18.95 
92462 11844 61 78 104 106 289 0 8.38 15.81 
92635 11925 61 77 104 106 287 0 7.11 16.12 
92808 10760 53 70 90 90 250 0 8.38 16.42 
92981 9139 49 66 81 78 225 7 10.10 16.12 
93154 8765 49 65 80 76 222 0 8.38 16.12 
93327 11409 57 73 97 98 268 0 8.38 16.12 
93500 11889 56 73 97 99 270 0 8.38 16.12 
93673 11889 56 73 97 99 270 0 8.40 16.12 
93846 11889 56 73 97 99 270 1 8.38 16.12 
94019 11409 57 73 97 98 269 6 8.38 16.12 
94192 11889 56 73 97 99 270 0 8.38 16.13 
94365 11889 56 73 97 99 270 6 8.38 16.12 
94538 11889 56 73 97 99 270 0 8.38 16.12 
94711 11889 56 73 97 99 270 0 8.40 16.12 
94884 11881 58 75 100 102 278 0 7.11 47.58 
95058 12401 65 81 111 114 308 0 8.38 42.42 
95232 12411 66 82 113 116 312 3 7.11 42.43 
95406 12838 65 82 112 116 312 0 8.40 42.82 
95580 12838 65 82 112 116 312 3 8.38 28.71 
95753 12411 66 82 113 116 312 0 7.11 29.50 
95926 12444 66 81 112 115 310 0 7.11 29.48 
96099 12444 66 81 112 115 309 2 8.38 29.48 
96272 12444 66 81 112 115 309 0 7.11 29.50 
96445 12444 66 81 112 115 309 0 8.38 29.48 
96618 12444 66 81 112 115 309 0 8.40 48.77 
96793 12444 66 81 112 115 311 0 9.76 48.57 
96968 12401 65 81 111 114 309 0 9.76 48.93 
97143 11454 62 78 105 106 290 0 15.16 15.81 
97316 11936 64 80 109 111 301 3 8.38 16.44 
97489 12411 66 82 113 116 312 0 8.38 16.44 
97662 12444 66 81 112 115 311 0 8.38 38.35 
97836 12444 66 81 112 115 311 0 8.38 16.42 
98009 12444 66 81 112 115 311 0 8.38 38.35 
98183 12444 66 81 112 115 311 1 8.38 38.35 
98357 12444 66 81 112 115 311 0 8.38 16.44 
98530 12444 66 81 112 115 311 0 8.40 16.44 
98703 12444 66 81 112 115 311 0 8.38 16.44 
98876 12444 66 81 112 115 311 0 16.15 28.97 
99050 12444 66 81 112 115 311 1 8.38 16.42 
99223 12444 66 81 112 115 311 0 7.11 50.44 
99398 12444 66 81 112 115 311 3 8.38 50.46 
99573 12444 66 81 112 115 311 0 16.46 28.97 
99747 12444 66 81 112 115 311 0 10.10 16.42 
99920 12444 66 81 112 115 311 0 10.10 16.44 
100093 12444 66 81 112 115 311 0 16.46 45.00 
100268 12444 66 81 112 115 311 0 8.40 45.02 
100442 12444 66 81 112 115 311 0 7.11 54.33 
100617 12444 66 81 112 115 311 0 7.11 44.59 
100791 12444 66 81 112 115 311 0 7.11 53.47 
100966 12915 65 81 112 116 311 3 7.11 49.10 
101140 12915 65 81 112 116 311 0 7.11 52.63 
101315 12915 65 81 112 116 311 4 7.11 52.63 
101490 12915 65 81 112 116 311 0 7.11 53.99 
101665 12915 65 81 112 116 311 4 7.11 28.97 
101838 12444 66 81 112 115 311 0 7.11 52.67 
102013 12444 66 81 112 115 311 0 7.11 52.65 
102188 12444 66 81 112 115 311 0 7.11 53.14 
102363 12444 66 81 112 115 311 0 7.11 16.42 
102536 12444 66 81 112 115 311 0 7.11 53.99 
102711 12444 66 81 112 115 311 0 7.11 52.67 
102886 12444 66 81 112 115 311 0 7.11 38.79 
103060 12444 66 81 112 115 311 0 7.11 53.13 
103235 12444 66 81 112 115 311 0 7.11 38.81 
103409 12444 66 81 112 115 311 0 7.11 53.13 
103584 12444 66 81 112 115 311 0 7.11 38.35 
103758 12444 66 81 112 115 311 0 7.11 52.62 
103933 12444 66 81 112 115 311 0 7.11 37.91 
104107 12444 66 81 112 115 311 0 8.38 37.89 
104281 12915 65 81 112 116 311 6 8.38 37.45 
104455 12444 66 81 112 115 311 0 8.38 37.01 
104629 12444 66 81 112 115 311 0 8.38 37.01 
104803 12444 66 81 112 115 311 0 8.38 51.29 
104978 12444 66 81 112 115 311 0 10.10 37.45 
105152 12444 66 81 112 115 311 0 9.76 37.01 
105326 12444 66 81 112 115 311 0 14.82 36.99 
105500 12444 66 81 112 115 311 0 8.38 44.22 
105674 12444 66 81 112 115 311 0 8.38 48.94 
105849 12444 66 81 112 115 311 0 16.46 29.73 
106023 12444 66 81 112 115 311 0 16.15 29.73 
106197 12444 66 81 112 115 311 6 10.10 53.50 
106372 12444 66 81 112 115 311 0 8.40 49.44 
106547 12444 66 81 112 115 311 5 8.38 49.44 
106722 12444 66 81 112 115 311 0 8.40 49.42 
106897 12444 66 81 112 115 311 5 8.38 51.29 
107072 12444 66 81 112 115 311 0 10.10 50.46 
107247 12444 66 81 112 115 311 4 36.58 50.44 
107423 12444 66 81 112 115 311 0 8.38 51.29 
107598 12444 66 81 112 115 311 0 8.38 51.31 
107773 12915 65 81 112 116 311 0 8.38 51.31 
107948 12444 66 81 112 115 311 0 8.38 51.31 
108123 12444 66 81 112 115 311 0 8.38 51.29 
108298 12444 66 81 112 115 311 0 8.38 51.29 
108473 12444 66 81 112 115 311 0 8.38 28.71 
108646 12915 65 81 112 116 311 3 10.10 35.39 
108820 12411 66 82 113 116 312 0 10.10 30.51 
108994 12838 65 82 112 116 311 3 8.40 27.86 
109167 10533 59 74 98 97 271 0 7.11 26.15 
109340 11861 71 88 120 122 331 0 7.11 21.81 
109513 11821 68 86 116 118 322 2 8.38 30.24 
109686 9514 71 89 115 111 318 0 10.10 37.67 
109860 11401 82 101 137 138 378 2 10.10 18.97 
110033 10725 86 106 142 141 391 0 8.38 36.75 
110207 9925 81 103 133 130 367 0 7.11 15.79 
110380 3753 43 79 67 50 198 0 7.11 14.81 
110552 2212 39 129 79 59 264 0 20.25 12.10 
110725 1653 27 138 71 54 259 0 16.13 31.28 
110899 1862 29 120 67 51 235 3 16.15 31.28 
111073 1842 28 117 65 49 229 0 17.41 32.56 
111247 1842 28 117 65 49 228 0 16.13 33.85 
111421 1842 28 117 65 49 228 0 16.15 30.77 
111595 1842 28 117 65 49 228 0 19.94 16.44 
111768 1842 28 117 65 49 227 0 18.68 30.51 
111942 1842 28 117 65 49 227 5 17.41 33.85 
112116 1842 28 117 65 49 227 0 17.41 30.00 
112290 1842 28 117 65 49 227 0 16.46 31.28 
112464 1835 29 117 65 48 227 0 16.13 30.00 
112638 1835 29 117 65 48 226 0 16.15 12.10 
112811 1835 29 117 65 48 226 0 16.15 13.45 
112984 1835 29 117 65 48 226 0 17.41 16.44 
113157 1835 29 117 65 48 226 4 16.15 31.30 
113331 1835 29 117 65 48 226 0 12.46 16.44 
113504 1835 29 117 65 48 226 0 8.40 29.24 
113677 1815 28 118 65 49 228 0 8.38 15.49 
113850 1763 30 133 72 54 256 0 10.10 29.75 
114023 2201 35 118 72 54 242 5 7.11 40.63 
114197 3647 41 98 75 61 233 0 7.11 29.99 
114370 12666 70 89 121 125 336 0 7.11 36.09 
114544 3922 23 93 62 60 214 0 8.38 42.62 
114718 4052 85 150 132 101 384 0 7.11 47.01 
114892 3535 92 132 122 78 336 4 43.88 47.79 
115069 2744 114 164 137 66 371 0 8.38 51.95 
115244 2759 120 172 144 70 390 0 8.38 45.02 
115418 2740 104 148 124 59 335 0 7.11 48.57 
115592 2875 86 123 105 54 285 0 8.38 55.01 
115767 2951 79 110 96 50 258 0 7.11 56.49 
115942 3071 68 98 86 48 234 0 57.54 55.49 
116120 3099 64 94 82 47 224 0 8.38 54.67 
116295 3103 66 96 84 48 230 0 65.06 54.18 
116473 3110 59 89 77 45 212 4 65.06 54.15 
116651 3136 54 82 71 42 195 0 65.06 53.67 
116829 3136 54 82 71 42 196 0 64.36 53.99 
117007 3136 54 82 71 42 196 0 62.41 15.79 
117183 3132 52 80 69 41 191 0 9.76 52.82 
117358 3297 50 72 65 39 178 0 8.06 52.80 
117533 3061 68 95 84 46 227 0 9.76 51.78 
117708 2953 78 111 96 51 261 0 55.73 48.74 
117885 2951 80 115 99 53 269 0 10.10 45.58 
118059 2976 80 114 99 53 267 0 14.82 44.81 
118234 3036 62 91 79 44 215 0 15.83 44.98 
118409 2888 34 85 60 45 188 0 13.48 43.62 
118584 2535 31 94 61 47 199 0 49.35 42.24 
118761 2984 34 80 58 43 179 0 49.33 43.23 
118938 3118 33 79 58 44 180 6 16.13 42.82 
119113 3118 33 79 58 44 179 0 16.13 42.82 
119288 3118 33 79 58 44 179 6 16.13 42.42 
119463 3118 33 79 58 44 179 0 16.13 42.82 
119638 3118 33 79 58 44 179 6 16.15 42.82 
119813 3118 33 79 58 44 179 0 16.15 42.81 
119988 3118 33 79 58 44 179 6 50.69 42.82 
120165 3118 33 79 58 44 179 0 49.33 42.82 
120342 3118 33 79 58 44 179 0 50.69 42.81 
120519 3118 33 79 58 44 179 10 49.86 42.82 
120696 3118 33 79 58 44 179 0 50.69 42.82 
120873 3118 33 79 58 44 179 0 50.69 42.82 
121050 3118 33 79 58 44 179 0 20.57 42.82 
121225 3118 33 79 58 44 179 0 15.83 42.82 
121400 3118 33 79 58 44 179 0 10.08 42.81 
121574 3118 33 79 58 44 179 0 15.16 16.12 
121747 3118 33 79 58 44 179 0 50.69 42.81 
121924 3118 33 79 58 44 179 0 10.10 42.82 
122098 3118 33 79 58 44 179 0 18.04 42.81 
122273 3118 33 79 58 44 179 0 8.40 42.82 
122447 3118 33 79 58 44 179 0 8.38 42.82 
122621 3118 33 79 58 44 179 3 8.40 42.82 
122795 3182 34 78 58 44 179 0 8.38 42.82 
122969 3182 34 78 58 44 179 1 8.38 42.81 
123143 3118 33 79 58 44 179 0 8.38 42.81 
123317 3118 33 79 58 44 179 0 8.38 42.81 
123491 3182 34 78 58 44 179 0 8.40 42.82 
123665 3118 33 79 58 44 179 0 8.38 42.81 
123839 3118 33 79 58 44 179 0 8.40 42.82 
124013 3118 33 79 58 44 179 0 8.38 42.81 
124187 3118 33 79 58 44 179 6 8.40 42.81 
124361 3118 33 79 58 44 179 0 7.11 44.22 
124535 3182 34 78 58 44 179 0 8.40 43.62 
124709 3241 35 68 54 38 160 0 8.40 43.60 
124883 2925 33 81 58 43 182 0 8.40 43.60 
125057 2809 32 84 58 44 186 0 8.40 43.60 
125231 2809 32 84 58 44 187 0 7.11 43.60 
125405 2809 32 84 58 44 187 1 7.11 43.59 
125579 2809 32 84 58 44 187 0 8.38 43.60 
125753 2809 32 84 58 44 187 4 8.40 43.60 
125927 2809 32 84 58 44 187 0 16.15 43.59 
126102 2809 32 84 58 44 187 0 4.54 2.92 
126274 2809 32 84 58 44 187 0 14.82 43.60 
126449 2809 32 84 58 44 187 0 14.82 44.03 
126624 2809 32 84 58 44 187 0 9.76 43.60 
126798 2809 32 84 58 44 187 0 16.78 43.62 
126973 2911 32 84 59 45 188 0 10.10 43.62 
127147 2911 32 84 59 45 188 0 10.10 43.62 
127321 2911 32 84 59 45 188 3 10.10 43.60 
127495 2911 32 84 59 45 188 0 16.78 43.60 
127670 2911 32 84 59 45 188 3 10.10 43.62 
127844 2911 32 84 59 45 188 0 16.76 43.62 
128019 2911 32 84 59 45 188 12 16.76 43.62 
128194 2911 32 84 59 45 188 0 10.10 43.60 
128368 2911 32 84 59 45 188 0 10.10 43.60 
128542 2911 32 84 59 45 188 0 45.66 44.42 
128718 2873 33 88 61 47 195 0 7.11 56.22 
128893 2591 31 99 64 51 212 0 16.78 49.08 
129068 2607 33 103 67 53 221 0 8.38 29.24 
129241 2551 31 98 63 50 208 0 16.76 48.77 
129416 2547 28 92 59 47 197 0 8.40 29.22 
129589 2650 29 92 60 48 198 0 8.40 53.65 
129764 2650 29 92 60 48 198 0 8.38 54.49 
129939 2650 29 92 60 48 198 13 7.11 28.71 
130112 2650 29 92 60 48 198 0 8.38 29.48 
130285 2650 29 92 60 48 198 0 8.38 51.78 
130460 2591 31 99 64 51 212 0 8.38 56.20 
130635 2986 30 80 56 44 178 0 8.40 53.48 
130810 2581 30 94 61 48 202 0 7.11 50.78 
130985 3032 47 81 66 41 189 0 8.38 55.64 
131160 3006 74 109 94 52 259 0 8.38 48.74 
131335 2839 95 137 116 59 315 0 8.40 43.20 
131509 2744 114 164 137 66 371 0 8.38 55.33 
131684 2934 88 127 109 58 296 0 8.38 31.81 
131858 4132 119 173 167 120 464 0 23.31 26.42 
132032 4034 100 157 145 106 412 0 8.38 23.55 
132205 2866 18 114 67 68 247 2 8.40 36.53 
132379 2567 18 140 79 83 298 0 7.11 35.85 
132553 3104 26 111 70 66 245 3 7.11 32.32 
132726 2312 21 126 72 70 264 0 7.11 28.97 
132899 5520 45 101 86 79 266 0 7.11 16.75 
133072 9123 100 120 158 150 431 3 7.11 34.12 
133246 5954 64 114 110 98 322 0 7.11 11.08 
133418 1948 29 108 62 46 214 0 5.81 16.75 
133590 3031 49 91 72 47 211 0 5.81 16.75 
133762 3449 62 92 83 53 231 0 5.81 16.75 
133934 3426 61 91 82 52 228 0 5.81 16.76 
134106 3426 61 91 82 52 227 0 5.81 16.75 
134278 3463 62 90 82 52 227 0 5.81 10.76 
134450 3463 62 90 82 52 227 0 5.81 10.74 
134622 3463 62 90 82 52 227 0 5.81 10.74 
134794 3403 61 90 81 51 227 0 5.81 15.79 
134966 3403 61 90 81 51 227 0 5.81 12.44 
135138 3403 61 90 81 51 227 2 5.81 12.09 
135310 3403 61 90 81 51 226 0 5.81 11.76 
135482 3403 61 90 81 51 225 0 5.81 11.76 
135654 3403 61 90 81 51 225 6 9.08 11.08 
135826 3393 59 90 80 51 224 0 16.78 12.43 
135999 2972 45 88 68 45 202 4 7.11 15.79 
136172 2031 29 102 60 44 203 3 8.38 33.10 
136346 4787 54 114 97 84 294 0 8.38 36.75 
136520 7959 70 120 125 120 367 5 7.11 43.01 
136694 3573 51 133 98 82 312 0 7.11 41.99 
136868 4064 166 240 231 164 642 0 7.11 42.43 
137042 4039 136 191 186 130 514 0 7.11 42.42 
137216 4021 128 180 175 122 484 0 7.11 42.42 
137390 4053 129 180 176 123 486 0 7.11 42.42 
137564 4033 129 181 176 123 486 0 7.11 42.43 
137738 4033 129 181 176 123 486 3 7.11 42.43 
137912 4033 129 181 176 123 487 0 7.11 42.43 
138086 4033 129 181 176 123 487 3 7.11 42.42 
138260 4033 129 181 176 123 487 0 7.11 42.43 
138434 4033 129 181 176 123 487 0 7.11 42.43 
138608 4033 129 181 176 123 487 0 7.11 42.42 
138782 4033 129 181 176 123 487 0 7.11 42.42 
138956 4033 129 181 176 123 487 0 7.11 42.43 
139130 4033 129 181 176 123 487 0 7.11 42.43 
139304 4033 129 181 176 123 487 6 7.11 42.43 
139478 4033 129 181 176 123 487 0 7.11 42.42 
139652 4033 129 181 176 123 487 0 7.11 42.42 
139826 4033 129 181 176 123 487 0 7.11 42.42 
140000 4033 129 181 176 123 487 0 7.11 42.42 
140174 4033 129 181 176 123 487 0 7.11 42.43 
140348 4033 129 181 176 123 487 0 7.11 42.43 
140522 4033 129 181 176 123 487 0 7.11 42.42 
140696 4033 129 181 176 123 487 0 7.11 42.42 
140870 4033 129 181 176 123 487 5 7.11 42.43 
141044 4033 129 181 176 123 487 0 7.11 42.42 
141218 4033 129 181 176 123 488 0 7.11 42.42 
141392 4029 130 181 177 123 488 0 7.11 42.42 
141566 4029 130 181 177 123 488 0 7.11 41.99 
141740 4033 129 181 176 123 488 0 7.11 42.43 
141914 4033 129 181 176 123 487 0 7.11 42.43 
142088 4033 129 181 176 123 487 3 7.11 42.40 
142262 4033 129 181 176 123 487 0 7.11 42.42 
142436 4033 129 181 176 123 487 1 8.38 42.01 
142610 4053 129 180 176 123 486 0 7.11 42.42 
142784 4053 129 180 176 123 486 0 7.11 42.42 
142958 4053 129 180 176 123 486 0 8.38 42.42 
143132 4053 129 180 176 123 485 0 8.38 42.43 
143306 4018 130 180 176 122 485 0 9.76 42.42 
143480 4021 128 180 175 122 485 0 10.10 42.42 
143654 4021 128 180 175 122 484 6 8.40 42.01 
143828 4021 128 180 175 122 484 0 8.38 42.42 
144002 4021 128 180 175 122 484 0 9.76 42.43 
144176 4021 128 180 175 122 484 0 9.76 42.42 
144350 4021 128 180 175 122 484 0 9.76 42.43 
144524 4021 128 180 175 122 484 0 9.76 42.43 
144698 4021 128 180 175 122 484 0 8.40 42.42 
144872 4021 128 180 175 122 484 0 8.38 42.42 
145046 4021 128 180 175 122 484 0 8.38 42.43 
145220 4021 128 180 175 122 484 3 9.76 42.42 
145394 4021 128 180 175 122 484 0 10.10 42.43 
145568 4021 128 180 175 122 484 0 9.76 42.42 
145742 4021 128 180 175 122 484 0 9.76 42.42 
145916 4021 128 180 175 122 484 0 10.10 42.43 
146090 4021 128 180 175 122 484 0 9.76 42.42 
146264 4021 128 180 175 122 484 0 9.76 42.42 
146438 4021 128 180 175 122 484 4 10.10 42.01 
146612 4021 128 180 175 122 484 0 9.76 42.42 
