=~=~=~=~=~=~=~=~=~=~=~= PuTTY log 2025.11.26 14:48:49 =~=~=~=~=~=~=~=~=~=~=~=
13291 6996 63 60 86 72 215 0 13291 6996 63 60 86 72 215 0 13291 6996 63 60 86 72 215 0 13291 6996 63 60 86 72 215 0 13291 6996 63 60 86 72 215 0 13291 6996 63 60 86 72 215 0 13291 6996 63 60 86 72 215 0 13291 6996 63 60 86 72 215 0 13291 6996 63 60 86 72 215 0 13291 6996 63 60 86 72 215 0 13291 6996 63 60 86 72 215 0 13291 6996 63 60 86 72 215 0 13291 6996 63 60 86 72 215 0 13291 6996 63 60 86 72 215 0 13291 6996 63 60 86 72 215 0 13291 6996 63 60 86 72 215 0 13291 6996 63 60 86 72 215 0 13291 6996 63 60 86 72 215 0 13291 6996 63 60 86 72 215 0 13291 6996 63 60 86 72 215 0 13291 6996 63 60 86 72 215 0 13291 6996 63 60 86 72 215 0 13291 6996 63 60 86 72 215 0 13291 6996 63 60 86 72 215 0 13291 6996 63 60 86 72 215 0 13291 6996 63 60 86 72 215 0 13291 6996 63 60 86 72 215 0 13291 6996 63 60 86 72 215 0 13291 6996 63 60 86 72 215 0 13291 6996 63 60 86 72 215 0 13291 6996 63 60 86 72 215 0 13291 6996 63 60 86 72 215 0 13291 6996 63 60 86 72 215 0 13291 6996 63 60 86 72 215 0 13291 6996 63 60 86 72 215 0 13291 6996 63 60 86 72 215 0 13291 6996 63 60 86 72 215 0 13291 6996 63 60 86 72 215 0 13291 6996 63 60 86 72 215 0 13291 6996 63 60 86 72 215 0 13291 6996 63 60 86 72 215 0 13291 6996 63 60 86 72 215 0 13291 6996 63 60 86 72 215 0 13291 6996 63 60 86 72 215 0 13291 6996 63 60 86 72 215 0 13291 6996 63 60 86 72 215 0 13291 6996 63 60 86 72 215 0 13291 6996 63 60 86 72 215 0 13291 6996 63 60 86 72 215 0 13291 6996 63 60 86 72 215 0 13291 6996 63 60 86 72 215 0 13291 6996 63 60 86 72 215 0 13291 6996 63 60 86 72 215 0 ets Jul 29 2019 12:21:46

rst:ets Jul 29 2019 12:21:46

rst:ets Jul 29 2019 12:21:46

rst:ets Jul 29 2019 12:21:46

rst:ets Jul 29 2019 12:21:46

rst:ets Jul 29 2019 12:21:46

rst:ets Jul 29 2019 12:21:46

rst:ets Jul 29 2019 12:21:46

rst:ets Jul 29 2019 12:21:46

rst:ets Jul 29 2019 12:21:46

rst:ets Jul 29 2019 12:21:46

rst:ets Jul 29 2019 12:21:46

rst:ets Jul 29 2019 12:21:46

rst:ets Jul 29 2019 12:21:46

rst:ets Jul 29 2019 12:21:46

rst:ets Jul 29 2019 12:21:46

rst:ets Jul 29 2019 12:21:46

rst:ets Jul 29 2019 12:21:46

rst:ets Jul 29 2019 12:21:46

rst:ets Jul 29 2019 12:21:46

rst:ets Jul 29 2019 12:21:46

rst:ets Jul 29 2019 12:21:46

rst:ex1 (POWERON_RESET),boot:0x3 (DO0x1 (POWERON_RESET),boot:0x3 (DO0x1 (POWERON_RESET),boot:0x3 (DO0x1 (POWERON_RESET),boot:0x3 (DO0x1 (POWERON_RESET),boot:0x3 (DO0x1 (POWERON_RESET),boot:0x3 (DO0x1 (POWERON_RESET),boot:0x3 (DO0x1 (POWERON_RESET),boot:0x3 (DO0x1 (POWERON_RESET),boot:0x3 (DO0x1 (POWERON_RESET),boot:0x3 (DO0x1 (POWERON_RESET),boot:0x3 (DO0x1 (POWERON_RESET),boot:0x3 (DO0x1 (POWERON_RESET),boot:0x3 (DO0x1 (POWERON_RESET),boot:0x3 (DO0x1 (POWERON_RESET),boot:0x3 (DO0x1 (POWERON_RESET),boot:0x3 (DO0x1 (POWERON_RESET),boot:0x3 (DO0x1 (POWERON_RESET),boot:0x3 (DO0x1 (POWERON_RESET),boot:0x3 (DO0x1 (POWERON_RESET),boot:0x3 (DO0x1 (POWERON_RESET),boot:0x3 (DO0x1 (POWERON_RESET),boot:0x3 (DO0x1 (POWERON_RESET),boot:0x3 (DO0x1 (POWERON_RESET),boot:0x3 (DO0x1 (POWERON_RESET),boot:0x3 (DO0x1 (POWERON_RESET),boot:0x3 (DO0x1 (POWERON_RESET),boot:0x3 (DO0x1 (POWERON_RESET),boot:0x3 (DO0x1 (POWERON_RESET),boot:0x3 (DO0x1 (POWERON_RESET),boot:0x3 (DO0x1 (POWERON_RESET),boot:0x3 (DO0x1 (POWERON_RESET),boot:0x3 (DO0x1 (POWERON_RESET),boot:0x3 (DO0x1 (POWERON_RESET),boot:0x3 (DO0x1 (POWERON_RESET),boot:0x3 (DO0x1 (POWERON_RESET),boot:0x3 (DO0x1 (POWERON_RESET),boot:0x3 (DO0x1 (POWERON_RESET),boot:0x3 (DO0x1 (POWERON_RESET),boot:0x3 (DO0x1 (POWERON_RESET),boot:0x3 (DO0x1 (POWERON_RESET),boot:0x3 (DO0x1 (POWERON_RESET),boot:0x3 (DO0x1 (POWERON_RESET),boot:0x3 (DO0x1 (POWERON_RESET),boot:0x3 (DO0x1 (POWERON_RESET),boot:0x3 (DO0x1 (POWERON_RESET),boot:0x3 (DOWNLOAD_BOOT(UART0/UART1/SDIO_REI_REO_V2))
waiting for download
=~=~=~=~=~=~=~=~=~=~=~= PuTTY log 2025.11.26 14:49:19 =~=~=~=~=~=~=~=~=~=~=~=
ets Jul 29 2019 12:21:46

rst:0x1 (POWERON_RESET),boot:0x3 (DOWNLOAD_BOOT(UART0/UART1/SDIO_REI_REO_V2))
waiting for download
=~=~=~=~=~=~=~=~=~=~=~= PuTTY log 2025.11.26 14:49:43 =~=~=~=~=~=~=~=~=~=~=~=
48.77 
48.77 
48.77 
48.77 
48.77 
48.77 
48.77 
48.77 
48.77 
48.77 
48.77 
48.77 
48.77 
48.77 
48.77 
48.77 
48.77 
48.77 
48.77 
48.77 
48.77 
48.77 
48.77 
48.77 
48.77 
48.77 
48.77 
48.77 
48.77 
48.77 
48.77 
48.77 
48.77 
48.77 
48.77 
48.77 
48.77 
48.77 
48.77 
48.77 
48.77 
48.77 
48.77 
48.77 
48.77 
48.77 
48.77 
48.77 
48.77 
48.77 
48.77 
48.77 
48.77 
48.77 
48.77 
48.77 
48.77 
48.77 
48.77 
48.77 
48.77 
48.77 
48.77 
48.77 
48.77 
48.77 
48.77 
48.77 
48.77 
48.77 
48.77 
48.77 
48.77 
48.77 
48.77 
48.77 
48.77 
48.77 
48.77 
48.77 
48.77 
48.77 
48.77 
48.77 
48.77 
48.77 
48.77 
48.77 
48.77 
48.77 
48.77 
48.77 
48.77 
48.77 
48.77 
48.77 
48.77 
48.77 
48.77 
48.77 
48.77 
48.77 
48.77 
48.77 
48.77 
48.77 
48.77 
48.77 
48.77 
48.77 
48.77 
48.77 
48.77 
ets Jul 29 2019 12:21:46

rst:0x1 (POWERON_RESET),boot:0x13 (SPI_FAST_FLASH_BOOT)
configsip: 0, SPIWP:0xee
clk_drv:0x00,q_drv:0x00,d_drv:0x00,cs0_drv:0x00,hd_drv:0x00,wp_drv:0x00
mode:DIO, clock div:1
load:0x3fff0030,len:4980
load:0x40078000,len:16612
load:0x40080400,len:3480
entry 0x400805b4
Found sensor
Milis - ColorTemp - Lux - R - G - B - C - Pot - UsensA - UsensB

399 7653 69 63 95 82 236 0 0.00 55.64 
1571 7645 68 62 94 81 234 0 0.00 55.66 
2743 7645 68 62 94 81 234 0 0.00 55.62 
3915 7645 68 62 94 81 234 6 0.00 55.76 
5087 7720 70 63 96 83 238 0 0.00 56.34 
6259 7786 71 63 97 84 241 0 57.41 49.27 
6436 7786 71 63 97 84 241 0 57.41 49.25 
6613 7786 71 63 97 84 240 0 0.00 55.76 
7785 7653 69 63 95 82 237 0 0.00 55.78 
8957 7653 69 63 95 82 237 0 0.00 55.66 
10129 7786 71 63 97 84 240 0 0.00 55.62 
11301 7927 73 65 101 88 250 15 0.00 55.93 
12473 7786 71 63 97 84 241 0 0.00 55.90 
13645 7786 71 63 97 84 240 0 57.41 55.51 
13823 7585 71 63 97 83 240 0 57.53 56.05 
14001 7577 68 62 93 80 231 0 57.27 49.11 
14178 7417 65 60 89 76 223 0 57.29 49.10 
14355 7577 68 62 93 80 232 0 0.00 55.95 
15527 7786 71 63 97 84 240 0 0.00 55.64 
16699 7786 71 63 97 84 241 0 0.00 55.64 
17871 7786 71 63 97 84 241 4 0.00 55.91 
19043 7786 71 63 97 84 242 0 0.00 56.07 
20215 7793 71 64 98 85 243 0 0.00 55.93 
21387 7793 71 64 98 85 244 11 0.00 56.03 
22559 7720 70 63 96 83 240 25 0.00 55.79 
23731 7653 69 63 95 82 237 0 0.00 55.78 
24903 7645 68 62 94 81 233 0 57.54 55.78 
25081 7519 71 63 96 82 238 0 57.54 55.79 
25259 7720 70 63 96 83 238 12 57.68 56.22 
25437 7720 70 63 96 83 239 0 0.00 55.76 
26609 7568 67 61 92 79 229 0 57.68 56.34 
26787 7511 70 62 95 81 235 0 57.68 56.20 
26965 7645 68 62 94 81 234 0 57.70 49.08 
27142 7507 67 62 92 79 229 2 57.68 56.32 
27320 7498 66 61 91 78 228 0 57.68 56.20 
27498 7427 65 61 90 77 225 0 57.82 55.91 
27676 7498 66 61 91 78 227 3 57.82 55.91 
27854 7427 65 61 90 77 225 0 57.70 56.34 
28032 7355 65 61 89 76 224 0 57.82 55.93 
28210 7355 65 61 89 76 224 1 57.82 55.93 
28388 7355 65 61 89 76 223 0 57.70 56.19 
28566 7355 65 61 89 76 222 0 57.68 56.20 
28744 7355 65 61 89 76 222 0 57.66 56.34 
28922 7427 65 61 90 77 224 0 57.54 56.19 
29100 7498 66 61 91 78 227 0 57.54 56.19 
29278 7645 68 62 94 81 234 0 57.68 47.38 
29455 7444 69 62 94 80 233 0 57.54 55.78 
29633 7645 68 62 94 81 234 0 57.53 49.61 
29810 7653 69 63 95 82 236 4 57.41 48.74 
29987 7786 71 63 97 84 241 0 57.41 55.78 
30165 7771 70 61 95 82 236 0 57.41 49.59 
30342 7911 68 60 93 81 231 4 57.39 55.76 
30520 7918 68 61 94 82 233 0 57.39 49.25 
30697 7763 69 60 94 81 232 0 57.39 47.55 
30874 7790 75 65 102 88 252 0 57.41 46.19 
31051 7989 74 65 102 89 252 0 57.41 49.28 
31228 7927 73 65 101 88 251 1 57.41 55.93 
31406 7927 73 65 101 88 251 0 57.39 47.57 
31583 7927 73 65 101 88 251 0 57.39 49.27 
31760 7790 75 65 102 88 252 5 57.41 49.27 
31937 7790 75 65 102 88 252 0 57.41 55.91 
32115 7790 75 65 102 88 252 0 57.53 46.56 
32292 7790 75 65 102 88 252 0 57.41 49.25 
32469 7790 75 65 102 88 252 0 57.53 46.58 
32646 7790 75 65 102 88 252 0 57.41 55.91 
32824 7790 75 65 102 88 252 0 57.41 49.27 
33001 7790 75 65 102 88 252 0 57.39 55.91 
33179 7790 75 65 102 88 252 18 57.39 55.90 
33357 7790 75 65 102 88 252 0 57.41 55.91 
33535 7790 75 65 102 88 252 0 57.41 55.90 
33713 7790 75 65 102 88 252 2 57.39 49.25 
33890 7790 75 65 102 88 252 0 57.41 49.27 
34067 7790 75 65 102 88 252 0 57.39 55.91 
34245 7790 75 65 102 88 252 3 57.39 55.93 
34423 7790 75 65 102 88 252 0 57.41 55.78 
34601 7989 74 65 102 89 252 0 57.41 49.27 
34778 7989 74 65 102 89 254 5 57.39 55.78 
34956 7790 75 65 102 88 252 0 41.89 55.78 
35133 7790 75 65 102 88 252 0 57.39 55.78 
35311 7783 74 64 101 87 249 0 57.53 56.35 
35489 7927 73 65 101 88 250 0 57.53 49.10 
35666 7927 73 65 101 88 250 0 57.54 55.93 
35844 7927 73 65 101 88 250 0 57.39 55.90 
36022 7983 74 64 101 88 250 0 57.39 47.16 
36199 7927 73 65 101 88 251 0 57.54 56.32 
36377 7983 74 64 101 88 250 0 57.41 55.76 
36555 7983 74 64 101 88 250 0 57.68 55.74 
36733 7657 73 64 99 85 244 0 57.39 49.25 
36910 7593 72 64 98 84 243 0 57.54 56.20 
37088 7857 72 64 99 86 246 0 57.53 55.91 
37266 7857 72 64 99 86 246 0 57.53 49.10 
37443 7857 72 64 99 86 246 0 57.27 49.08 
37620 7857 72 64 99 86 246 0 56.69 54.65 
37798 7857 72 64 99 86 245 0 56.71 55.17 
37976 7786 71 63 97 84 242 0 56.69 54.65 
38154 7636 68 61 93 80 230 0 56.69 54.99 
38332 7793 71 64 98 85 244 6 56.58 55.35 
38510 7728 74 65 101 87 250 0 56.58 54.99 
38688 7927 73 65 101 88 251 0 56.58 54.99 
38866 7983 74 64 101 88 251 0 56.56 54.98 
39044 7927 73 65 101 88 252 0 56.58 54.99 
39222 7790 75 65 102 88 252 0 56.56 54.99 
39400 7989 74 65 102 89 252 0 56.58 54.99 
39578 7989 74 65 102 89 253 0 56.58 54.98 
39756 7989 74 65 102 89 253 0 56.56 54.99 
39934 7989 74 65 102 89 253 0 56.58 54.99 
40112 7989 74 65 102 89 253 0 56.58 55.01 
40290 7989 74 65 102 89 253 0 56.58 54.99 
40468 7989 74 65 102 89 253 0 56.58 54.99 
40646 7989 74 65 102 89 253 0 56.58 54.99 
40824 7989 74 65 102 89 253 0 56.58 54.99 
41002 7989 74 65 102 89 253 0 56.58 55.01 
41180 7989 74 65 102 89 253 0 56.56 54.99 
41358 7989 74 65 102 89 253 0 56.68 54.99 
41536 7989 74 65 102 89 253 0 56.54 54.99 
41714 7989 74 65 102 89 254 0 56.56 55.01 
41892 7989 74 65 102 89 254 0 56.56 54.99 
42070 7989 74 65 102 89 254 0 56.56 54.98 
42248 7989 74 65 102 89 254 2 56.56 54.99 
42426 7989 74 65 102 89 254 0 56.69 54.99 
42604 7989 74 65 102 89 254 0 56.56 54.99 
42782 7989 74 65 102 89 254 4 56.69 54.99 
42960 7989 74 65 102 89 254 0 56.56 54.99 
43138 7989 74 65 102 89 254 0 56.58 54.99 
43316 7989 74 65 102 89 254 4 56.58 54.99 
43494 7989 74 65 102 89 254 0 56.56 54.99 
43672 7989 74 65 102 89 254 0 56.56 55.01 
43850 7989 74 65 102 89 254 3 56.58 55.01 
44028 7989 74 65 102 89 254 0 56.58 55.01 
44206 7989 74 65 102 89 254 0 56.58 55.01 
44384 7989 74 65 102 89 253 0 56.58 55.01 
44562 7989 74 65 102 89 253 0 56.97 55.01 
44740 7989 74 65 102 89 253 0 56.56 54.99 
44918 7989 74 65 102 89 253 0 56.56 54.99 
45096 7989 74 65 102 89 253 0 56.56 54.99 
45274 7989 74 65 102 89 253 0 56.56 55.01 
45452 7989 74 65 102 89 253 0 56.56 54.99 
45630 7989 74 65 102 89 253 0 56.97 55.01 
45808 7989 74 65 102 89 253 0 56.56 54.99 
45986 8045 75 64 102 89 253 0 56.56 54.99 
46164 8045 75 64 102 89 253 0 56.58 55.01 
46342 7845 75 64 102 88 252 0 56.58 54.99 
46520 7845 75 64 102 88 253 0 56.58 54.99 
46698 8045 75 64 102 89 253 0 56.58 55.01 
46876 7845 75 64 102 88 253 0 56.56 54.99 
47054 7845 75 64 102 88 253 0 56.56 54.99 
47232 7989 74 65 102 89 253 2 56.56 55.01 
47410 7983 74 64 101 88 252 0 56.56 51.29 
47588 7983 74 64 101 88 251 0 56.58 55.01 
47766 7983 74 64 101 88 251 6 56.56 51.29 
47944 7983 74 64 101 88 251 0 56.58 55.01 
48122 7983 74 64 101 88 251 0 56.56 55.01 
48300 7983 74 64 101 88 252 9 56.58 54.98 
48478 7983 74 64 101 88 252 0 56.56 55.01 
48656 7983 74 64 101 88 252 0 56.56 54.99 
48834 7983 74 64 101 88 252 11 56.56 55.01 
49012 7845 75 64 102 88 253 0 56.58 54.99 
49190 7845 75 64 102 88 253 0 56.58 54.99 
49368 7845 75 64 102 88 253 5 56.58 54.99 
49546 7845 75 64 102 88 253 0 56.58 55.01 
49724 7845 75 64 102 88 253 0 56.58 54.99 
49902 7845 75 64 102 88 253 2 56.58 54.98 
50080 7845 75 64 102 88 253 0 56.56 55.01 
50258 8045 75 64 102 89 253 0 56.58 54.99 
50436 8045 75 64 102 89 253 0 56.56 54.98 
50614 8045 75 64 102 89 253 0 56.58 54.98 
50792 8045 75 64 102 89 253 0 56.58 54.99 
50970 8045 75 64 102 89 253 0 56.56 55.01 
51148 8045 75 64 102 89 253 0 56.56 54.99 
51326 8045 75 64 102 89 253 0 56.56 54.99 
51504 8045 75 64 102 89 253 0 56.58 54.99 
51682 8045 75 64 102 89 253 0 56.58 55.01 
51860 8045 75 64 102 89 253 0 56.56 54.99 
52038 8045 75 64 102 89 253 0 56.56 54.99 
52216 7989 74 65 102 89 253 0 56.59 55.01 
52394 7989 74 65 102 89 253 0 56.59 54.99 
52572 7989 74 65 102 89 253 0 56.56 54.99 
52750 7989 74 65 102 89 253 0 56.68 54.99 
52928 7989 74 65 102 89 253 0 56.58 54.99 
53106 7989 74 65 102 89 253 0 56.69 55.01 
53284 7845 75 64 102 88 253 0 56.58 54.99 
53462 7989 74 65 102 89 253 0 56.56 54.99 
53640 7989 74 65 102 89 253 0 56.56 55.01 
53818 7989 74 65 102 89 253 2 56.56 54.99 
53996 7989 74 65 102 89 253 0 56.56 50.46 
54173 8045 75 64 102 89 253 0 56.56 49.62 
54350 8045 75 64 102 89 254 0 57.95 50.27 
54528 7696 68 60 93 80 231 0 60.76 55.51 
54706 6500 41 43 57 47 147 0 62.00 29.73 
54883 4352 27 40 39 29 107 0 62.12 49.08 
55061 3400 19 33 28 19 78 0 62.41 60.50 
55239 3267 23 43 35 24 100 0 62.70 48.93 
55417 3247 32 61 49 34 142 0 61.57 49.44 
55595 3183 34 64 51 35 149 0 60.88 49.95 
55773 3204 32 60 48 33 139 0 60.47 57.99 
55951 4366 29 41 41 30 111 0 60.20 39.51 
56128 5226 35 45 50 39 132 0 60.62 39.95 
56305 6088 38 41 52 42 135 0 60.60 39.93 
56482 6527 50 52 69 57 178 0 60.62 55.66 
56660 6639 51 53 71 59 183 0 60.60 55.64 
56838 6639 51 53 71 59 183 0 60.20 55.62 
57016 6639 51 53 71 59 183 0 60.60 55.64 
57194 6639 51 53 71 59 183 0 60.21 58.70 
57372 6639 51 53 71 59 183 0 60.20 55.64 
57550 6639 51 53 71 59 183 0 60.62 55.64 
57728 6639 51 53 71 59 183 0 60.60 55.62 
57906 6639 51 53 71 59 183 0 60.60 55.66 
58084 6639 51 53 71 59 183 0 60.60 55.64 
58262 6639 51 53 71 59 183 0 60.62 57.31 
58440 6639 51 53 71 59 183 0 60.60 55.64 
58618 6639 51 53 71 59 183 0 60.59 57.31 
58796 6639 51 53 71 59 183 0 60.59 57.87 
58974 6639 51 53 71 59 183 0 60.59 56.05 
59152 6639 51 53 71 59 183 0 60.59 57.31 
59330 6639 51 53 71 59 183 0 60.60 57.32 
59508 6639 51 53 71 59 183 0 60.60 55.62 
59686 6639 51 53 71 59 183 0 60.60 57.43 
59864 6639 51 53 71 59 183 0 60.59 39.51 
60041 6639 51 53 71 59 183 0 60.60 39.05 
60218 6639 51 53 71 59 183 0 60.60 39.95 
60395 6639 51 53 71 59 183 0 60.60 39.95 
60572 6639 51 53 71 59 183 2 60.59 39.95 
60749 6639 51 53 71 59 183 0 61.01 39.97 
60926 6639 51 53 71 59 183 0 60.60 40.39 
61103 6639 51 53 71 59 183 0 60.59 39.95 
61280 6639 51 53 71 59 183 0 59.19 49.44 
61458 6639 51 53 71 59 182 0 69.05 53.99 
61636 6517 53 53 72 59 183 0 68.27 54.49 
61814 6639 51 53 71 59 182 0 64.23 55.93 
61992 6546 50 53 70 58 180 0 61.98 55.78 
62170 5203 39 50 55 43 147 0 61.57 23.55 
62346 3189 30 66 50 37 151 0 61.28 22.98 
62522 3207 29 67 50 38 153 4 60.20 50.61 
62700 3229 33 74 56 42 170 0 59.64 51.46 
62878 3370 32 70 54 41 162 0 59.64 50.78 
63056 3101 36 88 64 49 198 2 58.26 49.25 
63233 3101 36 88 64 49 199 0 55.25 22.12 
63409 3075 34 83 60 46 185 0 55.76 52.80 
63587 4051 33 61 53 41 153 0 52.05 51.14 
63764 7133 62 61 86 73 217 0 48.06 16.12 
63939 7586 78 71 107 92 269 18 15.83 14.79 
64112 8217 90 76 123 108 305 0 15.83 13.11 
64285 7957 86 76 118 103 295 0 48.84 16.12 
64460 7957 86 76 118 103 294 0 42.30 10.08 
64634 7781 82 74 113 98 282 0 7.43 42.64 
64808 5857 48 57 68 55 180 0 8.07 41.07 
64982 4393 50 74 72 54 199 0 37.72 39.25 
65158 3818 57 95 84 61 240 1 35.44 3.25 
65331 6031 83 91 114 92 296 0 35.46 37.43 
65506 6469 69 70 94 77 241 2 35.68 3.23 
65679 6669 80 79 109 90 277 0 34.17 35.16 
65854 7257 98 94 135 115 343 0 4.54 35.39 
66028 7305 107 98 145 123 365 0 3.59 46.78 
66202 7178 95 90 130 110 330 0 4.86 45.61 
66376 6658 85 85 116 96 296 0 9.42 6.77 
66548 7266 116 109 159 135 402 0 60.04 8.36 
66723 7195 118 109 160 135 404 3 37.28 9.74 
66897 7195 118 109 160 135 403 0 59.62 49.10 
67075 7266 116 109 159 135 403 3 37.72 45.20 
67251 7266 116 109 159 135 403 0 36.36 46.19 
67427 7266 116 109 159 135 403 0 36.60 45.39 
67603 7266 116 109 159 135 402 0 36.82 45.41 
67779 7266 116 109 159 135 403 2 57.27 22.41 
67955 7088 119 109 160 134 404 0 21.84 15.79 
68128 6931 99 97 136 114 346 0 15.16 15.79 
68301 6562 89 93 123 102 316 0 14.16 15.81 
68474 6905 106 108 147 124 376 3 16.15 55.64 
68649 6792 106 108 147 123 376 0 10.78 9.74 
68821 6253 79 85 109 89 281 0 16.46 5.81 
68993 4815 51 94 85 71 248 0 16.15 4.22 
69165 2058 27 120 69 58 242 0 16.15 4.52 
69337 2507 37 131 82 68 277 0 16.15 4.22 
69509 2581 36 132 83 70 280 1 16.15 5.17 
69681 2581 36 132 83 70 280 0 16.15 5.17 
69853 2624 36 132 83 71 281 0 16.15 5.17 
70025 2663 37 132 84 71 281 4 16.15 4.20 
70197 2615 37 133 84 71 282 0 14.48 3.89 
70369 2076 28 125 72 61 253 0 13.82 3.25 
70541 2725 46 97 71 46 212 3 13.80 4.52 
70713 2865 63 96 80 43 220 0 13.80 5.49 
70885 2865 63 96 80 43 219 0 48.06 5.81 
71059 2658 104 151 124 57 333 2 16.46 8.06 
71232 2580 137 198 160 70 428 0 13.48 10.74 
71405 2580 132 192 155 68 415 0 15.16 16.42 
71578 2580 132 192 155 68 416 0 16.15 11.42 
71751 2574 129 189 152 67 408 0 15.83 16.12 
71924 2581 122 179 144 64 387 0 9.10 42.81 
72098 2672 106 157 128 61 345 0 9.76 43.21 
72272 3841 90 122 119 79 322 0 9.76 43.23 
72446 4112 143 207 200 143 551 0 7.11 11.42 
72618 4119 146 211 204 146 561 0 10.78 5.49 
72790 4132 144 209 202 145 556 0 44.86 9.74 
72964 4116 110 159 154 110 422 0 15.83 4.22 
73136 4119 97 137 134 95 366 0 14.48 16.44 
73309 4013 69 96 94 65 254 4 14.14 15.81 
73482 2827 77 109 93 46 248 0 14.50 15.81 
73655 2769 90 128 108 52 287 0 14.82 43.01 
73830 2752 93 132 111 53 294 0 13.14 9.06 
74002 3588 81 118 109 71 296 0 31.33 1.97 
74175 4074 59 94 87 64 243 3 28.19 3.25 
74348 3297 19 101 62 62 219 0 26.18 3.25 
74521 5559 32 95 73 71 235 0 7.11 9.74 
74693 12740 72 89 123 127 336 3 6.14 40.87 
74867 12226 69 88 119 122 326 0 7.11 27.57 
75040 9240 71 88 114 109 309 0 10.10 16.12 
75213 11086 83 101 137 137 372 0 13.48 33.59 
75387 4776 51 104 90 77 267 0 15.50 16.12 
75560 2127 39 137 82 62 273 2 7.75 18.02 
75733 2733 45 116 80 59 251 0 5.81 18.65 
75906 3155 54 100 80 54 234 0 7.11 18.65 
76079 3207 52 95 77 52 224 9 8.07 18.65 
76252 3207 52 95 77 52 223 0 7.43 17.70 
76425 3207 52 95 77 52 223 0 15.50 16.12 
76598 3288 56 97 81 54 233 0 9.08 14.13 
76771 3627 86 106 106 64 279 0 4.86 13.79 
76943 3599 167 187 196 111 495 4 3.57 16.12 
77115 3643 86 107 107 65 280 0 6.46 22.41 
77288 3630 115 136 139 82 361 0 10.78 18.95 
77461 3624 159 180 188 108 478 0 15.52 16.76 
77634 3575 159 188 191 111 491 0 15.83 15.13 
77807 3615 171 205 208 123 538 0 18.36 16.76 
77980 3594 172 205 208 122 537 0 11.12 30.51 
78154 3009 79 140 112 71 320 0 15.52 16.12 
78327 2615 38 120 78 62 255 3 16.80 16.44 
78500 9168 100 119 158 150 425 0 29.56 15.15 
78674 9316 99 120 158 151 427 0 25.04 8.38 
78847 8605 90 110 141 132 380 0 19.64 17.37 
79020 1700 27 127 67 51 238 0 15.84 17.37 
79193 3291 97 142 127 77 346 4 16.15 16.44 
79366 3608 176 198 207 118 525 0 16.46 17.39 
79539 3588 176 198 207 117 523 0 18.38 19.58 
79712 3608 176 198 207 118 524 0 25.91 25.28 
79886 3243 108 161 142 86 387 0 32.90 31.04 
80061 3736 55 136 103 86 320 0 38.22 32.57 
80236 6975 77 122 129 118 366 0 36.38 32.06 
80411 1754 15 142 75 77 284 0 30.84 32.57 
80586 1712 15 143 75 77 286 0 31.86 42.42 
80762 2111 18 124 69 68 252 0 29.56 42.21 
80937 4054 30 96 68 63 222 0 29.80 41.79 
81112 6974 83 107 127 112 342 0 28.20 30.51 
81287 7115 86 110 132 117 356 0 27.91 30.26 
81462 7433 94 117 144 129 387 0 27.06 28.97 
81636 6492 57 74 86 74 235 0 25.91 27.57 
81810 6575 58 74 87 75 236 3 24.75 23.83 
81984 7476 71 89 109 98 296 0 23.03 20.23 
82158 2873 39 100 70 53 304 0 19.31 22.41 
82332 1743 24 108 58 44 204 0 19.96 57.43 
82508 2568 29 83 55 41 175 0 18.68 57.31 
82684 2096 28 99 59 44 198 0 17.10 19.58 
82857 1730 29 131 70 53 247 0 16.78 59.40 
83033 1667 26 133 69 53 248 0 16.47 69.02 
83209 3229 95 146 127 78 349 0 6.14 14.13 
83381 3725 134 157 163 98 419 0 7.43 8.38 
83553 8901 39 84 80 81 243 0 8.40 8.36 
83725 6459 34 71 65 61 193 1 8.74 9.74 
83897 14318 31 80 75 83 235 0 9.08 12.10 
84069 10695 32 76 71 75 219 0 9.42 12.44 
84241 6592 32 61 58 54 171 0 11.12 12.44 
84414 6623 32 62 59 55 173 0 10.78 12.10 
84587 6592 32 61 58 54 171 0 13.48 11.76 
84760 6592 32 61 58 54 172 4 13.14 13.12 
84933 10010 32 74 69 72 212 0 13.48 13.45 
85106 8766 33 73 68 69 208 0 13.14 12.77 
85279 8768 33 74 69 70 210 8 16.47 16.75 
85452 3986 87 111 113 75 297 0 24.23 22.41 
85626 3564 92 112 112 66 290 4 30.57 28.97 
85801 4747 44 99 82 72 249 0 36.58 35.16 
85976 10059 50 94 98 100 289 3 41.85 41.09 
86152 3754 35 93 69 59 218 0 41.84 40.19 
86328 4152 122 178 172 124 474 0 40.46 42.62 
86504 4140 129 187 181 130 498 0 49.84 57.02 
86681 4151 114 165 160 115 440 0 47.45 45.00 
86858 4056 107 157 150 107 412 0 48.03 47.57 
87035 4129 147 212 205 147 565 0 47.63 47.79 
87212 4122 151 215 209 149 574 0 47.63 47.36 
87389 4113 151 217 210 150 579 0 47.63 47.77 
87566 4113 151 217 210 150 579 0 48.99 48.55 
87743 4113 151 217 210 150 579 0 52.89 50.63 
87920 4129 135 193 188 134 516 0 55.59 50.46 
88097 4081 154 223 215 153 591 0 55.57 50.44 
88274 4083 139 201 194 138 535 0 54.59 49.95 
88451 4057 130 186 180 127 494 0 50.18 48.55 
88628 4094 150 215 208 148 572 0 43.10 42.02 
88804 4104 140 203 196 140 540 0 19.92 36.75 
88978 4133 127 183 177 127 486 0 13.48 29.22 
89152 4066 75 124 112 84 320 0 7.43 23.83 
89325 3476 24 94 62 58 211 3 6.14 20.86 
89498 3589 26 82 57 51 187 0 41.60 6.77 
89672 3607 26 85 59 53 193 0 34.94 35.85 
89847 3847 26 70 52 45 164 0 35.19 35.38 
90022 3788 26 80 57 51 185 0 34.15 36.53 
90197 3863 30 87 63 56 205 0 15.16 17.37 
90370 3709 28 84 60 53 194 0 23.31 21.49 
90544 3803 26 72 53 46 168 0 23.31 21.49 
90718 3714 26 87 60 55 199 0 21.20 20.23 
90892 3638 24 83 57 52 188 1 19.62 18.97 
91065 3831 27 67 51 43 160 0 16.78 15.79 
91238 3761 29 85 61 54 198 0 17.08 16.12 
91411 3949 29 72 55 47 172 0 30.29 34.63 
91586 3828 28 67 52 43 160 0 27.90 29.24 
91761 4696 30 47 46 36 129 0 7.43 26.15 
91934 5387 33 48 50 41 138 0 6.14 25.26 
92107 5347 32 47 49 40 135 5 10.10 24.41 
92280 4506 34 51 50 38 138 0 131.39 23.85 
92460 3442 34 63 52 37 150 0 57.54 7.41 
92635 3390 39 74 60 43 175 0 105.67 4.84 
92813 3324 34 68 54 39 158 0 72.88 3.25 
92989 3365 35 69 55 40 162 2 49.33 4.84 
93163 3382 32 62 50 36 147 0 50.20 7.74 
93338 3616 32 54 47 33 132 0 9.42 55.64 
93513 3616 32 54 47 33 133 0 8.07 52.80 
93688 3724 32 51 46 32 129 0 4.86 17.37 
93860 3647 50 64 63 39 165 0 54.59 16.12 
94035 4862 37 62 59 48 167 0 57.82 60.50 
94213 6962 29 55 53 50 157 0 29.53 10.08 
94386 4118 31 70 56 47 172 0 23.31 8.74 
94559 3642 32 74 57 46 175 0 25.33 16.44 
94733 3476 34 89 65 54 206 0 15.83 16.12 
94906 3396 35 92 67 55 212 5 17.71 19.60 
95079 3422 35 90 66 54 208 0 22.44 23.56 
95253 3422 35 90 66 54 208 0 21.20 48.93 
95428 3422 35 90 66 54 207 0 22.44 48.93 
95603 3422 35 90 66 54 207 0 23.31 48.55 
95778 3476 34 89 65 54 207 0 24.23 49.10 
95953 3449 35 88 65 53 204 0 29.27 24.14 
96127 3655 32 66 53 41 159 0 49.35 25.28 
96303 3364 30 76 56 45 175 0 48.84 22.41 
96478 3454 29 73 54 44 168 0 47.24 21.81 
96653 3682 30 64 51 40 154 0 45.46 21.81 
96828 3448 34 91 66 55 210 0 20.89 42.43 
97003 3563 33 83 62 51 195 0 42.87 20.55 
97178 4976 28 55 49 42 146 0 42.48 17.37 
97353 4082 30 61 51 41 152 0 43.67 17.39 
97528 3575 33 75 58 46 178 0 60.45 59.96 
97706 3470 42 109 80 66 253 0 64.92 52.31 
97884 3438 43 116 84 70 267 0 64.51 50.29 
98062 3983 50 92 79 61 233 0 64.09 49.76 
98240 6062 32 64 59 54 176 0 64.09 49.78 
98418 9099 24 53 50 51 152 0 61.86 55.78 
98596 8373 25 54 51 51 154 0 55.73 51.46 
98773 7613 36 72 69 67 207 0 40.94 39.27 
98949 9790 33 70 68 70 207 0 18.04 39.05 
99124 11161 31 70 67 71 205 0 42.69 55.51 
99301 9036 34 73 70 71 214 0 55.74 55.64 
99479 6037 29 55 52 47 153 0 56.44 47.38 
99656 3642 114 126 134 76 337 0 51.37 52.14 
99833 3261 71 109 95 59 262 0 47.46 52.14 
100010 4145 40 100 77 67 241 0 28.76 25.28 
100184 8302 63 79 99 92 271 0 25.31 24.70 
100358 5761 43 66 68 58 191 0 23.31 20.23 
100532 2927 18 104 62 62 223 0 23.31 25.57 
100706 3259 22 88 57 53 194 1 23.31 19.58 
100880 3259 22 88 57 53 194 0 18.99 17.39 
101053 3190 22 101 63 61 221 0 15.83 15.81 
101226 4791 38 88 72 64 222 0 12.46 15.79 
101399 8803 96 116 151 142 409 3 12.46 6.77 
101571 7942 88 106 135 123 364 5 8.74 5.49 
101743 8035 115 138 176 161 475 0 6.14 5.81 
101915 8035 115 138 176 161 476 0 5.81 10.08 
102087 6825 74 96 113 99 308 3 9.42 21.81 
102260 2462 34 106 68 52 222 0 7.43 3.25 
2432 1683 25 169 79 60 299 0 15.83 4.84 
102604 2026 43 140 83 58 278 5 13.82 5.81 
102776 3555 171 200 204 117 524 0 8.06 15.79 
102949 3515 175 205 208 118 534 0 8.38 14.47 
103122 3518 176 205 209 118 535 4 7.11 16.12 
103295 3518 176 205 209 118 535 0 10.78 20.86 
103468 3445 117 155 147 88 392 0 15.50 29.22 
103642 2117 32 116 69 53 234 0 26.45 35.85 
103817 7508 94 129 150 137 416 0 41.14 42.82 
103993 3346 53 168 115 101 380 0 43.10 44.79 
104169 4021 172 242 235 164 645 0 43.88 44.22 
104345 2522 148 218 173 74 467 0 43.47 44.22 
104521 2486 160 236 186 77 502 4 43.89 44.20 
104697 2486 159 235 185 77 500 0 43.89 44.22 
104873 2486 159 235 185 77 499 0 43.88 44.18 
105049 2486 159 235 185 77 499 0 43.88 44.20 
105225 2496 159 234 185 77 498 0 43.88 44.22 
105401 2487 158 234 184 77 498 0 43.88 44.22 
105577 2487 158 234 184 77 498 0 43.88 44.22 
105753 2487 158 234 184 77 498 0 43.88 44.20 
105929 2487 158 234 184 77 497 0 43.88 44.22 
106105 2487 158 234 184 77 497 3 43.88 44.20 
106281 2479 158 234 184 76 497 0 43.88 44.20 
106457 2489 159 233 184 76 496 0 43.49 44.22 
106633 2489 159 233 184 76 496 0 43.88 44.23 
106809 2489 159 233 184 76 496 0 43.47 44.20 
106985 2489 159 233 184 76 496 0 43.47 44.18 
107161 2489 159 233 184 76 496 0 43.47 44.20 
107337 2489 159 233 184 76 497 1 43.49 44.18 
107513 2479 158 234 184 76 497 0 43.47 44.20 
107689 2489 159 233 184 76 497 0 43.47 44.20 
107865 2489 159 233 184 76 497 0 43.49 44.20 
108041 2489 159 233 184 76 497 0 43.49 44.20 
108217 2489 159 233 184 76 497 0 43.49 44.20 
108393 2489 159 233 184 76 496 0 43.49 44.18 
108569 2489 159 233 184 76 496 0 43.49 44.20 
108745 2489 159 233 184 76 496 0 43.47 44.20 
108921 2489 159 233 184 76 496 2 43.49 44.20 
109097 2489 159 233 184 76 496 0 43.49 44.20 
109273 2489 159 233 184 76 496 0 43.49 44.20 
109449 2489 159 233 184 76 497 0 43.47 44.20 
109625 2489 159 233 184 76 497 0 43.47 44.22 
109801 2489 159 233 184 76 496 0 43.47 44.20 
109977 2489 159 233 184 76 496 0 43.49 44.20 
110153 2489 159 233 184 76 496 0 43.49 44.20 
110329 2489 159 233 184 76 496 0 43.49 44.20 
110505 2489 159 233 184 76 496 1 43.49 44.20 
110681 2489 159 233 184 76 496 0 43.47 44.22 
110857 2489 159 233 184 76 496 0 43.49 44.18 
111033 2479 158 234 184 76 497 0 43.88 44.20 
111209 2496 159 234 185 77 499 0 43.47 44.20 
111385 2489 159 233 184 76 496 0 43.08 44.39 
111561 2487 158 234 184 77 498 0 43.28 44.98 
111737 2493 156 229 181 75 487 11 43.10 17.37 
111912 2505 157 227 181 74 485 0 43.10 44.42 
112088 2485 163 238 188 77 507 2 43.08 44.40 
112264 2497 166 242 192 79 516 0 43.08 44.40 
112440 2497 166 242 192 79 516 0 43.08 44.40 
112616 2497 166 242 192 79 516 0 43.08 44.81 
112792 2497 166 242 192 79 517 0 43.10 44.40 
112968 2497 166 242 192 79 517 0 43.08 44.42 
113144 2497 166 242 192 79 517 0 43.11 17.37 
113319 2497 166 242 192 79 517 11 43.10 44.40 
113495 2497 166 242 192 79 517 0 43.10 44.39 
113671 2497 166 242 192 79 517 2 43.08 44.39 
113847 2497 166 242 192 79 517 0 43.10 44.40 
114023 2497 166 242 192 79 517 0 43.10 44.39 
114199 2497 166 242 192 79 517 0 43.08 44.39 
114375 2497 166 242 192 79 517 0 43.08 44.39 
114551 2497 166 242 192 79 517 0 43.08 44.39 
114727 2497 166 242 192 79 517 0 43.08 44.40 
114903 2497 166 242 192 79 517 2 43.08 44.39 
115079 2497 166 242 192 79 517 0 43.08 44.40 
115255 2497 166 242 192 79 517 0 43.10 17.39 
