=~=~=~=~=~=~=~=~=~=~=~= PuTTY log 2025.11.26 16:40:09 =~=~=~=~=~=~=~=~=~=~=~=
ets Jul 29 2019 12:21:46

rst:0x1 (POWERON_RESET),boot:0x3 (DOWNLOAD_BOOT(UART0/UART1/SDIO_REI_REO_V2))
waiting for download
=~=~=~=~=~=~=~=~=~=~=~= PuTTY log 2025.11.26 16:40:24 =~=~=~=~=~=~=~=~=~=~=~=
ets Jul 29 2019 12:21:46

rst:0x1 (POWERON_RESET),boot:0x3 (DOWNLOAD_BOOT(UART0/UART1/SDIO_REI_REO_V2))
waiting for download
=~=~=~=~=~=~=~=~=~=~=~= PuTTY log 2025.11.26 16:40:55 =~=~=~=~=~=~=~=~=~=~=~=
ets Jul 29 2019 12:21:46

rst:0x1 (POWERON_RESET),boot:0x3 (DOWNLOAD_BOOT(UART0/UART1/SDIO_REI_REO_V2))
waiting for download
=~=~=~=~=~=~=~=~=~=~=~= PuTTY log 2025.11.26 16:41:24 =~=~=~=~=~=~=~=~=~=~=~=
56.61ets Jul 29 2019 12:21:46

rst:0x1 (POWERON_RESET),boot:0x3 (DOWNLOAD_BOOT(UART0/UART1/SDIO_REI_REO_V2))
waiting for download
ets Jul 29 2019 12:21:46

rst:0x1 (POWERON_RESET),boot:0x13 (SPI_FAST_FLASH_BOOT)
configsip: 0, SPIWP:0xee
clk_drv:0x00,q_drv:0x00,d_drv:0x00,cs0_drv:0x00,hd_drv:0x00,wp_drv:0x00
mode:DIO, clock div:1
load:0x3fff0030,len:4980
load:0x40078000,len:16612
load:0x40080400,len:3480
entry 0x400805b4
E (7) i2c.master: I2C hardware timeout detected
E (7) i2c.master: probe device timeout. Please check if xfer_timeout_ms and pull-ups are correctly set up
No TCS34725 found ... check your connections
Milis - ColorTemp - Lux - R - G - B - C - Pot - UsensA - UsensB

412 6546 50 53 70 58 181 20 4.54 15.79 
584 6546 50 53 70 58 181 0 4.54 15.79 
756 6546 50 53 70 58 181 0 4.54 15.79 
928 6546 50 53 70 58 181 0 4.54 15.79 
1100 6546 50 53 70 58 181 0 4.54 15.79 
1272 6546 50 53 70 58 181 0 4.54 15.79 
1444 6546 50 53 70 58 181 0 4.54 15.79 
1616 6546 50 53 70 58 181 0 4.54 15.79 
1788 6546 50 53 70 58 181 0 4.54 15.79 
1960 6546 50 53 70 58 181 0 4.54 15.79 
2132 6546 50 53 70 58 181 2 4.54 15.79 
2304 6546 50 53 70 58 181 0 4.54 15.79 
2476 6546 50 53 70 58 181 0 4.22 56.75 
2651 6546 50 53 70 58 181 0 4.22 16.12 
2823 6546 50 53 70 58 181 4 4.22 56.34 
2998 6546 50 53 70 58 181 5 4.22 16.12 
3170 6546 50 53 70 58 181 0 4.22 56.75 
3345 6546 50 53 70 58 181 0 4.22 56.75 
3520 6546 50 53 70 58 181 0 4.22 57.17 
3695 6546 50 53 70 58 181 0 4.22 56.75 
3870 6546 50 53 70 58 181 0 4.22 57.17 
4045 6546 50 53 70 58 181 0 4.22 16.12 
4217 6546 50 53 70 58 181 0 4.22 57.05 
4392 6546 50 53 70 58 181 0 4.22 56.75 
4567 6546 50 53 70 58 181 0 4.22 56.75 
4742 6546 50 53 70 58 181 0 4.22 16.12 
4914 6546 50 53 70 58 181 3 4.22 56.75 
5089 6546 50 53 70 58 181 0 4.22 16.12 
5261 6546 50 53 70 58 181 2 4.22 56.75 
5436 6546 50 53 70 58 181 0 4.22 16.12 
5608 6546 50 53 70 58 181 0 4.22 57.17 
5783 6546 50 53 70 58 181 0 4.22 16.12 
5955 6546 50 53 70 58 181 0 4.22 56.76 
6130 6546 50 53 70 58 181 4 4.20 16.12 
6302 6546 50 53 70 58 181 0 4.22 56.73 
6477 6546 50 53 70 58 181 0 4.22 16.12 
6649 6546 50 53 70 58 181 0 4.22 56.73 
6824 6546 50 53 70 58 181 0 5.51 16.12 
6996 6546 50 53 70 58 181 5 5.51 16.12 
7168 6546 50 53 70 58 181 0 4.22 16.12 
7340 6546 50 53 70 58 181 0 4.22 56.75 
7515 6546 50 53 70 58 181 0 4.22 57.03 
7690 6546 50 53 70 58 181 0 4.54 15.79 
7862 6546 50 53 70 58 181 7 4.54 15.79 
8034 6546 50 53 70 58 181 0 4.54 15.79 
8206 6546 50 53 70 58 181 0 4.54 15.79 
8378 6546 50 53 70 58 181 8 4.54 15.81 
8550 6546 50 53 70 58 181 0 4.54 15.79 
8722 6546 50 53 70 58 181 0 4.54 15.81 
8894 6546 50 53 70 58 181 8 4.54 15.79 
9066 6546 50 53 70 58 181 0 4.54 15.79 
9238 6546 50 53 70 58 181 0 4.54 15.79 
9410 6546 50 53 70 58 181 7 4.54 15.81 
9582 6546 50 53 70 58 181 0 4.54 15.81 
9754 6546 50 53 70 58 181 0 4.54 15.79 
9926 6546 50 53 70 58 181 5 4.54 15.79 
10098 6546 50 53 70 58 181 0 4.54 15.81 
10270 6546 50 53 70 58 181 0 4.54 15.79 
10442 6546 50 53 70 58 181 3 4.54 15.79 
10614 6546 50 53 70 58 181 0 4.54 15.79 
10786 6546 50 53 70 58 181 0 4.54 15.79 
10958 6546 50 53 70 58 181 0 4.54 15.79 
11130 6546 50 53 70 58 181 0 4.54 15.79 
11302 6546 50 53 70 58 181 0 4.54 15.79 
11474 6546 50 53 70 58 181 0 4.54 15.79 
11646 6546 50 53 70 58 181 0 4.54 15.79 
11818 6546 50 53 70 58 181 0 4.54 15.79 
11990 6546 50 53 70 58 181 0 4.54 15.79 
12162 6546 50 53 70 58 181 0 4.54 15.79 
12334 6546 50 53 70 58 181 0 4.54 15.79 
12506 6546 50 53 70 58 181 0 4.54 15.79 
12678 6546 50 53 70 58 181 0 4.54 15.79 
12850 6546 50 53 70 58 181 0 4.54 15.79 
13022 6546 50 53 70 58 181 0 4.54 15.79 
13194 6546 50 53 70 58 181 0 4.54 15.79 
13366 6546 50 53 70 58 181 0 4.54 15.79 
13538 6546 50 53 70 58 181 0 4.54 15.79 
13710 6546 50 53 70 58 181 1 4.54 15.79 
13882 6546 50 53 70 58 181 0 4.54 57.02 
14057 6546 50 53 70 58 181 0 4.54 16.12 
14229 6546 50 53 70 58 180 0 4.54 16.12 
14401 6546 50 53 70 58 181 0 4.54 15.79 
14573 6546 50 53 70 58 180 0 4.54 15.79 
14745 6546 50 53 70 58 181 0 4.54 15.79 
14917 6546 50 53 70 58 181 0 4.54 16.12 
15089 6546 50 53 70 58 181 0 4.54 15.79 
15261 6546 50 53 70 58 181 0 4.54 15.79 
15433 6546 50 53 70 58 181 0 4.54 15.79 
15605 6546 50 53 70 58 181 0 4.54 15.79 
15777 6546 50 53 70 58 181 0 4.54 15.79 
15949 6546 50 53 70 58 181 0 4.54 15.79 
16121 6546 50 53 70 58 181 0 4.54 15.79 
16293 6546 50 53 70 58 181 0 4.54 15.79 
16465 6546 50 53 70 58 181 0 4.54 15.81 
16637 6546 50 53 70 58 181 0 4.54 15.79 
16809 6546 50 53 70 58 181 0 4.54 15.79 
16981 6546 50 53 70 58 181 0 4.54 16.12 
17153 6546 50 53 70 58 181 0 4.54 15.81 
17325 6546 50 53 70 58 181 3 4.54 15.79 
17497 6546 50 53 70 58 181 0 4.54 15.79 
17669 6546 50 53 70 58 181 0 4.54 15.79 
17841 6546 50 53 70 58 181 5 4.54 15.79 
18013 6546 50 53 70 58 181 0 4.54 15.79 
18185 6546 50 53 70 58 181 0 4.54 15.79 
18357 6546 50 53 70 58 181 6 4.54 15.79 
18529 6546 50 53 70 58 181 0 4.54 15.79 
18701 6546 50 53 70 58 181 0 4.54 15.79 
18873 6546 50 53 70 58 181 4 4.54 15.79 
19045 6546 50 53 70 58 181 0 4.54 15.79 
19217 6546 50 53 70 58 181 0 4.54 15.79 
19389 6546 50 53 70 58 181 1 4.54 15.81 
19561 6546 50 53 70 58 181 0 4.54 15.79 
19733 6546 50 53 70 58 181 0 4.54 16.12 
19905 6546 50 53 70 58 181 0 4.54 15.79 
20077 6546 50 53 70 58 181 0 4.54 15.79 
20249 6546 50 53 70 58 181 0 4.54 15.79 
20421 6546 50 53 70 58 181 0 4.54 15.79 
20593 6546 50 53 70 58 181 0 4.54 15.79 
20765 6546 50 53 70 58 181 0 4.54 15.79 
20937 6546 50 53 70 58 181 0 4.54 15.81 
21109 6546 50 53 70 58 181 0 4.54 15.79 
21281 6546 50 53 70 58 181 0 4.54 15.79 
21453 6546 50 53 70 58 181 0 4.54 15.79 
21625 6546 50 53 70 58 181 3 4.54 15.79 
21797 6546 50 53 70 58 181 0 4.54 15.79 
21969 6546 50 53 70 58 181 0 4.54 15.79 
22141 6546 50 53 70 58 181 6 4.54 15.79 
22313 6546 50 53 70 58 181 0 4.54 15.79 
22485 6546 50 53 70 58 181 0 4.54 16.12 
22657 6546 50 53 70 58 181 5 4.54 15.79 
22829 6546 50 53 70 58 181 0 4.54 16.12 
23001 6546 50 53 70 58 181 0 4.54 15.79 
23173 6546 50 53 70 58 181 2 4.54 16.12 
23345 6546 50 53 70 58 181 0 4.54 16.12 
23517 6546 50 53 70 58 181 0 4.54 16.12 
23689 6546 50 53 70 58 181 0 4.54 15.79 
23861 6546 50 53 70 58 181 0 4.54 16.12 
24033 6546 50 53 70 58 181 0 4.54 15.81 
24205 6546 50 53 70 58 181 0 4.54 16.12 
24377 6546 50 53 70 58 181 0 4.54 15.79 
24549 6546 50 53 70 58 181 0 4.54 15.79 
24721 6546 50 53 70 58 181 0 4.54 15.79 
24893 6546 50 53 70 58 181 3 4.54 15.79 
25065 6546 50 53 70 58 181 0 4.54 15.79 
25237 6546 50 53 70 58 181 0 4.54 15.79 
25409 6546 50 53 70 58 181 6 4.54 16.12 
25581 6546 50 53 70 58 181 0 4.54 15.79 
25753 6546 50 53 70 58 181 0 4.54 15.79 
25925 6546 50 53 70 58 181 5 4.54 15.79 
26097 6546 50 53 70 58 181 0 4.54 15.79 
26269 6546 50 53 70 58 181 0 4.54 15.79 
26441 6546 50 53 70 58 181 4 4.54 15.81 
26613 6546 50 53 70 58 181 0 4.54 15.79 
26785 6546 50 53 70 58 181 0 4.54 15.79 
26957 6546 50 53 70 58 181 0 4.54 15.79 
27129 6546 50 53 70 58 181 0 4.54 15.79 
27301 6546 50 53 70 58 181 0 4.54 15.79 
27473 6546 50 53 70 58 181 0 4.54 15.79 
27645 6546 50 53 70 58 181 0 4.54 15.79 
27817 6546 50 53 70 58 181 0 4.54 15.79 
27989 6546 50 53 70 58 181 0 4.54 15.79 
28161 6546 50 53 70 58 181 2 4.54 15.79 
28333 6546 50 53 70 58 181 0 4.54 15.79 
28505 6546 50 53 70 58 181 0 4.54 15.81 
28677 6546 50 53 70 58 181 6 4.54 15.79 
28849 6546 50 53 70 58 181 0 4.54 15.81 
29021 6546 50 53 70 58 181 0 4.54 15.79 
29193 6546 50 53 70 58 181 5 4.54 15.79 
29365 6546 50 53 70 58 181 0 4.54 15.79 
29537 6546 50 53 70 58 181 0 4.54 15.81 
29709 6546 50 53 70 58 181 2 4.54 15.79 
29881 6546 50 53 70 58 181 0 4.54 15.79 
30053 6546 50 53 70 58 181 0 4.54 15.81 
30225 6546 50 53 70 58 181 0 4.54 15.79 
30397 6546 50 53 70 58 181 0 4.54 15.79 
30569 6546 50 53 70 58 181 0 4.54 15.79 
30741 6546 50 53 70 58 181 0 4.54 15.79 
30913 6546 50 53 70 58 181 0 4.54 15.81 
31085 6546 50 53 70 58 181 0 4.54 15.79 
31257 6546 50 53 70 58 181 0 4.54 15.79 
31429 6546 50 53 70 58 181 3 4.54 15.81 
31601 6546 50 53 70 58 181 0 4.54 15.79 
31773 6546 50 53 70 58 181 0 4.54 15.79 
31945 6546 50 53 70 58 181 5 4.54 15.79 
32117 6546 50 53 70 58 181 0 4.54 15.79 
32289 6546 50 53 70 58 181 0 4.54 15.81 
32461 6546 50 53 70 58 181 3 4.54 15.79 
32633 6546 50 53 70 58 181 0 4.54 15.81 
32805 6546 50 53 70 58 181 0 4.54 15.79 
32977 6546 50 53 70 58 181 0 4.54 15.79 
33149 6546 50 53 70 58 181 0 4.54 15.79 
33321 6546 50 53 70 58 181 0 4.54 15.79 
33493 6546 50 53 70 58 181 0 4.54 15.79 
33665 6546 50 53 70 58 181 0 4.54 15.79 
33837 6546 50 53 70 58 181 0 4.54 15.79 
34009 6546 50 53 70 58 181 0 4.54 15.79 
34181 6546 50 53 70 58 181 3 4.54 15.79 
34353 6546 50 53 70 58 181 0 4.54 15.79 
34525 6546 50 53 70 58 181 0 4.54 15.81 
34697 6546 50 53 70 58 181 6 4.54 15.79 
34869 6546 50 53 70 58 181 0 4.54 15.79 
35041 6546 50 53 70 58 181 0 4.54 15.79 
35213 6546 50 53 70 58 181 4 4.54 15.79 
35385 6546 50 53 70 58 181 0 4.54 15.79 
35557 6546 50 53 70 58 181 0 4.54 15.79 
35729 6546 50 53 70 58 181 0 4.54 15.79 
35901 6546 50 53 70 58 181 0 4.54 15.79 
36073 6546 50 53 70 58 181 0 4.54 15.81 
36245 6546 50 53 70 58 181 0 4.54 15.79 
36417 6546 50 53 70 58 181 0 4.54 15.81 
36589 6546 50 53 70 58 181 0 4.54 15.81 
36761 6546 50 53 70 58 181 0 4.54 15.79 
36933 6546 50 53 70 58 181 4 4.54 15.79 
37105 6546 50 53 70 58 181 0 4.54 15.79 
37277 6546 50 53 70 58 181 0 4.54 15.79 
37449 6546 50 53 70 58 181 7 4.54 15.79 
37621 6546 50 53 70 58 181 0 4.54 15.79 
37793 6546 50 53 70 58 181 0 4.54 15.81 
37965 6546 50 53 70 58 181 1 4.54 15.81 
38137 6546 50 53 70 58 181 0 4.54 15.79 
38309 6546 50 53 70 58 181 0 4.54 15.79 
38481 6546 50 53 70 58 181 0 4.54 15.79 
38653 6546 50 53 70 58 181 0 4.54 15.79 
38825 6546 50 53 70 58 181 0 4.54 15.79 
38997 6546 50 53 70 58 181 0 4.54 15.79 
39169 6546 50 53 70 58 181 1 4.54 15.79 
39341 6546 50 53 70 58 181 0 4.54 15.81 
39513 6546 50 53 70 58 181 0 4.54 15.79 
39685 6546 50 53 70 58 181 5 4.54 15.79 
39857 6546 50 53 70 58 181 0 4.54 15.79 
40029 6546 50 53 70 58 181 0 4.54 15.79 
40201 6546 50 53 70 58 181 3 4.54 15.79 
40373 6546 50 53 70 58 181 0 4.54 15.79 
40545 6546 50 53 70 58 181 0 4.54 15.79 
40717 6546 50 53 70 58 181 0 4.54 15.79 
40889 6546 50 53 70 58 181 0 4.54 15.79 
41061 6546 50 53 70 58 181 0 4.54 15.79 
41233 6546 50 53 70 58 181 0 4.54 15.79 
41405 6546 50 53 70 58 181 1 4.54 15.79 
41577 6546 50 53 70 58 181 0 4.54 15.79 
41749 6546 50 53 70 58 181 0 4.54 15.79 
41921 6546 50 53 70 58 181 6 4.54 15.79 
42093 6546 50 53 70 58 181 0 4.54 15.79 
42265 6546 50 53 70 58 181 0 4.54 15.81 
42437 6546 50 53 70 58 181 3 4.54 15.79 
42609 6546 50 53 70 58 181 0 4.54 15.79 
42781 6546 50 53 70 58 181 0 0.05 22.12 
42953 6427 52 53 71 58 182 0 0.00 57.17 
44125 6546 50 53 70 58 180 0 0.00 56.75 
45297 6546 50 53 70 58 180 0 0.00 56.75 
46469 6546 50 53 70 58 181 0 0.00 56.75 
47641 6546 50 53 70 58 181 0 0.00 56.75 
48813 6546 50 53 70 58 181 0 0.00 57.05 
49985 6546 50 53 70 58 181 0 0.00 57.17 
51157 6546 50 53 70 58 181 0 0.00 57.03 
52329 6546 50 53 70 58 181 0 0.00 57.03 
53501 6546 50 53 70 58 181 0 0.00 56.75 
54673 6546 50 53 70 58 181 0 0.00 57.17 
55845 6546 50 53 70 58 181 0 0.00 56.73 
57017 6546 50 53 70 58 181 2 0.00 57.03 
58189 6546 50 53 70 58 181 0 0.00 56.75 
59361 6546 50 53 70 58 181 0 0.00 57.15 
60533 6546 50 53 70 58 181 0 0.00 57.15 
61705 6546 50 53 70 58 181 0 0.00 57.17 
62877 6546 50 53 70 58 181 0 0.00 56.73 
64049 6546 50 53 70 58 181 0 0.00 57.17 
65221 6546 50 53 70 58 181 0 0.00 57.15 
66393 6546 50 53 70 58 181 0 0.00 57.15 
67565 6546 50 53 70 58 180 0 0.00 57.15 
68737 6546 50 53 70 58 181 1 0.00 57.03 
69909 6546 50 53 70 58 181 0 0.00 56.76 
71081 6546 50 53 70 58 181 0 57.68 56.76 
71259 6546 50 53 70 58 181 0 5.18 57.17 
71434 6427 52 53 71 58 181 0 3.59 56.76 
71609 6427 52 53 71 58 181 0 3.59 56.75 
71784 6427 52 53 71 58 181 1 3.25 56.75 
71959 6427 52 53 71 58 181 0 3.59 56.76 
72134 6356 52 54 71 58 182 0 0.00 56.75 
73306 6546 50 53 70 58 181 2 0.00 56.76 
74478 6546 50 53 70 58 181 0 0.00 56.75 
75650 6546 50 53 70 58 181 0 0.00 56.75 
76822 6546 50 53 70 58 181 0 0.00 56.75 
77994 6546 50 53 70 58 181 0 0.00 56.75 
79166 6546 50 53 70 58 181 0 0.00 51.63 
80338 3296 33 73 56 42 169 0 15.50 48.93 
80513 3271 34 75 57 43 173 0 15.83 14.81 
80686 3358 40 67 57 38 162 0 15.83 16.12 
80859 3264 52 78 69 42 188 0 46.85 45.59 
81036 3238 54 79 70 42 191 0 16.15 45.61 
81211 3290 53 79 70 43 192 0 10.76 43.01 
81385 3238 54 79 70 42 192 0 8.74 43.03 
81559 3558 45 67 61 40 168 0 8.38 44.40 
81733 4074 44 69 64 47 180 0 8.38 44.39 
81907 4041 43 68 63 46 177 0 45.66 41.99 
82083 4036 45 71 66 48 184 4 45.27 43.01 
82259 4036 49 77 71 52 199 0 16.15 43.42 
82434 4091 49 76 71 52 198 0 44.06 16.12 
82609 4036 49 77 71 52 199 3 49.16 9.06 
82784 4036 49 77 71 52 200 0 9.76 6.77 
82956 4066 49 78 72 53 202 0 48.84 40.15 
83132 4066 49 78 72 53 202 0 48.84 5.49 
83306 4066 49 78 72 53 202 0 49.33 6.77 
83480 4066 49 78 72 53 202 0 58.67 40.17 
83657 4066 49 78 72 53 202 0 58.65 8.36 
83832 4066 49 78 72 53 202 0 58.67 8.38 
84007 4066 49 78 72 53 202 0 58.67 7.09 
84182 4066 49 78 72 53 202 0 59.08 7.09 
84357 4066 49 78 72 53 202 0 59.08 7.11 
84532 4066 49 78 72 53 202 0 59.19 5.49 
84707 4066 49 78 72 53 202 0 57.82 5.49 
84882 4036 49 77 71 52 200 0 58.79 5.49 
85057 3928 35 64 55 42 161 0 56.13 50.46 
85234 3826 30 67 53 43 161 0 53.41 55.49 
85412 3788 29 80 59 51 187 0 18.68 52.41 
85587 3663 26 75 54 47 174 0 40.24 36.06 
85763 3589 26 82 57 51 187 0 33.92 8.36 
85937 4488 30 57 50 41 147 0 54.23 5.49 
86112 9750 48 62 79 77 218 0 27.32 5.49 
86285 11434 49 63 83 84 229 0 23.02 20.23 
86459 3205 33 76 57 43 173 1 18.68 6.72 
86632 3144 46 87 69 47 202 0 16.76 5.49 
86804 3689 122 135 144 83 363 0 40.00 6.78 
86978 3995 94 118 121 80 319 0 37.28 7.09 
87152 8072 42 87 83 82 251 0 35.44 10.74 
87326 6096 33 65 60 55 179 2 32.10 33.08 
87501 3370 42 114 82 68 262 0 26.47 9.40 
87674 3282 46 129 91 76 293 0 21.84 23.56 
87848 3311 50 145 102 86 329 0 21.84 7.09 
88021 3300 52 141 101 83 322 0 21.52 6.77 
88194 3187 60 174 121 101 393 4 21.52 9.74 
88367 3187 60 174 121 101 392 0 20.57 23.83 
88541 3224 60 173 121 101 392 0 8.74 9.74 
88713 3224 60 173 121 101 392 0 6.46 22.98 
88886 3224 60 173 121 101 391 0 5.17 22.98 
89059 3224 60 173 121 101 391 0 6.46 22.97 
89232 3224 60 173 121 101 391 0 6.46 22.98 
89405 3224 60 173 121 101 391 0 6.46 23.83 
89578 3224 60 173 121 101 391 4 10.10 26.71 
89751 3263 55 152 108 89 346 0 29.78 32.04 
89926 3413 47 128 92 77 295 0 31.33 14.13 
90100 7158 28 58 54 52 163 0 16.46 16.44 
90273 15525 26 63 61 68 190 0 21.52 19.58 
90447 9217 29 62 60 61 182 0 49.52 26.71 
90623 3729 109 128 133 80 342 0 33.66 35.39 
90798 3420 63 93 84 53 230 0 42.06 46.19 
90974 2791 34 84 59 43 184 0 55.73 48.93 
91151 7076 37 53 60 54 167 0 56.00 15.81 
91326 7375 41 56 65 59 179 0 55.42 15.79 
91501 7707 39 55 64 59 177 0 55.44 52.80 
91679 7772 38 51 61 56 167 0 55.40 54.98 
91857 8165 37 50 60 56 166 0 54.23 15.81 
92032 7786 39 52 62 57 171 0 51.37 49.25 
92209 7201 38 53 61 55 167 0 17.41 15.79 
92382 9067 43 56 70 67 193 0 13.14 15.79 
92555 10305 47 61 79 78 217 0 11.44 44.00 
92729 11442 50 65 86 87 237 2 42.28 41.53 
92905 10206 47 62 79 78 217 0 42.30 41.79 
93081 10439 53 67 88 87 242 0 41.38 16.12 
93256 11462 56 71 95 96 262 0 10.10 40.65 
93430 11448 60 76 102 103 280 2 42.08 9.74 
93604 12368 61 78 105 108 290 0 42.06 40.63 
93780 11582 62 75 103 104 281 2 42.06 40.63 
93956 11478 62 77 104 105 287 0 42.08 42.81 
94132 11478 62 77 104 105 287 0 42.30 6.77 
94306 11503 61 76 103 104 283 0 41.84 8.38 
94480 11881 58 75 100 102 276 4 41.82 8.36 
94654 12406 56 73 97 100 269 0 41.38 8.38 
94828 11944 57 73 98 100 271 0 41.36 8.38 
95002 12456 57 73 98 101 271 0 41.38 8.38 
95176 12456 57 73 98 101 271 0 41.38 8.38 
95350 12456 57 73 98 101 271 0 41.36 8.36 
95524 12456 57 73 98 101 271 0 40.92 8.38 
95698 12456 57 73 98 101 271 2 40.00 15.79 
95872 12406 56 73 97 100 270 0 42.28 41.99 
96048 11384 58 74 98 99 270 2 10.10 9.40 
96220 10335 53 69 89 88 244 0 37.94 6.77 
96394 9629 49 66 82 80 228 0 38.42 5.49 
96568 9237 48 63 79 76 218 0 10.42 36.53 
96742 10273 48 63 81 80 224 0 37.26 36.99 
96918 11965 59 74 100 102 275 0 35.19 34.61 
97093 12994 64 79 110 114 302 0 35.21 6.78 
97267 12994 64 79 110 114 303 0 35.19 7.09 
97441 12994 64 79 110 114 303 0 36.36 9.40 
97615 12994 64 79 110 114 303 4 35.19 16.42 
97789 12994 64 79 110 114 303 0 35.19 35.39 
97964 12994 64 79 110 114 303 0 36.36 16.12 
98138 12994 64 79 110 114 303 0 35.21 16.12 
98312 12994 64 79 110 114 303 0 35.21 35.62 
98487 12994 64 79 110 114 303 0 36.82 16.12 
98661 12994 64 79 110 114 302 0 30.80 11.42 
98835 12449 61 77 105 108 289 0 30.80 15.13 
99009 8204 46 61 74 69 204 0 31.08 11.10 
99183 8569 46 62 75 71 208 3 55.86 25.84 
99359 9450 55 71 90 87 247 0 44.66 23.55 
99534 11874 67 84 114 116 313 0 27.90 7.09 
99707 11361 64 82 109 110 299 0 44.05 20.86 
99882 7652 48 68 78 72 217 3 5.81 22.41 
100055 3531 33 74 57 45 175 0 37.28 6.77 
100229 2162 25 86 52 39 175 0 37.74 9.74 
100403 2123 25 85 51 38 173 0 41.60 9.74 
100577 2123 25 85 51 38 173 0 17.41 13.45 
100750 2075 24 86 51 38 173 3 20.89 13.12 
100923 2075 24 86 51 38 173 0 20.89 12.77 
101096 2075 24 86 51 38 173 0 30.57 12.78 
101270 2075 24 86 51 38 173 0 18.68 14.42 
101443 2075 24 86 51 38 173 0 16.78 14.79 
101616 2457 29 85 55 41 180 3 16.46 16.12 
101789 2485 34 96 63 46 203 0 15.83 23.26 
101962 1695 24 114 60 46 215 0 25.89 15.79 
102136 1639 21 110 56 43 204 0 22.44 21.49 
102310 1722 27 122 65 49 231 0 16.46 19.91 
102483 1818 30 127 70 53 245 17 23.31 18.02 
102657 1918 34 130 74 55 254 0 16.78 8.06 
102830 2859 54 109 82 54 245 0 15.83 10.08 
103003 3602 137 150 159 89 401 0 7.75 15.79 
103176 3605 150 165 175 98 441 0 10.10 16.12 
103349 3604 173 184 198 109 494 0 16.15 15.81 
103522 3604 173 184 198 109 495 0 16.46 15.79 
103695 3604 173 184 198 109 494 0 11.44 6.77 
103867 3604 173 184 198 109 495 3 11.44 6.44 
104039 3612 173 185 199 110 497 0 13.14 5.56 
104211 3612 173 185 199 110 498 0 14.82 7.09 
104383 3612 173 185 199 110 498 16 13.14 9.08 
104555 3612 173 185 199 110 498 0 13.12 6.77 
104727 3612 173 185 199 110 498 0 13.14 6.77 
104899 3612 173 185 199 110 498 0 16.15 8.72 
105072 3612 173 185 199 110 498 0 13.14 8.38 
105244 3612 173 185 199 110 498 0 13.12 6.77 
105416 3612 173 185 199 110 498 0 13.12 10.08 
105589 3612 173 185 199 110 498 0 13.14 7.09 
105761 3612 173 185 199 110 498 0 13.14 8.74 
105933 3612 173 185 199 110 498 0 13.14 8.74 
106105 3612 173 185 199 110 498 0 15.83 16.75 
106278 3612 173 185 199 110 497 0 15.83 11.42 
106451 3604 173 184 198 109 494 0 15.83 16.75 
106624 3604 173 184 198 109 495 0 15.83 16.75 
106797 3599 170 181 195 107 487 0 16.46 6.77 
106970 3612 169 180 194 107 484 3 8.38 16.12 
107143 3593 148 164 173 97 436 0 14.82 16.12 
107316 3733 81 99 101 62 264 0 11.44 16.13 
107489 3693 84 102 104 63 272 0 14.82 6.78 
107661 3693 84 102 104 63 272 0 13.14 6.77 
107833 3693 84 102 104 63 272 0 10.10 6.77 
108005 3693 84 102 104 63 272 0 13.14 9.74 
108177 3664 84 103 104 63 272 0 11.44 6.77 
108349 3693 84 102 104 63 272 0 13.14 6.77 
108521 3664 84 103 104 63 272 0 9.76 16.12 
108694 3664 84 103 104 63 272 0 13.12 16.12 
108867 3664 84 103 104 63 272 0 13.14 16.12 
109040 3664 84 103 104 63 272 0 13.12 16.12 
109213 3664 84 103 104 63 272 0 13.14 16.12 
109386 3664 84 103 104 63 272 0 13.12 16.12 
109559 3664 84 103 104 63 272 0 13.12 16.12 
109732 3664 84 103 104 63 272 0 13.14 16.12 
109905 3664 84 103 104 63 272 2 13.14 16.12 
110078 3664 84 103 104 63 272 0 13.14 16.12 
110251 3664 84 103 104 63 272 0 9.76 14.47 
110424 3693 84 102 104 63 272 9 7.11 11.76 
110596 5484 47 78 76 65 219 0 58.09 6.44 
110771 14486 31 79 75 83 236 3 27.90 5.49 
110944 12559 31 76 72 78 225 0 25.02 15.79 
111118 5690 31 58 54 48 159 0 24.74 26.13 
111292 3667 40 96 73 60 228 0 25.60 8.72 
111465 3331 51 140 100 83 321 0 25.89 5.49 
111638 3348 51 138 99 82 316 2 23.89 6.78 
111811 3348 51 138 99 82 316 0 23.02 25.55 
111985 3372 46 121 88 72 279 0 21.22 6.77 
112158 3362 50 125 92 74 290 0 22.44 7.74 
112331 3208 55 155 109 90 352 0 10.42 11.76 
112503 3237 55 151 107 88 344 4 10.44 10.42 
112675 3237 55 151 107 88 344 0 10.42 10.42 
112847 3237 55 151 107 88 344 0 23.31 12.09 
113020 3237 55 151 107 88 344 0 22.44 5.81 
113193 3237 55 151 107 88 344 0 22.44 11.42 
113366 3237 55 151 107 88 344 0 22.44 7.74 
113539 3237 55 151 107 88 344 0 22.44 6.46 
113712 3237 55 151 107 88 344 0 22.44 7.74 
113885 3237 55 151 107 88 344 0 22.44 7.74 
114058 3237 55 151 107 88 344 4 22.44 7.72 
114231 3237 55 151 107 88 344 0 22.44 7.74 
114404 3237 55 151 107 88 344 0 22.44 7.74 
114577 3237 55 151 107 88 344 0 22.44 7.74 
114750 3237 55 151 107 88 344 0 22.44 7.74 
114923 3237 55 151 107 88 344 0 22.44 7.74 
115096 3237 55 151 107 88 344 0 26.18 6.77 
115269 3768 44 107 82 68 256 0 10.10 11.76 
115441 6529 31 59 56 52 167 3 14.82 12.78 
115614 6297 29 57 53 49 158 0 13.14 13.11 
115787 4820 33 53 51 41 146 0 16.15 13.11 
115960 5109 30 53 50 42 146 3 15.83 15.15 
116133 4674 34 54 52 41 147 0 15.83 15.81 
116306 3602 133 145 154 86 387 0 18.36 15.79 
116479 3598 158 166 180 98 447 0 31.31 22.69 
116653 3621 106 117 124 70 314 0 35.68 26.96 
116828 2798 40 90 65 45 198 0 38.86 15.79 
117002 2392 31 96 61 46 200 0 37.06 47.57 
117178 2534 38 108 71 53 227 0 47.45 49.25 
117355 2712 32 83 57 42 181 0 50.03 48.55 
117532 4804 29 48 46 37 130 0 4.86 55.91 
117707 2656 31 84 57 42 182 0 4.54 56.47 
117882 2923 32 76 55 40 170 0 4.54 56.90 
118057 3013 31 74 54 40 167 0 0.00 15.79 
119227 3785 31 102 71 65 235 0 3.59 16.12 
119399 4165 107 156 151 109 416 0 52.38 10.74 
119574 4101 87 131 124 90 342 0 48.45 10.42 
119749 3251 61 85 77 45 208 0 49.01 9.40 
119924 2758 93 130 110 52 295 4 47.65 10.08 
120099 2737 102 144 121 57 325 0 48.64 6.77 
120273 2688 118 169 140 65 376 0 49.01 8.04 
120448 2632 127 182 149 67 400 1 8.06 35.85 
120622 2634 128 181 149 66 398 0 8.06 34.63 
120796 2623 126 181 148 66 397 0 9.42 36.31 
120970 2623 126 181 148 66 398 0 10.10 34.36 
121144 2623 126 181 148 66 398 0 29.55 33.08 
121319 2642 104 152 124 57 335 0 27.32 35.62 
121494 3250 47 74 64 40 179 0 51.03 31.02 
121670 3188 47 77 65 41 183 0 24.45 39.05 
121845 2350 28 99 61 49 206 0 51.37 9.40 
122020 1989 26 118 67 56 236 0 23.29 29.73 
122194 2216 32 126 75 62 257 0 22.44 6.77 
122367 2105 29 122 71 59 247 2 18.68 6.75 
122540 1850 22 113 62 53 223 0 15.83 15.79 
122713 2452 23 76 48 38 160 0 11.44 27.27 
122886 2522 23 75 48 38 159 0 11.78 28.97 
123060 2522 23 75 48 38 159 0 15.16 28.97 
123234 2522 23 75 48 38 159 3 19.62 23.56 
123408 2522 23 75 48 38 159 0 10.42 22.97 
123581 2522 23 75 48 38 159 0 10.10 21.49 
123754 2689 24 71 47 37 153 0 6.46 19.28 
123927 5261 51 69 74 59 202 0 8.06 19.28 
124100 6756 106 109 147 123 379 0 10.10 18.95 
124273 6801 107 109 148 124 381 0 4.86 15.47 
124445 7041 117 116 162 137 416 0 4.84 15.49 
124617 7057 125 120 171 144 435 0 4.86 6.77 
124789 7114 123 119 169 143 430 0 4.86 10.08 
124961 7114 123 119 169 143 432 0 3.57 7.09 
125133 7114 123 119 169 143 430 0 3.59 9.74 
125305 6982 111 110 153 129 391 0 4.86 13.11 
125477 7001 108 109 150 127 384 0 4.86 13.11 
125649 5847 70 83 99 80 262 0 4.86 13.11 
125821 5446 64 80 91 72 242 0 5.17 5.49 
125993 5446 64 80 91 72 242 0 4.84 13.11 
126165 5446 64 80 91 72 242 0 4.86 6.78 
126337 5446 64 80 91 72 242 3 6.46 13.11 
126509 5446 64 80 91 72 242 0 6.46 13.11 
126681 5446 64 80 91 72 242 0 4.86 13.11 
126853 5446 64 80 91 72 242 2 5.18 6.77 
127025 5446 64 80 91 72 242 0 6.46 13.11 
127197 5446 64 80 91 72 242 0 6.46 13.11 
127369 5446 64 80 91 72 242 0 6.46 13.11 
127541 5446 64 80 91 72 242 0 6.46 13.11 
127713 5446 64 80 91 72 242 0 6.46 13.12 
127885 5446 64 80 91 72 242 0 6.46 13.11 
128057 5446 64 80 91 72 242 0 6.46 13.11 
128229 5446 64 80 91 72 242 0 6.46 13.11 
128401 5446 64 80 91 72 242 0 13.48 13.79 
128574 5446 64 80 91 72 242 0 9.76 18.02 
128747 5426 64 79 90 71 239 0 31.84 25.57 
128922 6478 88 95 123 102 320 3 31.08 30.51 
129097 6547 77 82 107 89 279 0 79.05 70.79 
129277 3038 48 92 72 48 216 0 58.65 5.49 
129452 1741 36 137 74 49 256 0 57.95 6.44 
129627 1738 37 139 75 49 259 0 58.36 9.40 
129802 1738 37 139 75 49 258 0 69.14 59.65 
129981 1726 36 138 74 49 257 0 61.46 52.12 
130159 1726 36 138 74 49 256 0 58.65 55.91 
130337 1726 36 138 74 49 256 0 55.71 5.49 
130512 6211 86 100 122 101 322 0 50.18 5.49 
130686 4568 51 104 89 75 266 0 52.04 5.49 
130861 2563 102 163 127 61 352 0 24.74 6.77 
131034 3980 125 179 172 120 472 0 22.73 20.21 
131208 3427 34 121 81 74 273 0 16.46 6.77 
131381 7162 63 111 112 105 327 0 11.44 16.75 
131554 8348 86 104 134 124 362 0 20.57 11.42 
131727 5687 64 99 101 86 284 0 28.75 7.74 
131900 1620 25 142 70 53 259 0 23.89 21.81 
132074 1645 27 135 69 52 250 4 23.31 12.10 
132247 1718 24 109 58 43 206 0 16.46 21.49 
132420 3055 38 77 59 41 176 0 16.46 22.41 
132593 3765 69 90 89 57 238 0 23.31 14.47 
132766 3668 69 88 87 54 231 0 15.83 17.37 
132939 3668 69 88 87 54 231 2 23.31 6.77 
133112 3668 69 88 87 54 231 0 7.11 15.81 
133285 3668 69 88 87 54 231 0 6.46 19.91 
133458 3668 69 88 87 54 231 3 6.46 21.17 
133631 3668 69 88 87 54 231 0 6.46 16.10 
133803 3723 68 88 87 55 232 3 6.46 16.12 
133975 3677 71 91 90 56 240 0 8.38 16.12 
134148 3596 146 173 176 103 454 0 9.42 5.49 
134320 3785 162 215 211 137 567 0 7.74 8.04 
134492 3768 180 235 232 149 620 0 7.75 9.74 
134664 3771 184 238 236 151 630 0 9.76 14.13 
134837 3732 183 233 232 146 615 0 21.22 14.47 
135010 3589 122 148 149 88 388 0 28.75 29.48 
135185 1749 30 128 69 51 244 0 34.68 33.35 
135360 7623 101 124 154 139 418 0 35.68 34.08 
135535 1708 15 147 77 80 298 0 35.68 34.29 
135710 1620 12 151 77 82 303 0 35.68 34.32 
135885 1629 12 152 77 82 305 0 35.68 34.34 
136060 1636 11 152 77 83 306 0 35.68 34.29 
136235 1624 13 152 78 83 306 0 35.68 34.36 
136410 1624 13 152 78 83 306 0 35.68 34.32 
136585 1624 13 152 78 83 307 0 35.68 34.36 
136760 1620 12 153 78 83 307 8 35.68 34.32 
136935 1620 12 153 78 83 307 0 35.68 34.36 
137110 1620 12 153 78 83 307 0 35.68 34.32 
137285 1620 12 153 78 83 307 0 35.67 34.32 
137460 1620 12 153 78 83 308 3 35.68 34.32 
137635 1620 12 153 78 83 308 0 35.67 34.31 
137810 1620 12 153 78 83 308 2 35.68 34.29 
137985 1620 12 153 78 83 308 0 35.68 34.29 
138160 1620 12 153 78 83 308 2 35.68 34.29 
138335 1620 12 153 78 83 308 0 35.68 34.36 
138510 1620 12 153 78 83 309 2 35.68 34.31 
138685 1620 12 153 78 83 309 0 35.68 34.34 
138860 1620 12 153 78 83 309 2 35.68 34.32 
139035 1629 12 154 78 83 309 0 35.68 34.32 
139210 1629 12 154 78 83 309 2 35.67 34.31 
139385 1629 12 154 78 83 309 0 35.67 34.32 
139560 1629 12 154 78 83 309 2 35.68 34.31 
139735 1636 11 154 78 84 309 0 35.68 34.31 
139910 1636 11 154 78 84 309 2 35.68 34.29 
140085 1636 11 154 78 84 309 0 35.68 34.31 
140260 1636 11 154 78 84 309 3 35.67 33.81 
140435 1636 11 154 78 84 309 0 35.68 34.32 
140610 1636 11 154 78 84 309 3 35.68 34.34 
140785 1636 11 154 78 84 309 0 35.68 34.37 
140960 1636 11 154 78 84 309 4 35.67 34.29 
141135 1636 11 154 78 84 309 0 35.68 34.36 
141310 1636 11 154 78 84 309 4 35.68 34.32 
141485 1636 11 154 78 84 309 0 35.67 33.83 
141660 1636 11 154 78 84 309 4 35.67 34.32 
141835 1636 11 154 78 84 309 0 35.67 34.32 
142010 1636 11 154 78 84 309 5 35.68 34.29 
142185 1636 11 154 78 84 309 0 35.68 34.34 
142360 1636 11 154 78 84 310 5 35.68 34.32 
142535 1636 11 154 78 84 310 0 35.68 34.32 
142710 1636 11 154 78 84 310 6 35.68 34.29 
142885 1636 11 154 78 84 310 0 35.68 34.34 
143060 1636 11 154 78 84 310 6 35.68 34.31 
143235 1636 11 154 78 84 310 0 35.68 34.36 
143410 1636 11 154 78 84 310 6 35.68 34.34 
143585 1636 11 154 78 84 310 0 35.68 34.36 
143760 1636 11 154 78 84 310 7 35.68 33.83 
143935 1636 11 154 78 84 310 0 35.68 34.36 
144110 1636 11 154 78 84 310 6 35.68 34.31 
144285 1636 11 154 78 84 310 0 35.68 34.34 
144460 1636 11 154 78 84 310 8 35.68 34.29 
144635 1636 11 154 78 84 310 0 35.68 34.37 
144810 1624 13 154 79 84 310 9 35.68 34.31 
144985 1624 13 154 79 84 310 0 35.68 34.34 
145160 1624 13 154 79 84 310 0 35.68 34.32 
145335 1636 11 154 78 84 310 0 35.68 34.34 
145510 1624 13 154 79 84 310 0 35.68 34.36 
145685 1624 13 154 79 84 310 0 35.68 34.36 
