=~=~=~=~=~=~=~=~=~=~=~= PuTTY log 2025.11.26 17:49:57 =~=~=~=~=~=~=~=~=~=~=~=
ets Jul 29 2019 12:21:46

rst:0x1 (POWERON_RESET),boot:0x13 (SPI_FAST_FLASH_BOOT)
configsip: 0, SPIWP:0xee
clk_drv:0x00,q_drv:0x00,d_drv:0x00,cs0_drv:0x00,hd_drv:0x00,wp_drv:0x00
mode:DIO, clock div:1
load:0x3fff0030,len:4980
load:0x40078000,len:16612
load:0x40080400,len:3480
entry 0x400805b4
Found sensor
Milis - ColorTemp - Lux - R - G - B - C - Pot - UsensA - UsensB

399 3809 36 53 50 34 138 5 67.37 66.35 
578 3809 36 53 50 34 138 0 67.34 64.40 
757 3809 36 53 50 34 138 0 67.34 66.35 
936 3809 36 53 50 34 138 0 67.34 66.49 
1115 3809 36 53 50 34 138 0 66.95 60.13 
1294 3809 36 53 50 34 138 0 67.34 66.37 
1473 3809 36 53 50 34 138 0 67.34 66.39 
1652 3809 36 53 50 34 138 0 67.34 66.35 
1831 3809 36 53 50 34 138 0 67.35 59.69 
2010 3809 36 53 50 34 138 4 67.78 66.33 
2189 3809 36 53 50 34 138 0 68.29 65.13 
2368 3809 36 53 50 34 138 0 68.15 66.35 
2547 3809 36 53 50 34 138 0 68.15 64.41 
2726 3809 36 53 50 34 138 3 68.15 66.37 
2905 3809 36 53 50 34 138 0 68.15 64.41 
3084 3809 36 53 50 34 138 0 68.29 65.54 
3263 3809 36 53 50 34 138 0 68.14 66.35 
3442 3809 36 53 50 34 138 4 68.15 66.35 
3621 3809 36 53 50 34 137 0 67.73 66.37 
3800 3809 36 53 50 34 137 0 67.73 66.37 
3979 3809 36 53 50 34 137 0 67.75 64.40 
4158 3809 36 53 50 34 137 5 67.73 66.35 
4337 3809 36 53 50 34 137 0 67.73 66.37 
4516 3809 36 53 50 34 137 0 68.14 66.35 
4695 3809 36 53 50 34 138 0 68.15 66.35 
4874 3809 36 53 50 34 138 8 68.56 65.93 
5053 3809 36 53 50 34 138 0 68.56 66.35 
5232 3809 36 53 50 34 138 0 68.15 66.35 
5411 3809 36 53 50 34 138 0 68.70 65.93 
5590 3809 36 53 50 34 138 0 69.07 65.94 
5769 3809 36 53 50 34 138 0 68.56 65.93 
5948 3809 36 53 50 34 138 0 68.58 65.91 
6127 3740 36 54 50 34 138 0 68.56 65.94 
6306 3740 36 54 50 34 138 0 68.56 66.37 
6485 3740 36 54 50 34 138 0 68.56 66.37 
6664 3740 36 54 50 34 138 0 68.56 66.37 
6843 3740 36 54 50 34 138 1 68.68 65.11 
7022 3740 36 54 50 34 138 0 67.73 66.35 
7201 3740 36 54 50 34 138 0 67.73 66.37 
7380 3740 36 54 50 34 138 0 67.75 66.35 
7559 3809 36 53 50 34 137 4 68.14 66.37 
7738 3809 36 53 50 34 138 0 9.76 20.21 
7911 3809 36 53 50 34 138 0 68.14 65.96 
8090 3809 36 53 50 34 138 0 68.27 65.54 
8269 3809 36 53 50 34 138 0 9.76 21.49 
8442 3740 36 54 50 34 138 7 67.71 65.96 
8621 3740 36 54 50 34 138 0 9.76 57.31 
8796 3740 36 54 50 34 138 0 67.85 65.54 
8975 3740 36 54 50 34 138 5 67.71 66.37 
9154 3740 36 54 50 34 138 0 67.42 65.94 
9333 3740 36 54 50 34 138 0 67.85 65.52 
9512 3809 36 53 50 34 138 0 68.14 65.94 
9691 3809 36 53 50 34 138 7 9.76 20.21 
9864 3740 36 54 50 34 138 0 67.34 65.96 
10043 3809 36 53 50 34 138 10 67.34 66.35 
10222 3740 36 54 50 34 138 0 67.34 65.93 
10401 3740 36 54 50 34 138 0 67.35 65.93 
10580 3740 36 54 50 34 138 0 67.35 65.94 
10759 3740 36 54 50 34 138 19 67.35 65.96 
10938 3740 36 54 50 34 138 0 67.34 66.37 
11117 3740 36 54 50 34 138 0 67.34 65.94 
11296 3740 36 54 50 34 138 0 67.32 66.37 
11475 3740 36 54 50 34 138 3 67.76 66.23 
11654 3740 36 54 50 34 138 0 67.76 65.93 
11833 3740 36 54 50 34 138 0 9.76 55.91 
12008 3740 36 54 50 34 138 2 67.73 66.21 
12187 3740 36 54 50 34 138 0 68.15 66.23 
12366 3740 36 54 50 34 138 0 67.71 65.82 
12545 3740 36 54 50 34 138 0 67.71 65.93 
12724 3740 36 54 50 34 138 0 67.71 65.93 
12903 3740 36 54 50 34 138 0 67.71 65.91 
13082 3740 36 54 50 34 138 0 67.71 66.23 
13261 3740 36 54 50 34 138 0 67.71 66.23 
13440 3740 36 54 50 34 138 0 67.30 66.23 
13619 3740 36 54 50 34 138 0 67.73 66.23 
13798 3740 36 54 50 34 138 0 67.71 65.93 
13977 3740 36 54 50 34 138 1 67.32 65.93 
14156 3740 36 54 50 34 138 0 67.73 66.21 
14335 3740 36 54 50 34 138 0 67.71 66.23 
14514 3740 36 54 50 34 138 0 67.71 66.35 
14693 3740 36 54 50 34 138 2 67.32 65.93 
14872 3740 36 54 50 34 138 0 67.73 65.94 
15051 3740 36 54 50 34 138 0 67.71 65.93 
15230 3740 36 54 50 34 138 0 67.30 65.94 
15409 3740 36 54 50 34 138 4 68.14 66.21 
15588 3740 36 54 50 34 138 0 67.73 66.23 
15767 3740 36 54 50 34 138 0 68.12 66.23 
15946 3740 36 54 50 34 138 0 67.71 66.21 
16125 3740 36 54 50 34 138 4 67.71 65.93 
16304 3740 36 54 50 34 138 0 67.30 66.35 
16483 3740 36 54 50 34 138 0 67.30 65.93 
16662 3740 36 54 50 34 138 0 67.73 66.25 
16841 3740 36 54 50 34 138 1 67.71 66.35 
17020 3740 36 54 50 34 138 0 68.14 65.91 
17199 3740 36 54 50 34 138 0 67.71 65.93 
17378 3740 36 54 50 34 138 0 68.12 66.35 
17557 3740 36 54 50 34 138 0 68.14 66.37 
17736 3740 36 54 50 34 138 0 68.00 64.55 
17915 3740 36 54 50 34 138 0 70.94 57.29 
18094 3417 35 62 52 36 150 0 90.44 59.42 
18274 3093 37 73 57 39 168 1 10.10 59.14 
18449 3149 38 72 57 39 167 0 71.01 56.49 
18628 4266 34 52 50 37 141 0 70.57 56.90 
18807 4266 34 52 50 37 140 0 71.81 56.61 
18986 4266 34 52 50 37 140 0 73.05 55.78 
19165 4266 34 52 50 37 140 0 72.61 55.64 
19344 4266 34 52 50 37 140 0 60.88 67.35 
19523 4266 34 52 50 37 140 0 60.18 61.20 
19701 6554 54 55 74 61 191 0 10.10 59.40 
19876 6285 51 55 71 58 184 1 67.30 55.91 
20054 6937 59 58 81 68 208 0 60.89 54.49 
20232 7711 66 61 91 79 231 0 57.54 52.48 
20410 4430 42 69 64 50 182 0 56.85 50.44 
20587 3013 33 84 60 46 188 0 55.25 49.10 
20764 3297 43 72 61 40 174 0 56.01 54.65 
20942 2956 77 112 96 52 261 4 56.00 49.61 
21119 2959 79 113 98 52 264 0 56.01 50.10 
21296 2945 78 113 97 52 264 0 56.01 50.95 
21473 2959 79 113 98 52 264 2 72.96 50.44 
21651 2959 79 113 98 52 264 0 51.88 55.64 
21828 2959 79 113 98 52 266 0 9.76 53.29 
22003 2959 79 113 98 52 265 0 9.76 51.29 
22178 2976 70 104 89 49 243 0 8.40 54.84 
22353 2957 70 103 88 48 241 0 49.18 50.12 
22530 3046 63 94 81 46 221 0 49.35 49.62 
22707 3139 56 84 73 43 201 3 46.67 46.99 
22884 3484 48 72 65 42 181 0 46.09 20.55 
23059 4130 68 98 95 68 263 1 46.07 20.54 
23234 4142 97 141 136 98 377 0 46.07 20.55 
23409 4157 97 142 137 99 381 0 7.11 18.65 
23582 4157 97 142 137 99 381 0 45.66 18.63 
23757 4187 98 144 139 101 386 7 45.66 19.30 
23932 4194 100 145 141 102 392 0 45.66 19.28 
24107 4166 100 146 141 102 393 7 18.68 49.08 
24282 4216 99 146 141 103 393 0 18.04 17.70 
24455 4208 101 146 142 103 394 0 16.78 17.70 
24628 4181 101 147 142 103 394 0 18.04 17.70 
24801 4216 99 146 141 103 394 0 18.04 17.70 
24974 4208 101 146 142 103 394 6 18.05 17.70 
25147 4216 99 146 141 103 393 0 18.04 17.70 
25320 4216 99 146 141 103 393 0 18.05 17.70 
25493 4216 99 146 141 103 393 0 44.27 18.00 
25668 4216 99 146 141 103 393 0 44.10 16.12 
25843 4181 101 147 142 103 394 0 8.38 16.75 
26016 4188 99 147 141 103 394 0 43.88 16.75 
26191 4154 93 138 132 96 369 6 16.78 41.31 
26366 4201 85 122 119 86 330 0 16.78 42.23 
26541 4204 122 179 173 126 481 5 16.78 42.23 
26716 4244 126 183 178 130 497 0 16.78 42.62 
26891 4262 125 184 178 131 497 5 16.76 41.31 
27066 4262 125 184 178 131 498 0 16.78 49.61 
27241 4262 125 184 178 131 497 2 16.76 41.77 
27416 4262 125 184 178 131 497 0 16.78 49.62 
27591 4262 125 184 178 131 497 2 42.89 58.55 
27768 4222 126 184 178 130 496 0 8.38 58.14 
27943 4164 123 179 173 125 480 0 16.47 49.08 
28118 4185 119 174 168 122 468 0 16.46 49.08 
28293 4144 120 174 168 121 467 0 15.16 44.79 
28468 4159 117 169 164 118 455 0 9.76 43.01 
28642 4190 81 115 113 81 311 0 13.48 43.01 
28816 4167 84 120 117 84 324 0 13.48 43.01 
28990 4161 86 123 120 86 332 3 13.48 43.03 
29164 4161 86 123 120 86 332 0 13.48 43.03 
29338 4161 86 123 120 86 332 1 16.78 59.67 
29514 4133 90 128 125 89 344 0 42.30 49.10 
29691 4165 107 156 151 109 418 2 42.30 49.10 
29868 4160 110 159 154 111 427 0 42.30 49.10 
30045 4166 108 159 153 111 426 0 42.30 49.10 
30222 4166 108 159 153 111 426 0 42.30 49.08 
30399 4166 108 159 153 111 426 5 42.30 49.10 
30576 4166 108 159 153 111 426 0 42.30 49.10 
30753 4166 108 159 153 111 426 0 42.30 49.10 
30930 4166 108 159 153 111 426 0 42.30 49.10 
31107 4166 108 159 153 111 426 2 42.28 49.10 
31284 4166 108 159 153 111 426 0 42.30 49.10 
31461 4166 108 159 153 111 426 0 42.31 49.08 
31638 4166 108 159 153 111 426 0 9.76 49.08 
31813 4166 108 159 153 111 426 0 42.30 15.79 
31988 4166 108 159 153 111 426 3 42.30 15.79 
32163 4166 108 159 153 111 426 0 42.28 49.10 
32340 4166 108 159 153 111 426 2 42.30 49.10 
32517 4166 108 159 153 111 426 0 42.30 49.10 
32694 4166 108 159 153 111 426 0 42.30 58.58 
32871 4166 108 159 153 111 426 2 7.11 57.73 
33046 4166 108 159 153 111 426 0 3.25 2.92 
33218 4166 108 159 153 111 426 0 3.26 2.92 
33390 4166 108 159 153 111 426 1 3.26 1.97 
33561 4166 108 159 153 111 426 0 2.60 2.28 
33732 4166 108 159 153 111 426 0 2.60 2.28 
33903 4166 108 159 153 111 426 3 2.62 2.60 
34074 4166 108 159 153 111 426 0 2.60 2.60 
34245 4166 108 159 153 111 426 0 2.62 2.60 
34416 4166 108 159 153 111 426 0 2.60 2.60 
34587 4135 109 160 154 111 429 6 2.62 2.60 
34758 4160 118 172 166 120 461 0 2.60 2.60 
34929 4185 119 174 168 122 467 0 2.62 2.60 
35100 4167 120 173 168 121 466 0 2.62 2.60 
35271 4167 120 173 168 121 466 4 2.60 2.60 
35442 4167 120 173 168 121 466 0 4.22 2.60 
35614 4167 120 173 168 121 466 0 4.22 2.60 
35786 4167 120 173 168 121 466 0 4.22 2.60 
35958 4167 120 173 168 121 466 0 2.62 2.60 
36129 4167 120 173 168 121 466 0 4.22 2.60 
36301 4167 120 173 168 121 466 0 4.22 2.60 
36473 4167 120 173 168 121 466 0 4.22 2.60 
36645 4167 120 173 168 121 466 0 4.22 2.60 
36817 4167 120 173 168 121 466 0 2.60 2.28 
36988 4167 120 173 168 121 466 1 2.30 1.97 
37159 4167 120 173 168 121 466 0 2.28 1.97 
37330 4167 120 173 168 121 466 0 2.30 1.97 
37501 4167 120 173 168 121 467 0 2.30 1.97 
37672 4167 120 173 168 121 467 0 2.62 2.60 
37843 4167 120 173 168 121 467 0 2.60 2.60 
38014 4167 120 173 168 121 467 0 2.62 2.28 
38185 4167 120 173 168 121 467 3 2.60 2.60 
38356 4167 120 173 168 121 467 0 2.60 2.28 
38527 4167 120 173 168 121 467 0 2.62 2.28 
38698 4173 118 173 167 121 464 0 3.57 1.97 
38869 4167 120 173 168 121 466 6 5.81 41.31 
39043 4168 121 176 170 123 474 0 5.81 41.09 
39217 4152 122 178 172 124 478 0 5.81 42.23 
39391 4199 125 182 176 128 490 0 5.81 42.24 
39565 4182 126 184 178 129 496 0 5.81 42.23 
39739 4182 126 184 178 129 497 9 7.11 41.56 
39913 4171 126 183 177 128 494 0 16.78 41.31 
40088 4175 123 180 174 126 484 1 7.11 41.53 
40262 4133 120 176 169 122 472 0 7.11 41.53 
40436 4133 120 176 169 122 473 3 7.11 41.55 
40610 4128 121 176 170 122 474 0 7.11 41.55 
40784 4128 121 176 170 122 474 0 7.11 41.55 
40958 4145 120 177 170 123 475 0 7.11 41.53 
41132 4145 120 177 170 123 475 0 3.25 2.92 
41304 4145 120 177 170 123 476 3 3.25 2.92 
41476 4145 120 177 170 123 476 0 3.25 2.92 
41648 4145 120 177 170 123 476 0 3.25 2.92 
41820 4145 120 177 170 123 476 5 3.26 2.92 
41992 4145 120 177 170 123 476 0 3.26 2.92 
42164 4145 120 177 170 123 476 0 3.25 2.92 
42336 4145 120 177 170 123 476 5 1.97 1.97 
42507 4145 120 177 170 123 476 0 2.60 2.28 
42678 4145 120 177 170 123 476 0 2.60 2.28 
42849 4145 120 177 170 123 476 0 3.89 2.28 
43021 4145 120 177 170 123 477 2 3.25 2.92 
43193 4140 122 177 171 123 477 0 3.25 2.92 
43365 4140 122 177 171 123 477 0 3.25 2.92 
43537 4140 122 177 171 123 477 5 3.25 2.92 
43709 4140 122 177 171 123 477 0 3.25 2.92 
43881 4140 122 177 171 123 477 0 7.43 2.92 
44053 4140 122 177 171 123 477 7 4.54 2.92 
44225 4180 121 177 171 124 478 0 16.46 2.92 
44397 4180 121 177 171 124 477 0 3.25 2.92 
44569 4145 120 177 170 123 475 7 15.83 2.92 
44741 4133 120 176 169 122 471 0 3.25 2.92 
44913 4144 120 174 168 121 468 0 3.25 2.92 
45085 4149 118 174 167 121 467 3 4.54 2.92 
45257 4137 118 173 166 120 465 0 4.54 2.92 
45429 4120 119 172 166 119 461 0 2.30 1.97 
45600 4173 118 173 167 121 464 0 4.22 2.60 
45772 4239 119 175 169 124 471 0 4.22 2.60 
45944 4275 120 175 170 125 473 0 2.62 2.60 
46115 4318 119 175 170 126 473 0 2.28 2.28 
46286 4294 118 176 170 126 475 7 3.26 2.92 
46458 4294 118 176 170 126 474 0 4.54 2.92 
46630 4294 118 176 170 126 475 0 7.11 42.01 
46804 4294 118 176 170 126 475 1 65.91 42.01 
46982 4294 118 176 170 126 475 0 10.10 16.12 
47155 4294 118 176 170 126 475 0 16.78 42.01 
47330 4294 118 176 170 126 475 0 8.06 42.42 
47504 4294 118 176 170 126 475 1 16.46 43.01 
47679 4294 118 176 170 126 475 4 16.46 42.01 
47854 4294 118 176 170 126 475 4 10.10 42.01 
48028 4294 118 176 170 126 475 0 16.46 42.01 
48203 4294 118 176 170 126 475 5 16.46 42.01 
48378 4294 118 176 170 126 475 0 10.10 41.99 
48552 4294 118 176 170 126 475 2 44.88 42.01 
48728 4275 120 175 170 125 475 0 11.44 42.02 
48902 4282 118 175 169 125 474 1 44.47 42.01 
49078 4282 118 175 169 125 474 0 44.47 42.01 
49254 4239 119 175 169 124 474 1 44.47 42.01 
49430 4197 119 175 169 123 472 0 44.46 41.99 
49606 4197 119 175 169 123 473 0 44.49 41.99 
49782 4197 119 175 169 123 473 0 44.49 42.01 
49958 4197 119 175 169 123 473 0 44.47 42.01 
50134 4197 119 175 169 123 473 0 44.49 41.99 
50310 4174 119 176 169 123 473 0 13.48 42.21 
50484 4174 119 176 169 123 473 0 15.83 44.01 
50659 4191 117 174 167 122 467 3 16.13 46.78 
50834 3941 85 122 117 81 324 0 16.15 47.17 
51009 3184 51 75 66 39 181 0 16.15 47.58 
51184 3143 50 76 66 39 182 0 16.15 47.17 
51359 3143 50 76 66 39 182 3 16.15 47.19 
51534 3143 50 76 66 39 182 0 16.15 46.78 
51709 3143 50 76 66 39 182 0 16.15 45.80 
51884 3143 50 76 66 39 182 0 16.15 47.19 
52059 3143 50 76 66 39 182 3 16.13 47.17 
52234 3143 50 76 66 39 182 0 16.15 47.19 
52409 3143 50 76 66 39 182 0 16.46 45.20 
52584 3143 50 76 66 39 182 0 16.15 46.78 
52759 3143 50 76 66 39 182 4 16.15 47.58 
52934 3143 50 76 66 39 182 0 16.15 47.17 
53109 3143 50 76 66 39 182 0 16.15 46.77 
53284 3143 50 76 66 39 182 0 16.15 47.17 
53459 3143 50 76 66 39 182 5 16.15 47.58 
53634 3143 50 76 66 39 182 0 16.15 44.81 
53809 3209 48 72 63 38 174 0 48.06 16.13 
53984 4090 64 90 88 62 242 0 16.15 15.79 
54157 4151 91 132 128 92 354 0 16.15 15.79 
54330 4142 89 131 126 91 350 0 16.15 15.79 
54503 4142 89 131 126 91 350 0 16.15 15.79 
54676 4142 89 131 126 91 350 0 16.15 15.79 
54849 4142 89 131 126 91 350 0 16.13 15.81 
55022 4142 89 131 126 91 350 6 16.15 15.81 
55195 4142 89 131 126 91 350 0 16.15 15.79 
55368 4135 91 131 127 91 350 0 16.15 15.81 
55541 4135 91 131 127 91 350 0 15.83 43.21 
55716 4110 95 136 132 94 365 0 13.12 42.43 
55890 4191 121 175 170 123 472 3 13.14 42.45 
56064 4209 124 180 175 127 488 0 13.14 42.43 
56238 4187 124 181 175 127 489 0 13.14 42.43 
56412 4187 124 181 175 127 489 0 13.14 42.43 
56586 4187 124 181 175 127 489 0 13.14 43.81 
56761 4187 124 181 175 127 489 0 13.14 42.45 
56935 4187 124 181 175 127 489 0 13.14 43.81 
57110 4187 124 181 175 127 489 0 13.14 42.43 
57284 4187 124 181 175 127 489 0 16.13 43.42 
57459 4187 124 181 175 127 490 14 16.46 48.93 
57634 4187 124 181 175 127 490 0 16.15 43.42 
57809 4187 124 181 175 127 490 0 13.14 43.40 
57983 4187 124 181 175 127 490 0 13.14 42.43 
58157 4187 124 181 175 127 490 5 13.12 43.81 
58332 4187 124 181 175 127 490 0 13.14 43.81 
58507 4187 124 181 175 127 490 1 13.14 43.40 
58681 4187 124 181 175 127 490 0 42.50 43.81 
58857 4187 124 181 175 127 490 3 16.13 43.42 
59032 4187 124 181 175 127 490 0 13.12 43.83 
59207 4187 124 181 175 127 490 0 13.12 43.81 
59382 4187 124 181 175 127 490 0 13.12 43.81 
59557 4187 124 181 175 127 490 0 8.38 43.81 
59731 4187 124 181 175 127 490 0 15.50 44.20 
59906 4187 124 181 175 127 490 0 16.15 43.40 
60081 4187 124 181 175 127 490 0 13.80 43.79 
60256 4187 124 181 175 127 490 0 15.50 42.43 
60431 4187 124 181 175 127 490 0 15.50 44.20 
60606 4187 124 181 175 127 490 0 15.83 43.40 
60781 4187 124 181 175 127 490 0 13.82 47.57 
60956 4187 124 181 175 127 490 0 13.80 43.81 
61131 4187 124 181 175 127 490 0 13.82 43.83 
61306 4187 124 181 175 127 490 0 13.80 43.81 
61481 4187 124 181 175 127 490 0 13.80 43.81 
61656 4187 124 181 175 127 490 0 10.10 46.58 
61830 4187 124 181 175 127 489 0 10.10 47.97 
62005 4181 126 181 176 127 486 0 10.10 47.97 
62180 4170 125 180 175 126 485 0 10.10 47.97 
62355 4170 125 180 175 126 485 0 10.10 48.37 
62530 4170 125 180 175 126 485 0 16.15 46.17 
62705 4170 125 180 175 126 485 0 13.80 16.44 
62878 4148 125 181 175 126 485 0 15.83 42.64 
63053 4143 126 181 176 126 485 0 15.83 42.62 
63228 4148 125 181 175 126 486 0 16.78 43.01 
63403 4143 126 181 176 126 486 0 15.50 43.44 
63578 4148 125 181 175 126 486 0 15.52 42.99 
63753 4170 125 180 175 126 485 0 15.50 43.01 
63928 4170 125 180 175 126 485 0 15.83 45.97 
64103 4170 125 180 175 126 485 0 15.50 42.82 
64278 4209 124 180 175 127 486 0 13.46 42.81 
64452 4162 122 176 171 123 474 0 15.83 49.42 
64627 4186 107 160 153 112 428 6 15.50 40.41 
64801 3517 24 92 61 57 209 0 7.11 32.56 
64974 3785 21 102 65 65 231 0 8.38 31.81 
65148 12379 62 79 107 110 298 0 8.40 33.06 
65322 12357 64 81 110 113 306 0 8.40 33.08 
65496 12401 65 81 111 114 308 0 8.38 33.08 
65670 12401 65 81 111 114 308 0 8.38 33.08 
65844 12401 65 81 111 114 308 4 15.83 33.08 
66018 12401 65 81 111 114 308 0 2.28 1.97 
66189 12401 65 81 111 114 308 0 2.60 2.28 
66360 12401 65 81 111 114 308 4 2.60 2.28 
66531 12401 65 81 111 114 308 0 2.60 2.28 
66702 12877 64 81 111 115 308 0 2.62 2.60 
66873 12401 65 81 111 114 308 0 2.60 2.60 
67044 12877 64 81 111 115 308 2 2.62 2.60 
67215 12401 65 81 111 114 308 0 2.60 2.60 
67386 12401 65 81 111 114 308 0 2.60 2.28 
67557 12401 65 81 111 114 308 0 3.26 2.92 
67729 12401 65 81 111 114 308 0 3.25 2.92 
67901 12877 64 81 111 115 308 0 10.10 33.08 
68075 12401 65 81 111 114 308 0 15.83 33.59 
68249 12401 65 81 111 114 308 0 16.46 34.88 
68423 12401 65 81 111 114 308 0 45.66 35.63 
68599 12401 65 81 111 114 308 2 44.86 33.59 
68775 12401 65 81 111 114 308 0 46.65 33.59 
68951 12401 65 81 111 114 308 0 45.66 34.88 
69127 12401 65 81 111 114 308 6 46.65 34.88 
69303 12401 65 81 111 114 308 0 46.63 34.88 
69479 12401 65 81 111 114 308 13 46.65 34.37 
69655 12401 65 81 111 114 308 0 46.65 34.88 
69831 12401 65 81 111 114 308 0 45.66 36.07 
70007 12401 65 81 111 114 308 0 44.86 35.62 
70183 12877 64 81 111 115 308 0 44.86 34.39 
70359 12401 65 81 111 114 308 11 45.27 35.63 
70535 12401 65 81 111 114 308 0 45.27 36.07 
70711 12401 65 81 111 114 308 5 44.86 34.37 
70887 12401 65 81 111 114 308 0 46.07 32.06 
71063 12401 65 81 111 114 308 0 45.27 38.81 
71239 11767 59 77 101 103 283 0 16.46 42.23 
71414 8012 50 66 80 74 221 0 19.94 25.84 
71588 6195 44 74 74 66 213 0 36.60 22.41 
71763 1937 31 119 68 51 236 0 15.16 18.65 
71936 2404 31 94 60 45 198 0 16.78 16.42 
72109 3585 131 149 155 88 396 0 10.10 16.75 
72282 3597 178 188 203 111 509 0 11.78 16.44 
72455 3552 162 179 188 104 477 0 11.78 29.73 
72629 3555 160 177 186 103 471 2 15.83 33.08 
72803 3570 161 176 186 103 470 0 11.78 16.44 
72976 3570 161 176 186 103 470 0 11.78 16.42 
73149 3568 159 176 185 103 470 0 11.78 16.42 
73322 3568 159 176 185 103 470 0 11.80 16.42 
73495 3568 159 176 185 103 469 5 11.78 16.44 
73668 3568 159 176 185 103 469 0 11.78 34.37 
73842 3568 159 176 185 103 469 0 11.78 16.44 
74015 3568 159 176 185 103 469 0 42.28 16.75 
74190 3565 166 180 191 105 481 0 16.76 18.97 
74363 3583 164 177 189 104 475 0 41.21 28.14 
74538 3180 60 101 84 54 239 0 9.76 30.77 
74712 2094 31 113 67 51 228 5 35.68 37.91 
74887 11324 57 74 97 98 271 0 55.74 37.45 
75064 7552 41 76 75 72 223 0 59.62 47.38 
75241 3480 25 105 68 65 236 0 53.74 47.38 
75418 4091 81 121 115 83 321 0 71.38 51.29 
75596 3606 86 124 115 75 317 1 56.98 52.46 
75774 3013 70 101 88 48 239 0 59.36 54.50 
75952 2890 35 90 63 48 199 0 57.95 56.76 
76130 4419 35 58 54 42 154 0 58.94 59.81 
76308 6571 54 56 75 62 193 0 58.51 59.81 
76486 7386 69 63 94 80 237 0 58.51 59.82 
76664 7208 63 61 87 74 223 0 58.53 59.82 
76842 7083 64 61 88 74 224 0 58.53 59.84 
77020 7083 64 61 88 74 224 0 58.51 59.82 
77198 7083 64 61 88 74 224 0 58.51 59.82 
77376 7083 64 61 88 74 224 0 58.51 59.82 
77554 7083 64 61 88 74 224 0 58.51 60.25 
77732 7083 64 61 88 74 224 0 58.51 60.11 
77910 7083 64 61 88 74 224 0 56.83 57.32 
78088 7593 72 64 98 84 247 0 53.89 55.01 
78266 7386 69 63 94 80 237 0 17.41 53.29 
78441 3457 33 72 56 43 170 0 15.16 55.91 
78616 3013 33 84 60 46 188 0 13.14 55.33 
78791 3235 32 69 53 39 160 0 14.14 51.97 
78966 3331 47 69 62 38 171 0 13.80 50.61 
79141 3117 63 93 81 47 223 0 13.82 51.14 
79316 3139 63 94 82 48 226 0 15.50 49.45 
79491 3157 59 86 76 44 207 0 49.18 15.79 
79666 3197 35 72 56 40 168 0 16.78 15.79 
79839 3034 32 77 56 42 173 0 16.78 15.81 
80012 3076 33 78 57 43 174 4 16.78 15.81 
80185 3076 33 78 57 43 175 0 16.78 15.79 
80358 3076 33 78 57 43 175 0 16.78 15.79 
80531 3076 33 78 57 43 175 0 16.78 15.79 
80704 3076 33 78 57 43 175 0 16.78 15.79 
80877 3076 33 78 57 43 175 3 49.52 16.12 
81052 3076 33 78 57 43 175 0 49.69 15.79 
81227 3230 35 76 58 43 175 3 49.35 15.47 
81402 3349 37 62 53 35 151 0 16.76 16.44 
81575 3334 37 59 51 33 145 0 16.46 52.65 
81750 3094 35 77 58 42 177 0 16.46 53.01 
81925 3044 31 78 56 43 176 0 16.46 52.46 
82100 3009 28 68 49 37 152 0 16.46 52.48 
82275 3065 34 77 57 42 173 0 16.46 53.31 
82450 3118 33 79 58 44 178 0 50.86 52.14 
82627 3118 33 79 58 44 178 0 54.08 20.23 
82803 3085 34 80 59 44 183 0 10.10 54.65 
82978 2972 33 83 59 45 185 3 56.44 53.67 
83156 4538 37 61 57 45 164 0 56.42 53.65 
83334 4504 38 58 56 43 158 0 56.01 54.50 
83512 4360 38 58 56 42 157 3 56.01 53.67 
83690 4360 38 58 56 42 157 0 56.03 53.48 
83868 4286 38 59 56 42 157 0 53.40 52.82 
84045 3140 33 77 57 43 177 3 52.89 52.65 
84222 2911 32 84 59 45 188 0 52.89 18.65 
84397 2869 32 83 58 44 184 0 16.46 19.28 
84570 3013 33 84 60 46 188 0 16.46 54.50 
84745 3124 35 81 60 45 186 3 17.10 52.33 
84920 3124 35 81 60 45 184 0 16.15 53.16 
85095 3137 34 82 60 46 187 3 16.15 53.14 
85270 3137 34 82 60 46 188 0 17.08 52.31 
85445 3137 34 82 60 46 188 4 16.46 54.50 
85620 3137 34 82 60 46 187 0 15.83 51.12 
85795 3034 33 82 59 45 186 3 15.16 51.12 
85970 3284 42 69 59 38 166 0 15.50 50.27 
86145 3253 50 73 65 39 178 3 47.24 15.79 
86320 3148 61 90 79 46 215 0 47.45 16.44 
86495 3136 69 102 89 52 245 6 47.85 16.44 
86670 3191 65 99 86 52 238 0 47.85 16.44 
86845 3191 65 99 86 52 238 6 47.45 16.44 
87020 3191 65 99 86 52 238 0 47.85 16.44 
87195 3191 65 99 86 52 238 6 47.45 16.44 
87370 3191 65 99 86 52 238 0 47.85 16.44 
87545 3191 65 99 86 52 238 6 47.85 16.44 
87720 3191 65 99 86 52 238 0 47.45 16.44 
87895 3191 65 99 86 52 238 6 45.66 47.77 
88072 3191 65 99 86 52 238 0 44.47 45.99 
88248 3082 66 100 86 50 237 0 44.08 45.59 
88424 3074 62 91 79 45 217 0 44.08 45.58 
88600 3057 63 92 80 45 217 0 44.06 45.58 
88776 3057 63 92 80 45 217 0 44.08 45.58 
88952 3057 63 92 80 45 217 0 44.08 45.58 
89128 3057 63 92 80 45 217 4 44.08 45.58 
89304 3057 63 92 80 45 217 0 44.06 45.58 
89480 3057 63 92 80 45 217 0 44.27 46.19 
89656 3057 63 92 80 45 217 0 6.78 49.44 
89830 3089 63 91 80 45 217 0 5.49 49.42 
90004 3311 49 73 65 40 179 0 6.78 49.10 
90178 3934 46 68 64 45 177 4 7.75 49.08 
352 3805 43 64 60 41 166 0 44.06 49.78 
90529 3863 44 63 60 41 165 4 15.50 50.80 
90704 3253 50 73 65 39 178 0 19.30 54.81 
90880 4578 39 60 58 45 144 1 53.40 55.78 
91058 3343 32 72 55 42 168 0 52.90 56.07 
91236 3531 31 66 52 40 158 0 52.89 55.74 
91414 3531 31 66 52 40 158 0 52.55 55.15 
91591 3302 30 69 52 40 160 0 20.59 55.51 
91767 2913 30 80 56 43 177 0 52.22 54.99 
91944 2913 33 89 62 48 197 1 52.38 53.82 
92121 2739 32 92 62 48 201 0 51.87 54.49 
92298 2796 33 91 62 48 200 0 51.03 53.29 
92475 2817 34 93 64 49 206 0 16.15 54.33 
92650 2796 33 91 62 48 200 0 15.83 55.64 
92825 2723 33 94 63 49 205 0 15.52 55.79 
93000 2733 31 87 59 45 189 0 15.16 55.78 
93175 2857 32 91 62 49 199 0 15.50 55.51 
93350 2797 32 92 62 49 201 0 16.15 50.27 
93525 2792 31 87 59 46 191 0 16.46 48.38 
93700 3177 48 76 65 40 182 0 16.78 16.44 
93873 3301 47 68 61 37 168 0 16.78 16.44 
94046 3383 46 66 60 37 165 0 47.04 16.44 
94221 3383 46 66 60 37 165 0 16.78 16.44 
94394 3383 46 66 60 37 165 4 16.78 16.44 
94567 3383 46 66 60 37 165 0 16.76 16.42 
94740 3383 46 66 60 37 165 0 16.76 16.44 
94913 3383 46 66 60 37 165 0 47.06 16.44 
95088 3383 46 66 60 37 165 0 47.04 16.44 
95263 3383 46 66 60 37 165 0 16.76 16.44 
95436 3383 46 66 60 37 165 0 16.46 16.44 
95609 3383 46 66 60 37 165 0 47.06 16.42 
95784 3383 46 66 60 37 165 0 16.78 16.44 
95957 3383 46 66 60 37 165 0 47.04 16.44 
96132 3383 46 66 60 37 165 0 16.78 16.44 
96305 3383 46 66 60 37 165 0 47.06 16.42 
96480 3383 46 66 60 37 165 0 16.76 16.44 
96653 3383 46 66 60 37 165 0 16.78 16.44 
96826 3383 46 66 60 37 165 0 16.76 16.42 
96999 3383 46 66 60 37 165 0 47.06 35.62 
97175 3383 46 66 60 37 165 0 47.06 35.62 
97351 3383 46 66 60 37 165 0 47.04 16.42 
97526 3383 46 66 60 37 165 0 10.10 16.12 
97699 3383 46 66 60 37 165 4 10.10 16.12 
97872 3383 46 66 60 37 165 0 47.04 49.11 
98049 3383 46 66 60 37 165 0 15.83 16.44 
98222 3383 46 66 60 37 165 0 47.06 16.75 
98397 3383 46 66 60 37 165 0 15.83 16.76 
98570 3383 46 66 60 37 165 0 10.10 16.75 
98743 3383 46 66 60 37 165 0 15.83 16.75 
98916 3383 46 66 60 37 165 0 16.78 16.75 
99089 3383 46 66 60 37 165 0 15.83 16.75 
99262 3383 46 66 60 37 165 0 15.83 16.75 
99435 3383 46 66 60 37 165 0 15.83 49.10 
99610 3383 46 66 60 37 165 0 16.15 36.07 
99784 3383 46 66 60 37 165 0 16.46 48.18 
99959 3383 46 66 60 37 165 9 47.06 47.79 
100136 3383 46 66 60 37 165 0 47.04 48.16 
100313 3383 46 66 60 37 165 0 47.07 47.77 
100490 3383 46 66 60 37 165 0 47.06 47.77 
100667 3383 46 66 60 37 165 0 47.04 48.16 
100844 3383 46 66 60 37 165 2 47.07 47.79 
101021 3383 46 66 60 37 165 0 47.06 47.77 
101198 3383 46 66 60 37 165 0 47.06 47.77 
101375 3383 46 66 60 37 165 0 47.06 47.75 
101552 3383 46 66 60 37 165 0 47.07 47.77 
101729 3383 46 66 60 37 165 0 47.65 48.57 
101906 3383 46 66 60 37 165 0 46.26 54.83 
102083 3378 47 68 62 38 169 0 47.06 55.93 
102260 2997 74 106 92 50 249 2 47.06 49.93 
102437 2965 81 115 100 53 271 0 49.01 46.38 
102614 2970 73 107 92 50 251 0 55.88 51.78 
102791 3148 61 90 79 46 217 0 55.73 52.46 
102969 3130 65 98 85 50 234 0 55.73 53.79 
103147 3072 65 97 84 48 231 0 55.74 53.79 
103325 3072 65 97 84 48 229 0 55.73 53.31 
103503 3072 65 97 84 48 229 0 55.74 47.97 
103680 3124 66 97 85 49 231 0 53.55 44.01 
103857 3120 65 95 83 48 228 0 49.50 41.77 
104034 3279 52 76 68 41 186 0 50.03 42.21 
104211 4130 79 117 112 81 312 5 46.67 36.06 
104387 4178 71 109 103 76 289 0 56.98 33.08 
104563 3663 26 75 54 47 176 0 37.06 35.85 
104738 5891 2 81 57 83 188 0 35.68 33.86 
104913 11374 50 65 85 86 237 0 33.92 54.52 
105089 3403 33 76 58 45 178 0 48.25 49.27 
105266 2368 39 120 76 57 251 0 48.25 48.94 
105443 2212 32 110 67 51 226 1 47.24 35.63 
105619 2262 32 107 66 50 222 0 45.47 20.86 
105794 2610 41 114 76 57 245 6 22.75 18.95 
105968 3611 57 81 76 49 207 0 18.99 17.37 
106141 3573 132 145 153 85 387 0 35.68 15.79 
106315 3972 80 101 103 68 274 0 39.56 19.60 
106490 15015 27 66 64 71 202 0 36.60 17.70 
106664 16445 26 67 64 72 203 0 16.46 55.79 
106839 15015 27 66 64 71 202 0 33.92 40.19 
107015 8907 27 60 56 57 173 0 16.78 11.76 
107188 14207 28 71 67 74 212 0 9.76 9.06 
107360 5774 36 80 69 64 214 6 28.49 16.76 
107534 3316 52 139 100 82 321 0 27.61 18.34 
107708 3319 50 137 98 81 317 0 27.61 16.75 
107882 3365 51 136 98 81 316 0 16.46 20.55 
108055 3365 51 136 98 81 316 0 18.04 19.60 
108228 3365 51 136 98 81 315 2 16.46 32.32 
108402 3365 51 136 98 81 315 0 20.26 21.81 
108576 3365 51 136 98 81 315 0 23.31 20.54 
108750 3365 51 136 98 81 314 0 26.76 19.28 
108924 3350 52 135 98 80 314 0 28.48 19.28 
109098 3350 52 135 98 80 314 0 29.78 36.77 
109273 3350 52 135 98 80 314 0 8.40 11.76 
109445 3793 44 105 81 67 254 2 9.76 16.12 
109618 12970 29 71 67 73 212 0 49.18 15.81 
109793 9043 33 70 67 68 206 4 35.68 39.27 
109969 3601 124 135 144 80 364 0 16.46 47.38 
110144 3450 87 116 110 66 295 4 43.10 49.95 
110321 2501 33 93 61 45 198 0 36.36 35.41 
110496 2490 43 124 81 60 262 0 35.68 36.09 
110671 4927 38 72 65 55 191 0 36.58 35.85 
110846 11413 51 66 87 88 243 0 36.60 35.41 
111021 10984 53 66 88 88 243 0 36.60 35.85 
111196 10984 53 66 88 88 243 0 36.58 35.41 
111371 10984 53 66 88 88 243 0 56.42 30.51 
111547 10984 53 66 88 88 243 0 35.19 32.84 
111722 11007 52 65 87 87 240 0 35.21 34.14 
111897 6016 34 71 64 59 193 0 34.68 33.08 
112072 3437 25 96 63 59 217 0 35.46 33.61 
112247 3477 24 97 63 60 218 0 35.68 34.90 
112422 3497 25 97 64 60 220 0 40.72 39.73 
112598 3375 24 95 62 58 213 0 44.68 42.62 
112774 4015 56 105 90 70 266 0 49.03 43.21 
112951 4144 97 144 138 100 385 0 48.86 42.60 
113128 4168 93 136 131 95 364 5 47.45 49.27 
113305 4209 102 149 144 105 401 0 47.45 49.28 
113482 4161 102 149 144 104 400 0 47.45 49.27 
113659 4188 103 148 144 104 399 5 48.45 49.10 
113836 4188 103 148 144 104 399 0 49.33 43.81 
114013 4137 92 134 129 93 360 2 57.27 48.16 
114190 3046 66 95 83 46 225 0 55.08 51.31 
114367 2997 55 94 76 47 218 0 59.79 55.93 
114545 3582 36 83 64 51 197 4 83.52 56.90 
114724 7917 77 66 105 91 263 0 53.38 56.90 
114902 6571 54 56 75 62 194 0 8.06 54.50 
115077 6091 52 55 71 57 184 0 50.35 50.80 
115254 3321 31 72 54 42 167 0 50.69 48.94 
115431 2739 32 92 62 48 201 0 50.69 48.93 
115608 2819 33 94 64 50 206 0 50.69 48.93 
115785 2838 32 93 63 50 206 0 50.86 48.37 
115962 2838 32 93 63 50 205 4 25.60 19.91 
116136 3096 33 81 59 45 185 0 50.35 17.70 
116311 2731 35 98 66 51 214 5 16.46 45.78 
116486 2457 30 98 62 49 208 0 14.48 45.19 
116661 2588 27 87 56 45 187 0 13.14 45.99 
116836 3674 31 61 50 38 149 0 15.83 43.01 
117011 3954 34 59 52 39 150 0 47.46 41.79 
117187 3399 28 61 47 36 144 0 47.46 42.21 
117363 2568 25 83 53 43 177 2 47.06 42.21 
117539 2403 26 90 56 45 189 0 47.46 42.21 
117715 2341 24 90 55 45 188 0 47.46 42.23 
117891 2403 24 89 55 45 188 0 47.46 42.23 
118067 2403 24 89 55 45 188 0 9.76 41.77 
118241 2403 24 89 55 45 188 0 47.46 42.23 
118417 2403 24 89 55 45 188 0 47.46 42.23 
118593 2403 24 89 55 45 187 0 47.45 42.23 
118769 2403 24 89 55 45 187 0 47.45 42.23 
118945 2403 24 89 55 45 187 2 47.45 42.21 
119121 2403 24 89 55 45 187 0 47.43 42.21 
119297 2403 24 89 55 45 187 3 47.43 42.24 
119473 2403 24 89 55 45 187 0 47.45 42.23 
119649 2403 24 89 55 45 187 0 47.45 42.23 
119825 2403 24 89 55 45 187 0 14.48 42.62 
120000 2595 26 80 52 41 172 0 15.50 44.81 
120175 3185 28 64 48 36 148 0 15.83 44.40 
120350 3627 30 60 49 37 147 0 13.14 43.23 
120524 3627 30 60 49 37 147 0 48.84 42.82 
120701 3316 27 62 47 36 145 0 47.85 41.79 
120877 2483 25 86 54 44 182 0 49.16 43.60 
121054 2403 24 89 55 45 187 0 47.85 42.23 
121230 2403 24 89 55 45 186 6 47.85 42.23 
121406 2403 24 89 55 45 186 0 47.85 43.20 
121583 2403 24 89 55 45 186 0 47.85 42.24 
121759 2403 24 89 55 45 186 0 16.46 42.01 
121934 2403 24 89 55 45 186 0 48.84 15.81 
122109 2463 26 89 56 45 189 0 49.33 15.79 
122284 3367 31 73 55 43 170 0 49.35 15.49 
122459 3299 32 71 54 41 166 3 49.33 15.49 
122634 3209 31 69 52 39 160 0 49.35 15.49 
122809 3209 31 69 52 39 160 0 49.35 15.79 
122984 3180 29 69 51 39 160 0 49.33 15.81 
123159 3180 29 69 51 39 159 3 49.33 15.79 
123334 3180 29 69 51 39 159 0 49.35 15.79 
123509 3180 29 69 51 39 159 0 49.35 15.79 
123684 3209 31 69 52 39 159 0 49.32 15.81 
123859 3209 31 69 52 39 159 3 49.35 15.79 
124034 3180 29 69 51 39 159 0 49.35 15.79 
124209 3093 30 69 51 38 159 0 49.33 15.79 
124384 3163 30 68 51 38 159 0 49.01 16.12 
124559 3163 30 68 51 38 159 3 16.46 44.57 
124734 3209 31 69 52 39 160 0 15.83 44.79 
124909 2590 29 93 60 48 198 0 15.83 44.79 
125084 2459 28 97 61 49 204 0 15.83 43.81 
125259 2417 30 98 62 48 204 3 15.50 17.70 
125432 2417 30 98 62 48 205 7 17.10 16.75 
125605 2501 29 98 62 50 208 0 17.10 16.76 
125778 2376 27 95 59 47 198 0 14.84 42.43 
125953 2432 28 94 59 47 197 0 48.08 42.21 
126129 3153 27 64 47 36 146 0 11.80 41.79 
126303 3125 27 66 48 37 151 0 46.67 41.31 
126479 2995 27 71 50 39 158 0 16.78 42.60 
126654 2542 26 86 55 44 184 0 16.46 41.31 
126829 2374 26 94 58 47 197 0 45.88 40.87 
127005 2374 26 94 58 47 198 0 45.88 40.85 
127181 2374 26 94 58 47 197 4 16.78 43.03 
127356 2299 25 96 58 48 201 0 8.40 15.81 
127529 2501 29 98 62 50 207 0 49.03 16.10 
127704 2852 29 82 56 44 181 0 49.03 16.12 
127879 2856 30 87 59 47 190 3 49.04 16.12 
128054 2856 30 87 59 47 190 0 49.04 16.12 
128229 2856 30 87 59 47 190 0 16.78 43.01 
128404 2746 28 88 58 47 191 0 16.78 42.82 
128579 2516 29 96 61 49 204 3 16.78 42.82 
128754 2472 29 102 64 52 215 0 16.78 42.42 
128929 2472 29 102 64 52 216 0 16.78 42.42 
129104 2472 29 102 64 52 216 0 16.78 42.42 
129279 2472 29 102 64 52 216 4 16.78 42.82 
129454 2472 29 102 64 52 216 0 16.78 42.42 
129629 2472 29 102 64 52 216 0 16.78 42.42 
129804 2472 29 102 64 52 216 0 16.78 42.42 
129979 2472 29 102 64 52 216 4 16.78 42.42 
130154 2472 29 102 64 52 216 0 16.78 42.40 
130329 2472 29 102 64 52 216 0 47.85 42.82 
130505 2472 29 102 64 52 216 0 47.87 42.42 
130681 2472 29 102 64 52 216 2 47.87 42.82 
130857 2472 29 102 64 52 216 0 47.85 42.42 
131033 2472 29 102 64 52 216 1 47.87 42.43 
131209 2472 29 102 64 52 216 0 16.78 42.42 
131384 2472 29 102 64 52 216 0 7.11 42.42 
131558 2472 29 102 64 52 216 0 7.11 42.81 
131732 2472 29 102 64 52 216 5 3.25 2.92 
131904 2472 29 102 64 52 216 0 2.30 1.97 
132075 2472 29 102 64 52 216 0 2.60 2.28 
132246 2472 29 102 64 52 216 0 2.60 2.28 
132417 2472 29 102 64 52 216 0 2.62 2.28 
132588 2472 29 102 64 52 216 0 2.60 2.28 
132759 2472 29 102 64 52 216 0 2.60 2.28 
132930 2472 29 102 64 52 216 0 2.62 2.28 
133101 2445 29 99 62 50 209 0 2.60 2.60 
133272 2514 25 89 56 46 190 0 2.60 2.28 
133443 2472 29 102 64 52 215 0 2.62 2.28 
133614 2419 28 102 63 52 215 4 1.97 1.97 
133785 2518 29 102 64 53 216 0 3.25 2.92 
133957 2461 28 103 64 53 216 0 2.28 2.28 
134128 2461 28 103 64 53 218 0 16.46 42.82 
134303 2419 28 102 63 52 215 0 16.15 42.82 
134478 2378 28 102 63 51 215 0 49.16 42.82 
134655 2291 29 103 63 50 214 0 9.76 43.21 
134829 2291 29 103 63 50 214 0 14.82 16.12 
135002 2326 28 103 63 51 215 0 10.10 42.81 
135176 2291 29 103 63 50 214 0 16.76 42.81 
135351 2291 29 103 63 50 214 0 18.04 43.21 
135526 2291 29 103 63 50 214 0 16.76 42.81 
135701 2341 29 102 63 50 214 0 7.11 43.62 
135875 2341 29 102 63 50 214 0 16.46 49.11 
136050 2760 28 80 54 42 175 2 16.15 49.27 
136225 7165 68 68 95 81 243 0 7.11 49.61 
136399 7230 76 71 104 88 262 4 7.11 17.37 
136572 7230 76 71 104 88 263 0 7.11 49.61 
136746 7230 76 71 104 88 262 0 7.11 16.44 
136919 7230 76 71 104 88 262 9 7.11 16.44 
137092 7230 76 71 104 88 262 0 7.11 16.44 
137265 7230 76 71 104 88 262 4 7.11 49.59 
137439 7230 76 71 104 88 262 0 8.38 48.77 
137614 7395 75 70 103 88 262 0 7.11 49.59 
137788 7395 75 70 103 88 262 0 7.11 50.97 
137963 7395 75 70 103 88 262 0 7.11 50.95 
138138 7395 75 70 103 88 262 0 7.11 50.95 
138313 7395 75 70 103 88 262 0 7.11 50.97 
138488 7395 75 70 103 88 262 0 7.11 16.44 
138661 7395 75 70 103 88 262 0 7.11 16.44 
138834 7395 75 70 103 88 262 2 15.83 16.44 
139007 7395 75 70 103 88 262 0 3.59 1.97 
139178 7341 75 71 103 88 262 0 2.30 2.28 
139349 7341 75 71 103 88 262 6 2.28 2.28 
139520 7341 75 71 103 88 262 0 2.62 2.28 
139691 7341 75 71 103 88 262 0 2.62 2.28 
139862 7395 75 70 103 88 262 0 2.60 2.28 
140033 7395 75 70 103 88 262 4 1.97 2.92 
140204 7395 75 70 103 88 262 0 5.81 16.76 
140376 7404 75 71 104 89 263 0 5.81 17.70 
140549 7526 77 71 106 91 268 4 14.84 49.10 
140724 7526 77 71 106 91 269 0 9.76 49.08 
140899 7526 77 71 106 91 269 14 15.83 49.42 
141074 7526 77 71 106 91 269 0 16.78 48.93 
141249 7526 77 71 106 91 269 2 7.11 49.42 
141423 7526 77 71 106 91 268 0 8.40 55.91 
141598 7526 77 71 106 91 269 0 8.40 48.93 
141773 7526 77 71 106 91 269 0 45.65 55.79 
141950 7526 77 71 106 91 269 3 45.65 55.81 
142127 7526 77 71 106 91 269 0 45.66 55.91 
142304 7526 77 71 106 91 269 0 45.68 55.79 
142481 7526 77 71 106 91 269 0 45.65 48.93 
142658 7526 77 71 106 91 268 0 45.68 55.78 
142835 7526 77 71 106 91 268 0 45.66 48.93 
143012 7526 77 71 106 91 269 0 45.66 55.91 
143189 7526 77 71 106 91 269 0 45.66 55.49 
143366 7526 77 71 106 91 269 1 9.76 54.49 
143541 7526 77 71 106 91 268 0 48.45 53.82 
143718 7653 79 72 109 94 275 2 56.00 55.51 
143896 7269 73 70 101 86 257 0 74.31 54.52 
144075 5771 51 61 72 58 191 0 44.28 56.34 
144252 5184 42 55 60 47 163 0 49.33 48.76 
144429 3297 29 72 53 42 167 0 37.74 43.40 
144605 2651 40 120 79 62 259 0 35.46 40.63 
144781 2623 126 181 148 66 401 0 55.73 38.59 
144958 2664 98 145 118 56 323 0 36.58 42.23 
145134 3795 95 133 127 85 350 4 33.92 39.27 
145309 4098 148 215 207 148 576 0 29.27 34.88 
145484 3987 80 154 130 102 388 6 24.45 31.81 
145658 3109 18 107 64 65 234 0 41.82 29.22 
145833 7778 58 81 94 87 263 3 28.75 26.72 
146007 10774 84 102 138 137 379 0 16.15 21.81 
146180 5449 49 104 91 82 276 0 16.78 17.70 
146353 2407 45 124 81 57 261 0 6.78 14.79 
146525 3629 180 192 207 115 521 0 14.48 13.11 
146698 4619 63 98 95 74 269 0 9.76 16.12 
146871 5529 38 71 66 58 195 0 9.76 16.12 
147044 5759 37 71 66 59 197 0 8.07 16.12 
147217 6011 37 71 66 60 198 2 9.76 16.12 
147390 6140 38 71 67 61 199 0 8.07 16.12 
147563 6140 38 71 67 61 199 0 8.07 16.12 
147736 6422 37 71 67 62 200 6 8.07 16.12 
147909 6422 37 71 67 62 200 0 9.76 16.12 
148082 6422 37 71 67 62 200 0 15.16 16.12 
148255 6422 37 71 67 62 201 0 15.16 16.12 
148428 6759 37 72 68 64 203 0 9.08 13.79 
148600 6733 36 71 67 63 200 2 16.78 16.75 
148773 4198 87 117 118 83 320 0 17.08 22.41 
148946 3459 129 156 155 88 404 0 40.70 28.71 
149121 2619 31 89 59 45 192 0 29.78 28.71 
149296 11750 68 87 116 118 323 0 29.78 28.71 
149471 13181 72 90 125 130 347 0 29.78 27.86 
149646 13181 72 90 125 130 348 0 29.80 27.86 
149821 13181 72 90 125 130 347 0 29.78 27.85 
149996 13181 72 90 125 130 347 0 29.78 27.86 
150171 13181 72 90 125 130 347 0 29.78 27.85 
150346 13181 72 90 125 130 347 0 29.78 27.86 
150521 13181 72 90 125 130 347 0 10.10 28.70 
150694 13181 72 90 125 130 347 0 8.40 28.71 
150867 13181 72 90 125 130 347 0 28.48 27.86 
151041 13181 72 90 125 130 347 0 29.78 27.86 
151216 13181 72 90 125 130 347 0 29.78 27.85 
151391 13181 72 90 125 130 347 0 29.78 27.86 
151566 13181 72 90 125 130 347 0 29.78 27.86 
151741 12743 73 90 125 129 347 0 29.78 27.85 
151916 12743 73 90 125 129 347 0 29.78 27.86 
152091 12743 73 90 125 129 346 0 29.78 27.85 
152266 12743 73 90 125 129 346 0 29.78 27.86 
152441 12743 73 90 125 129 347 0 29.80 27.85 
152616 12743 73 90 125 129 346 0 29.78 27.86 
152791 12743 73 90 125 129 346 0 29.80 27.86 
152966 12743 73 90 125 129 346 0 29.80 27.86 
153141 12743 73 90 125 129 346 0 29.78 27.85 
153316 12743 73 90 125 129 346 0 29.78 27.86 
153491 12743 73 90 125 129 346 0 29.78 27.86 
153666 12743 73 90 125 129 346 0 29.80 27.86 
153841 12743 73 90 125 129 346 0 29.78 27.85 
154016 12743 73 90 125 129 346 0 29.80 27.85 
154191 12743 73 90 125 129 346 0 29.78 27.86 
154366 12743 73 90 125 129 346 0 29.78 27.86 
154541 12743 73 90 125 129 346 0 29.78 27.86 
154716 12743 73 90 125 129 346 0 29.78 27.85 
154891 12743 73 90 125 129 346 0 29.78 27.86 
155066 12743 73 90 125 129 346 0 29.78 27.86 
155241 12743 73 90 125 129 346 0 29.78 27.86 
155416 12743 73 90 125 129 346 0 29.78 27.86 
155591 12743 73 90 125 129 346 0 29.78 27.85 
155766 12743 73 90 125 129 346 0 29.78 27.86 
155941 12743 73 90 125 129 346 0 29.78 27.85 
156116 12743 73 90 125 129 346 0 29.78 27.85 
156291 12743 73 90 125 129 346 0 29.78 27.85 
156466 12743 73 90 125 129 346 0 29.80 27.85 
156641 12743 73 90 125 129 346 0 29.78 27.86 
156816 12743 73 90 125 129 346 0 29.80 27.86 
156991 12743 73 90 125 129 346 0 29.78 27.86 
157166 12743 73 90 125 129 346 0 29.78 27.85 
157341 12743 73 90 125 129 346 0 29.80 27.86 
157516 12743 73 90 125 129 346 0 29.78 27.85 
157691 12743 73 90 125 129 346 0 29.78 27.86 
157866 12743 73 90 125 129 346 0 29.78 27.86 
158041 12743 73 90 125 129 346 0 29.78 27.85 
158216 12743 73 90 125 129 346 0 29.78 27.85 
158391 12743 73 90 125 129 346 0 29.78 27.85 
158566 12743 73 90 125 129 346 0 29.80 27.85 
158741 12743 73 90 125 129 346 0 29.78 27.86 
158916 12743 73 90 125 129 346 0 29.78 27.86 
159091 12743 73 90 125 129 347 0 29.78 27.86 
159266 12743 73 90 125 129 347 0 29.80 27.86 
159441 12743 73 90 125 129 346 0 29.78 27.85 
159616 12743 73 90 125 129 347 0 29.02 27.28 
159790 12743 73 90 125 129 346 0 28.48 27.57 
159964 12743 73 90 125 129 346 0 27.61 26.42 
160138 10932 69 87 115 115 317 6 27.03 26.71 
160312 6760 46 66 73 65 205 0 27.32 26.71 
160486 5185 37 59 58 48 166 0 27.34 26.72 
160660 5185 37 59 58 48 166 0 27.34 26.72 
160834 5185 37 59 58 48 166 0 27.34 25.86 
161008 5185 37 59 58 48 166 0 27.34 25.86 
161182 5185 37 59 58 48 166 0 27.34 26.71 
161356 5185 37 59 58 48 166 0 27.34 26.71 
161530 5185 37 59 58 48 166 0 27.34 26.71 
161704 5185 37 59 58 48 166 6 27.34 25.86 
161878 5185 37 59 58 48 166 0 27.34 25.86 
162052 5185 37 59 58 48 166 0 27.34 26.71 
162226 5185 37 59 58 48 166 0 27.34 26.71 
162400 5185 37 59 58 48 166 0 27.34 26.72 
162574 5185 37 59 58 48 166 0 27.34 26.72 
162748 5185 37 59 58 48 166 0 27.34 25.86 
162922 5185 37 59 58 48 166 3 27.34 26.71 
163096 5185 37 59 58 48 166 0 27.34 25.86 
163270 5185 37 59 58 48 166 0 27.34 26.71 
163444 5185 37 59 58 48 166 0 27.34 26.72 
163618 5185 37 59 58 48 166 0 27.34 26.71 
163792 5185 37 59 58 48 166 0 27.32 26.71 
163966 5185 37 59 58 48 166 0 27.34 26.71 
164140 5185 37 59 58 48 166 0 27.34 26.71 
164314 5185 37 59 58 48 166 0 27.34 26.71 
164488 5185 37 59 58 48 166 5 27.32 26.71 
164662 5185 37 59 58 48 166 0 27.34 26.71 
164836 5185 37 59 58 48 166 0 27.34 26.72 
165010 5185 37 59 58 48 166 0 27.34 26.71 
165184 5185 37 59 58 48 166 0 27.32 26.71 
165358 5185 37 59 58 48 166 0 27.34 26.71 
165532 5185 37 59 58 48 166 0 28.19 26.71 
165706 5185 37 59 58 48 166 6 27.32 26.71 
165880 5185 37 59 58 48 166 0 27.34 26.71 
166054 5185 37 59 58 48 166 0 27.34 26.71 
166228 5185 37 59 58 48 166 0 27.34 26.71 
166402 5185 37 59 58 48 166 0 27.34 26.72 
166576 5185 37 59 58 48 166 0 27.34 26.72 
166750 5185 37 59 58 48 166 0 26.49 26.71 
166924 5185 37 59 58 48 166 2 27.34 26.72 
167098 5185 37 59 58 48 166 0 27.32 26.71 
167272 5185 37 59 58 48 166 3 27.34 26.71 
167446 5185 37 59 58 48 166 0 27.34 26.72 
167620 5185 37 59 58 48 166 0 27.34 25.86 
167794 5185 37 59 58 48 166 0 27.34 26.71 
167968 5185 37 59 58 48 166 0 27.34 26.71 
168142 5185 37 59 58 48 166 0 27.34 25.86 
168316 5185 37 59 58 48 166 0 26.47 26.71 
168490 5185 37 59 58 48 166 6 26.49 26.71 
168664 5185 37 59 58 48 166 0 26.49 25.86 
168838 5185 37 59 58 48 166 0 27.34 26.71 
169012 5185 37 59 58 48 166 0 27.34 26.71 
169186 5185 37 59 58 48 166 0 27.34 26.71 
169360 5185 37 59 58 48 166 0 27.32 25.86 
169534 5185 37 59 58 48 166 0 27.34 26.71 
169708 5185 37 59 58 48 166 5 26.47 26.71 
169882 5185 37 59 58 48 166 0 27.32 26.71 
170056 5185 37 59 58 48 166 0 27.32 25.86 
170230 5185 37 59 58 48 166 0 27.34 26.72 
170404 5185 37 59 58 48 166 0 27.34 26.71 
170578 5185 37 59 58 48 166 0 27.32 26.71 
170752 5185 37 59 58 48 166 0 27.34 25.86 
170926 5185 37 59 58 48 166 1 27.32 25.86 
171100 5185 37 59 58 48 166 0 27.34 25.86 
171274 5185 37 59 58 48 166 3 27.34 26.71 
171448 5185 37 59 58 48 166 0 27.34 26.72 
171622 5185 37 59 58 48 166 0 27.34 26.71 
171796 5185 37 59 58 48 166 0 27.34 26.72 
171970 5185 37 59 58 48 166 0 27.34 26.71 
172144 5185 37 59 58 48 166 0 27.34 26.72 
172318 5185 37 59 58 48 166 0 27.34 26.72 
172492 5185 37 59 58 48 166 6 28.19 26.72 
172666 5185 37 59 58 48 166 0 27.34 26.71 
172840 5185 37 59 58 48 166 0 27.32 26.71 
173014 5185 37 59 58 48 166 0 27.34 26.71 
173188 5185 37 59 58 48 166 0 27.34 26.71 
173362 5185 37 59 58 48 166 0 27.34 26.71 
173536 5185 37 59 58 48 166 0 27.32 26.71 
173710 5185 37 59 58 48 166 4 28.19 26.71 
173884 5185 37 59 58 48 166 0 28.19 26.71 
174058 5185 37 59 58 48 166 0 28.19 26.72 
174232 5185 37 59 58 48 166 0 28.19 26.71 
174406 5185 37 59 58 48 166 0 27.32 26.72 
174580 5185 37 59 58 48 166 0 27.32 26.71 
174754 5185 37 59 58 48 166 0 27.32 26.71 
174928 5185 37 59 58 48 166 0 28.19 26.71 
175102 5185 37 59 58 48 166 0 27.32 26.71 
175276 5185 37 59 58 48 166 4 27.34 26.71 
175450 5185 37 59 58 48 166 0 27.34 26.71 
175624 5185 37 59 58 48 166 0 27.34 25.86 
175798 5185 37 59 58 48 166 0 27.34 26.71 
175972 5185 37 59 58 48 166 0 27.34 26.71 
176146 5185 37 59 58 48 166 0 27.34 26.71 
176320 5185 37 59 58 48 166 0 27.34 26.71 
176494 5185 37 59 58 48 166 6 27.32 26.71 
176668 5185 37 59 58 48 166 0 27.32 26.71 
176842 5185 37 59 58 48 166 0 27.32 26.71 
177016 5185 37 59 58 48 166 0 27.34 26.71 
177190 5185 37 59 58 48 166 0 27.32 26.71 
177364 5185 37 59 58 48 166 0 27.34 26.72 
1775