=~=~=~=~=~=~=~=~=~=~=~= PuTTY log 2025.11.26 14:53:24 =~=~=~=~=~=~=~=~=~=~=~=
ets Jul 29 2019 12:21:46

rst:0x1 (POWERON_RESET),boot:0x13 (SPI_FAST_FLASH_BOOT)
configsip: 0, SPIWP:0xee
clk_drv:0x00,q_drv:0x00,d_drv:0x00,cs0_drv:0x00,hd_drv:0x00,wp_drv:0x00
mode:DIO, clock div:1
load:0x3fff0030,len:4980
load:0x40078000,len:16612
load:0x40080400,len:3480
entry 0x400805b4
Found sensor
Milis - ColorTemp - Lux - R - G - B - C - Pot - UsensA - UsensB

399 6571 54 56 75 62 191 0 60.37 49.61 
577 6571 54 56 75 62 190 0 60.37 49.44 
755 6571 54 56 75 62 190 0 60.38 49.44 
933 6571 54 56 75 62 190 5 60.37 49.08 
1111 6571 54 56 75 62 190 0 59.96 49.45 
1289 6571 54 56 75 62 190 0 60.37 49.44 
1467 6571 54 56 75 62 190 2 59.96 49.45 
1645 6571 54 56 75 62 190 0 59.96 49.45 
1823 6571 54 56 75 62 190 0 59.96 49.44 
2001 6571 54 56 75 62 190 0 60.38 49.45 
2179 6571 54 56 75 62 190 4 60.37 49.45 
2357 6571 54 56 75 62 190 0 59.96 49.44 
2535 6571 54 56 75 62 190 0 59.96 49.44 
2713 6571 54 56 75 62 190 0 59.96 49.45 
2891 6571 54 56 75 62 190 0 59.96 49.44 
3069 6571 54 56 75 62 190 0 59.96 49.44 
3247 6571 54 56 75 62 190 0 60.37 49.45 
3425 6571 54 56 75 62 190 0 59.96 49.44 
3603 6571 54 56 75 62 190 0 59.50 42.42 
3780 6571 54 56 75 62 190 3 59.50 49.95 
3958 6571 54 56 75 62 190 0 59.50 42.43 
4135 6571 54 56 75 62 190 0 60.33 49.10 
4313 6571 54 56 75 62 191 0 59.50 49.93 
4491 6571 54 56 75 62 190 0 59.50 49.95 
4669 6571 54 56 75 62 190 0 59.52 49.44 
4847 6571 54 56 75 62 190 3 59.08 42.43 
5024 6571 54 56 75 62 190 0 59.09 42.42 
5201 6571 54 56 75 62 190 0 61.32 57.03 
5379 6640 55 55 75 62 190 2 5.18 15.79 
5551 6640 55 55 75 62 190 0 59.23 43.62 
5728 6640 55 55 75 62 190 0 59.08 42.82 
5905 6640 55 55 75 62 190 0 60.33 4.22 
6080 6571 54 56 75 62 190 7 59.50 49.45 
6258 6571 54 56 75 62 190 0 59.09 41.11 
6435 6571 54 56 75 62 190 0 59.23 40.65 
6612 6571 54 56 75 62 190 7 59.65 48.94 
6790 6765 53 55 74 62 190 0 59.23 50.63 
6968 6640 55 55 75 62 190 0 59.21 49.78 
7146 6640 55 55 75 62 190 10 58.94 42.21 
7323 6571 54 56 75 62 190 0 59.77 40.19 
7500 6640 55 55 75 62 190 0 59.35 50.12 
7678 6640 55 55 75 62 190 7 59.23 50.29 
7856 6640 55 55 75 62 190 0 59.21 48.94 
8034 6640 55 55 75 62 190 0 59.23 48.94 
8212 6640 55 55 75 62 190 12 59.64 48.94 
8390 6640 55 55 75 62 189 0 59.64 48.93 
8568 6640 55 55 75 62 190 0 60.06 48.94 
8746 6571 54 56 75 62 190 3 60.06 48.93 
8924 6571 54 56 75 62 191 0 60.04 48.94 
9102 6571 54 56 75 62 191 0 60.04 48.94 
9280 6571 54 56 75 62 191 0 59.50 42.43 
9457 6571 54 56 75 62 191 0 59.50 42.42 
9634 6571 54 56 75 62 191 0 59.64 48.94 
9812 6571 54 56 75 62 191 3 59.64 48.94 
9990 6571 54 56 75 62 191 0 60.06 48.94 
10168 6571 54 56 75 62 191 0 59.65 48.93 
10346 6571 54 56 75 62 191 0 59.09 42.43 
10523 6571 54 56 75 62 191 0 59.64 48.93 
10701 6571 54 56 75 62 191 0 59.64 48.94 
10879 6571 54 56 75 62 191 12 59.64 48.93 
11057 6571 54 56 75 62 191 0 59.64 48.93 
11235 6571 54 56 75 62 191 0 59.64 48.94 
11413 6571 54 56 75 62 191 0 59.64 48.94 
11591 6571 54 56 75 62 191 0 59.62 48.94 
11769 6640 55 55 75 62 190 0 59.19 48.94 
11947 6571 54 56 75 62 191 0 59.21 48.94 
12125 6571 54 56 75 62 191 1 59.21 49.42 
12303 6571 54 56 75 62 191 0 58.80 49.78 
12481 6571 54 56 75 62 191 0 59.21 48.94 
12659 6571 54 56 75 62 191 4 59.21 49.42 
12837 6571 54 56 75 62 191 0 59.23 48.93 
13015 6571 54 56 75 62 191 0 59.21 48.94 
13193 6571 54 56 75 62 191 2 59.23 48.93 
13371 6571 54 56 75 62 191 0 59.64 48.96 
13549 6571 54 56 75 62 191 0 59.21 48.93 
13727 6571 54 56 75 62 191 0 58.26 41.31 
13904 6571 54 56 75 62 191 0 57.83 42.01 
14081 6640 55 55 75 62 190 0 57.54 40.63 
14258 6640 55 55 75 62 190 4 57.54 55.20 
14436 6640 55 55 75 62 190 0 57.27 21.50 
14612 6765 53 55 74 62 189 0 57.12 19.91 
14788 5824 44 52 62 50 160 0 57.14 19.60 
14964 5320 39 50 56 44 148 0 56.97 19.60 
15140 5524 39 50 56 45 149 6 53.23 16.75 
15315 4003 35 63 55 42 156 0 54.42 16.12 
15490 3337 34 74 57 43 171 4 54.89 16.12 
15665 3681 40 66 58 41 164 0 54.06 16.12 
15840 3543 39 62 55 37 152 3 53.38 16.44 
16015 3543 39 62 55 37 152 0 49.18 48.37 
16192 3483 42 65 58 38 159 0 46.46 47.19 
16369 3418 49 72 65 41 176 0 47.24 46.80 
16546 3120 65 95 83 48 223 0 47.26 46.77 
16723 3191 65 99 86 52 234 3 47.26 46.78 
16900 3191 65 99 86 52 235 0 46.85 12.10 
17075 3191 65 99 86 52 235 0 45.85 10.08 
17249 3141 65 96 84 49 226 0 10.78 8.38 
17421 3148 64 97 84 50 230 4 6.46 42.42 
17595 3146 62 95 82 49 223 0 9.76 8.04 
17767 4018 60 92 86 62 239 0 37.72 5.80 
17941 4143 68 104 98 72 272 0 38.42 8.72 
18115 4129 58 93 86 64 239 0 37.06 4.20 
18289 3838 30 81 60 52 188 2 35.21 2.92 
18462 6047 37 64 63 56 180 0 35.46 2.92 
18635 3993 35 71 59 47 175 0 46.67 5.17 
18809 3237 45 83 67 46 192 0 46.26 12.10 
18984 3663 103 115 122 70 306 0 15.83 15.79 
19157 3655 105 117 124 71 312 0 15.83 22.42 
19330 3655 105 117 124 71 312 0 18.68 21.18 
19503 3655 105 117 124 71 311 5 21.52 19.91 
19677 3646 90 104 108 63 275 0 16.46 21.18 
19850 3830 65 82 83 53 216 0 38.86 24.99 
20025 7253 37 73 70 67 207 0 36.58 37.67 
20201 8462 41 86 82 82 248 0 35.68 37.21 
20376 5884 37 67 64 57 187 0 35.68 37.20 
20551 4924 28 49 46 38 132 0 22.15 16.12 
20724 4924 28 49 46 38 132 0 21.52 15.79 
20897 7277 28 56 53 51 158 0 20.91 35.62 
21071 13454 28 67 64 70 199 0 39.78 36.77 
21247 9780 28 62 59 61 180 0 43.88 42.43 
21423 4253 70 101 99 72 269 0 35.90 35.39 
21598 3657 96 107 113 65 284 0 35.44 37.45 
21773 3690 66 81 82 50 211 0 52.41 40.87 
21950 2668 33 88 60 44 188 0 53.77 31.53 
22126 3004 33 78 57 42 173 0 53.41 52.29 
22303 2672 31 82 56 41 174 0 53.92 29.22 
22479 2601 31 85 57 42 180 0 53.09 50.30 
22656 2547 31 86 57 42 181 0 52.92 21.17 
22832 2714 36 93 64 47 199 0 58.55 55.76 
23010 2705 34 89 61 45 190 0 69.56 15.81 
23186 2735 32 86 59 44 184 0 48.48 16.44 
23361 2635 31 87 58 44 186 0 47.87 15.47 
23536 6296 36 55 58 51 162 0 53.09 44.01 
23713 7618 40 57 65 60 179 0 55.76 43.42 
23890 8094 45 60 72 67 196 0 42.72 8.72 
24064 10439 53 67 88 87 240 0 40.27 5.49 
24238 11873 60 77 103 105 283 0 5.81 16.12 
24410 11851 59 76 101 103 278 0 4.86 36.07 
24584 8576 47 64 77 73 212 5 15.52 6.14 
24756 9767 52 69 87 85 239 0 16.47 3.25 
24928 11359 58 75 99 100 271 0 26.77 3.25 
25101 11392 60 76 101 102 276 4 20.26 3.25 
25274 12268 70 88 120 123 329 0 15.16 3.89 
25446 9733 81 100 131 127 356 0 5.83 15.81 
25618 9123 100 120 158 150 426 0 15.52 16.12 
25791 7846 83 106 130 119 352 0 35.92 33.08 
25966 5619 46 80 77 67 222 5 32.90 33.08 
26141 3006 24 96 61 56 207 0 36.38 32.84 
26316 1797 16 143 76 78 287 6 36.38 35.39 
26491 1997 17 132 72 73 269 0 40.49 41.77 
26667 3133 23 88 57 52 193 2 44.90 44.61 
26843 4054 130 194 184 132 511 0 9.42 29.22 
27016 2814 98 143 120 61 325 4 16.46 8.06 
27189 2692 102 144 120 55 320 0 17.42 8.38 
27362 2911 111 160 137 72 369 0 6.80 22.42 
27535 3666 95 127 123 78 332 0 16.15 16.12 
27708 4030 150 209 204 142 558 0 9.76 3.25 
27880 4066 197 279 271 191 743 0 4.86 2.28 
28052 4036 162 242 229 164 636 0 10.10 8.74 
28224 2886 22 114 69 67 244 0 6.14 15.81 
28396 7229 108 130 162 143 433 0 6.15 29.22 
28569 7217 93 114 140 124 375 0 6.14 16.76 
28742 7291 95 117 144 128 385 0 6.14 16.75 
28915 7203 97 117 145 128 387 5 3.25 11.76 
29087 7162 96 118 145 128 387 0 7.43 16.12 
29260 7243 109 132 164 145 438 0 16.78 23.26 
29434 5377 53 111 97 87 292 0 16.15 40.19 
29608 3475 62 171 123 104 393 0 15.18 15.81 
29781 4049 200 283 275 193 754 4 14.84 14.13 
29954 4068 195 279 270 191 743 0 14.48 15.79 
30127 4061 168 240 232 164 638 0 11.12 9.40 
30299 4088 166 237 230 163 633 0 6.78 3.25 
30471 4055 177 252 244 172 670 0 4.86 9.74 
30643 3744 76 155 126 98 374 0 15.83 16.13 
30816 2587 22 113 67 64 239 0 6.14 19.28 
30989 1940 18 138 75 75 282 0 8.74 38.81 
31163 3474 44 128 91 78 293 2 16.78 40.41 
31338 4089 180 262 252 180 695 0 16.15 15.79 
31511 4140 206 293 286 204 788 0 22.17 41.77 
31686 4138 209 296 289 206 795 0 40.03 43.03 
31862 4140 213 300 294 209 808 0 42.50 43.01 
32038 4140 213 300 294 209 807 0 40.46 43.01 
32214 4120 212 300 293 208 806 3 41.82 42.43 
32390 4140 213 300 294 209 808 0 38.18 41.56 
32566 4136 211 299 292 208 803 0 37.96 41.55 
32742 4137 208 293 287 204 788 0 33.40 35.63 
32917 3786 85 171 140 109 418 0 22.15 22.12 
33091 3618 28 121 78 76 271 0 27.03 16.44 
33265 7987 113 136 173 158 466 0 10.44 15.79 
33438 7800 107 132 165 150 445 0 24.45 25.01 
33612 6414 73 101 113 98 310 3 10.78 23.56 
33785 1679 28 136 71 54 255 0 7.43 24.12 
33958 1621 25 147 72 55 268 0 7.11 21.49 
34131 1621 24 139 69 53 255 0 16.46 5.49 
34303 3536 127 156 155 91 403 0 15.83 1.97 
34475 3615 100 120 122 72 316 0 15.83 3.25 
34647 4188 51 74 72 52 197 1 16.15 7.09 
34820 6273 34 66 62 57 183 0 16.46 15.49 
34993 6179 37 68 65 59 188 0 16.46 15.79 
35166 6733 36 71 67 63 198 0 20.26 18.33 
35339 4046 105 134 137 92 364 0 24.23 22.69 
35513 3116 95 156 130 81 367 4 26.47 25.28 
35687 2076 35 127 75 57 253 0 25.60 25.26 
35861 5923 53 80 84 72 235 0 16.76 26.71 
36035 6938 69 94 108 96 295 0 16.46 26.71 
36209 8100 91 114 142 131 384 0 29.27 28.15 
36384 7924 86 110 135 124 368 0 31.08 32.04 
36559 7934 87 112 137 126 372 2 36.36 36.29 
36734 6164 53 111 100 93 301 0 36.14 39.97 
36910 1829 14 145 77 82 298 0 39.56 41.09 
37086 3356 34 122 81 74 274 0 15.83 37.23 
37260 4074 111 159 154 109 422 0 45.07 44.59 
37436 3969 112 160 154 107 419 0 46.85 46.77 
37613 2811 80 111 95 46 254 4 48.99 52.29 
37790 2587 123 176 143 62 383 0 63.10 60.38 
37968 2343 82 169 117 64 349 0 76.33 55.49 
38147 1640 21 131 67 57 249 1 76.58 55.64 
38326 6603 87 103 127 108 337 0 63.94 59.65 
38504 6982 96 102 136 116 353 0 50.35 53.50 
38681 5706 74 110 115 97 320 0 48.43 50.13 
38858 1633 19 141 69 60 264 0 49.18 49.28 
39035 2524 118 185 144 66 397 0 51.20 53.99 
39212 1863 38 148 83 61 286 2 55.73 58.84 
39390 5078 67 120 111 94 322 0 75.97 55.79 
39569 6696 99 108 140 118 364 0 74.12 58.28 
39748 7059 132 138 186 159 484 0 74.73 56.75 
39927 7095 133 138 187 160 485 0 74.73 57.17 
40106 7059 132 138 186 159 483 0 74.12 58.14 
40285 7113 130 137 184 158 479 0 74.12 58.56 
40464 7027 127 135 180 154 469 0 73.66 58.72 
40643 7005 129 135 182 155 472 0 74.99 58.14 
40822 7113 130 137 184 158 479 0 78.73 55.91 
41001 6396 92 103 130 108 340 0 98.16 65.93 
41182 2567 34 77 54 35 162 0 6.14 53.48 
41357 2217 34 83 54 32 165 0 97.24 67.47 
41538 2084 36 93 58 34 182 0 97.36 65.81 
41719 1966 38 105 63 36 200 0 6.14 54.50 
41894 1954 37 104 62 36 198 0 6.14 53.63 
42069 2084 36 93 58 34 181 0 6.14 54.50 
42244 2084 36 93 58 34 182 0 96.03 55.78 
42424 2078 36 95 59 35 184 0 56.69 57.44 
42602 2834 50 105 78 52 232 0 86.36 56.90 
42782 6873 108 115 152 129 396 0 66.04 55.93 
42960 4292 54 119 97 82 294 0 62.70 57.58 
43138 1726 18 158 75 66 291 0 60.47 18.33 
43314 1641 21 129 66 56 245 0 58.51 18.00 
43490 2632 38 98 67 48 235 0 56.58 10.74 
43665 2657 94 143 115 56 313 0 54.93 7.09 
43840 2631 128 189 153 71 412 0 54.08 7.11 
44015 3077 103 150 131 74 356 0 53.75 6.77 
44190 2957 117 178 150 84 414 0 55.25 6.78 
44365 2985 105 153 132 72 359 0 55.42 8.06 
44540 2681 132 198 161 78 438 0 55.42 8.06 
44715 2674 134 201 163 79 445 0 54.91 6.77 
44890 2671 135 202 164 79 446 0 52.38 4.22 
45064 3031 104 159 135 78 373 0 49.01 1.97 
45238 1973 28 129 73 61 259 0 47.24 3.25 
45412 2268 27 103 62 51 212 3 48.25 4.52 
45586 1893 24 119 66 56 237 0 53.74 9.74 
45761 2798 30 94 62 51 204 0 53.74 16.42 
45936 5353 53 68 76 60 202 0 53.74 56.20 
46114 5811 59 70 83 67 218 2 55.25 55.64 
46292 6118 70 79 98 80 255 0 56.00 58.00 
46470 7178 114 108 156 132 396 0 55.88 58.56 
46648 7266 116 109 159 135 403 0 55.88 58.56 
46826 7272 117 110 160 136 405 0 53.24 48.16 
47003 7195 118 109 160 135 404 0 49.01 51.97 
47180 5488 57 82 86 71 237 2 46.07 48.93 
47357 2573 51 114 80 52 244 0 43.49 45.97 
47533 2653 120 173 142 65 380 0 43.49 46.38 
47709 3817 59 84 80 54 218 0 43.49 46.38 
47885 4139 62 86 85 60 234 0 43.49 46.38 
48061 4171 60 84 83 59 229 0 43.49 46.38 
48237 4171 60 84 83 59 229 0 43.08 46.39 
48413 4171 60 84 83 59 229 3 44.08 46.78 
48589 4171 60 84 83 59 228 0 44.06 48.16 
48766 3135 66 95 84 48 227 0 43.67 46.99 
48942 2724 113 168 138 68 371 0 40.46 42.62 
49118 2708 104 155 127 62 342 0 35.44 37.67 
49293 4004 92 132 127 89 349 0 29.80 35.85 
49468 4119 74 140 120 95 353 0 31.08 31.28 
49643 5762 32 68 60 55 181 0 36.36 31.79 
49818 11404 49 64 84 85 232 0 31.59 30.50 
49993 6971 37 54 60 54 225 0 32.10 30.51 
50168 4884 31 53 50 41 143 0 30.31 28.41 
50343 4196 33 61 53 42 155 0 23.87 22.69 
50517 2651 30 85 57 43 182 0 17.10 15.79 
50690 2814 38 90 64 46 197 0 13.80 12.10 
50863 3133 36 78 59 43 177 5 9.42 4.52 
51035 3717 39 56 53 35 143 0 7.74 4.52 
51207 3698 43 58 56 36 150 0 7.74 4.52 
51379 3789 42 58 56 37 150 19 7.74 4.52 
51551 3789 42 58 56 37 150 0 10.10 5.81 
51723 3789 42 58 56 37 150 0 15.16 12.10 
51896 3710 45 61 59 38 157 5 17.08 15.49 
52069 3608 34 59 51 36 145 0 21.52 17.07 
52242 2967 40 92 67 49 205 0 34.68 33.59 
52417 2831 36 89 63 46 195 0 34.70 33.08 
52592 2672 31 82 56 41 178 0 34.15 33.35 
52767 2607 30 78 53 38 167 0 29.02 28.97 
52942 2811 36 86 61 44 188 0 17.08 16.12 
53115 3496 44 76 65 45 184 0 12.12 15.15 
53288 3773 48 63 62 40 165 0 10.10 13.46 
53461 4924 28 49 46 38 133 1 9.42 10.08 
53633 5552 28 51 48 42 141 0 6.46 6.77 
53805 5915 28 52 49 44 145 0 7.43 5.17 
53977 4493 28 51 46 37 133 2 7.43 4.54 
54149 3695 30 56 47 35 137 0 8.06 4.20 
54321 3743 30 57 48 36 139 0 3.25 6.46 
54493 3743 30 57 48 36 140 0 4.86 5.49 
54665 3743 30 57 48 36 140 0 9.76 5.81 
54837 3730 30 54 46 34 133 0 10.78 5.49 
55009 3947 29 50 44 33 126 0 4.86 6.78 
55181 3989 28 48 43 32 123 0 11.80 8.38 
55353 4403 29 47 44 34 124 0 12.80 68.70 
55529 4924 28 49 46 38 132 1 4.54 9.74 
55701 5223 28 50 47 40 135 0 15.83 8.38 
55874 5552 28 51 48 42 140 0 15.50 67.75 
56050 5872 27 51 48 43 141 0 15.83 8.04 
56223 5552 28 51 48 42 140 0 15.83 16.75 
56396 5717 29 51 49 43 142 0 9.42 7.74 
56568 5552 28 51 48 42 140 0 9.42 10.08 
56740 5915 28 52 49 44 143 0 10.44 11.76 
56912 5640 29 53 50 44 145 0 10.76 13.45 
57085 5957 28 53 50 45 147 0 7.11 13.79 
57257 5597 28 52 49 43 144 0 9.08 11.08 
57429 4273 30 48 45 34 125 0 9.42 9.74 
57601 4700 29 49 46 37 130 0 15.83 11.76 
57774 4924 28 49 46 38 132 0 16.78 3.89 
57946 5506 27 50 47 41 137 0 69.33 1.97 
58121 5597 28 52 49 43 143 0 45.87 3.57 
58295 5597 28 52 49 43 141 0 22.73 4.84 
58468 3815 30 53 46 34 132 0 56.01 9.08 
58643 3717 30 62 50 39 148 6 16.15 16.12 
58816 3584 29 62 49 38 147 0 12.78 16.12 
58989 3594 30 62 50 38 148 0 57.27 55.78 
59167 3623 32 68 54 42 162 0 16.15 16.12 
59340 3598 35 78 61 48 184 0 15.83 16.12 
59513 3487 34 78 60 47 183 0 14.48 16.12 
59686 3556 35 77 60 47 182 0 15.83 55.91 
59861 3556 35 77 60 47 182 0 14.48 9.74 
60034 3460 36 77 60 46 181 0 15.83 15.79 
60207 3556 35 77 60 47 182 0 8.74 16.44 
60380 3540 37 79 62 48 186 0 20.26 10.08 
60553 3668 32 69 55 43 164 0 43.10 10.42 
60727 3633 29 63 50 39 150 0 59.48 6.77 
60902 3594 30 62 50 38 147 0 42.28 18.02 
61077 3668 29 61 49 38 144 2 4.86 37.89 
61251 3668 29 61 49 38 146 0 10.42 12.10 
61423 3661 28 61 48 38 144 0 16.15 13.45 
61596 3704 29 59 48 37 142 0 17.73 14.13 
61769 3989 28 48 43 32 120 0 16.15 16.75 
61942 3989 28 48 43 32 122 5 16.15 56.88 
62117 4132 29 48 44 33 123 0 35.68 7.09 
62291 3989 28 48 43 32 121 3 7.43 4.52 
62463 3958 44 74 66 49 187 0 4.86 18.63 
62636 3531 33 74 57 45 173 0 13.14 15.79 
62809 3412 36 95 69 57 217 4 4.54 20.23 
62982 3553 41 109 80 67 252 0 5.51 4.52 
63154 3344 47 131 93 78 297 0 9.08 20.21 
63327 3342 52 143 102 85 326 0 15.83 25.84 
63501 3241 58 164 115 96 370 0 16.15 16.75 
63674 3217 59 165 116 96 372 5 16.46 18.33 
63847 3217 59 165 116 96 371 0 16.15 18.00 
64020 3202 57 165 115 96 371 0 16.13 17.07 
64193 3202 57 165 115 96 371 0 15.83 17.37 
64366 3202 57 165 115 96 370 0 15.83 17.37 
64539 3241 58 164 115 96 370 0 15.83 18.63 
64712 3241 58 164 115 96 369 0 16.15 17.70 
64885 3241 58 164 115 96 369 0 16.15 17.70 
65058 3241 58 164 115 96 369 4 16.15 17.70 
65231 3241 58 164 115 96 369 0 15.83 17.70 
65404 3241 58 164 115 96 368 0 15.83 18.65 
65577 3192 58 164 115 95 368 0 15.83 17.70 
65750 3192 58 164 115 95 368 0 15.83 17.70 
65923 3216 57 163 114 95 368 5 15.83 17.70 
66096 3216 57 163 114 95 367 0 15.83 17.70 
66269 3216 57 163 114 95 367 0 15.83 17.70 
66442 3216 57 163 114 95 367 0 15.83 17.70 
66615 3216 57 163 114 95 367 0 15.83 17.70 
