=~=~=~=~=~=~=~=~=~=~=~= PuTTY log 2025.11.26 16:36:10 =~=~=~=~=~=~=~=~=~=~=~=
ets Jul 29 2019 12:21:46

rst:0x1 (POWERON_RESET),boot:0x3 (DOWNLOAD_BOOT(UART0/UART1/SDIO_REI_REO_V2))
waiting for download
=~=~=~=~=~=~=~=~=~=~=~= PuTTY log 2025.11.26 16:36:27 =~=~=~=~=~=~=~=~=~=~=~=
ets Jul 29 2019 12:21:46

rst:0x1 (POWERON_RESET),boot:0x3 (DOWNLOAD_BOOT(UART0/UART1/SDIO_REI_REO_V2))
waiting for download
=~=~=~=~=~=~=~=~=~=~=~= PuTTY log 2025.11.26 16:37:01 =~=~=~=~=~=~=~=~=~=~=~=
ets Jul 29 2019 12:21:46

rst:0x1 (POWERON_RESET),boot:0x13 (SPI_FAST_FLASH_BOOT)
configsip: 0, SPIWP:0xee
clk_drv:0x00,q_drv:0x00,d_drv:0x00,cs0_drv:0x00,hd_drv:0x00,wp_drv:0x00
mode:DIO, clock div:1
load:0x3fff0030,len:4980
load:0x40078000,len:16612
load:0x40080400,len:3480
entry 0x400805b4
Found sensor
Milis - ColorTemp - Lux - R - G - B - C - Pot - UsensA - UsensB

399 6620 51 52 70 58 179 2 59.64 56.61 
577 6620 51 52 70 58 179 0 59.64 55.79 
755 6620 51 52 70 58 179 0 59.62 55.76 
933 6620 51 52 70 58 179 0 59.08 57.02 
1111 6620 51 52 70 58 179 0 59.91 56.59 
1289 6620 51 52 70 58 179 0 59.48 57.03 
1467 6620 51 52 70 58 179 0 59.62 55.76 
1645 6620 51 52 70 58 179 3 59.92 57.03 
1823 6620 51 52 70 58 179 0 59.62 55.78 
2001 6620 51 52 70 58 179 0 59.62 55.78 
2179 6620 51 52 70 58 179 15 60.03 55.78 
2357 6620 51 52 70 58 179 0 59.64 55.79 
2535 6620 51 52 70 58 179 0 59.21 55.78 
2713 6620 51 52 70 58 179 0 59.62 55.78 
2891 6620 51 52 70 58 179 0 59.64 55.78 
3069 6620 51 52 70 58 179 0 59.64 55.78 
3247 6620 51 52 70 58 179 0 59.21 55.79 
5 6620 51 52 70 58 179 0 59.60 55.78 
3603 6620 51 52 70 58 179 0 59.62 55.76 
3781 6620 51 52 70 58 179 0 59.91 57.03 
3959 6620 51 52 70 58 179 2 60.04 55.76 
4137 6620 51 52 70 58 179 0 60.06 56.19 
4315 6620 51 52 70 58 179 0 59.21 55.78 
4493 6620 51 52 70 58 179 4 59.64 55.78 
4671 6620 51 52 70 58 179 0 59.64 55.78 
4849 6620 51 52 70 58 179 0 59.48 57.03 
5027 6620 51 52 70 58 179 6 59.62 56.20 
5205 6620 51 52 70 58 179 0 59.19 55.76 
5383 6620 51 52 70 58 179 0 59.19 55.76 
5561 6620 51 52 70 58 179 6 59.19 55.78 
5739 6620 51 52 70 58 179 2 59.08 57.02 
5917 6620 51 52 70 58 179 0 59.19 55.76 
6095 6620 51 52 70 58 179 4 59.62 55.76 
6273 6620 51 52 70 58 179 0 59.62 55.78 
6451 6620 51 52 70 58 179 0 59.21 55.76 
6629 6620 51 52 70 58 179 2 59.48 53.81 
6807 6620 51 52 70 58 179 0 59.91 55.91 
6985 6620 51 52 70 58 179 0 59.19 55.76 
7163 6620 51 52 70 58 179 0 59.19 55.76 
7341 6620 51 52 70 58 179 0 58.77 55.76 
7519 6620 51 52 70 58 179 0 59.50 50.42 
7697 6620 51 52 70 58 179 0 59.62 52.44 
7875 6620 51 52 70 58 179 0 59.64 55.76 
8053 6620 51 52 70 58 179 0 58.79 55.79 
8231 6620 51 52 70 58 179 0 59.91 49.95 
8409 6620 51 52 70 58 179 0 59.08 50.44 
8587 6620 51 52 70 58 179 0 58.79 55.78 
8765 6620 51 52 70 58 179 0 58.77 53.67 
8943 6620 51 52 70 58 179 0 59.06 51.65 
9121 6620 51 52 70 58 179 0 59.48 51.29 
9299 6620 51 52 70 58 179 4 59.50 52.48 
9477 6620 51 52 70 58 179 4 59.65 51.99 
9655 6620 51 52 70 58 179 0 59.19 55.76 
9833 6620 51 52 70 58 179 0 58.79 55.79 
10011 6620 51 52 70 58 179 6 59.19 56.20 
10189 6620 51 52 70 58 179 0 59.21 56.61 
10367 6620 51 52 70 58 179 0 58.79 56.63 
10545 6620 51 52 70 58 179 5 59.19 56.61 
10723 6620 51 52 70 58 179 0 59.19 56.61 
10901 6620 51 52 70 58 179 0 59.50 57.07 
11079 6620 51 52 70 58 179 4 59.62 56.20 
11257 6620 51 52 70 58 179 0 59.19 56.19 
11435 6620 51 52 70 58 179 0 59.62 56.59 
11613 6620 51 52 70 58 179 0 59.62 56.20 
11791 6620 51 52 70 58 179 0 59.62 56.61 
11969 6620 51 52 70 58 179 0 59.19 56.61 
12147 6620 51 52 70 58 179 0 59.21 56.59 
12325 6620 51 52 70 58 179 0 59.19 56.19 
12503 6620 51 52 70 58 179 0 59.21 56.61 
12681 6620 51 52 70 58 179 0 59.19 56.59 
12859 6620 51 52 70 58 179 7 59.91 57.02 
13037 6620 51 52 70 58 179 0 59.64 56.61 
13215 6620 51 52 70 58 179 0 59.62 56.20 
13393 6620 51 52 70 58 179 0 59.62 56.59 
13571 6620 51 52 70 58 179 0 59.62 56.61 
13749 6620 51 52 70 58 179 0 59.62 50.27 
13927 6620 51 52 70 58 179 0 59.08 50.46 
14105 6620 51 52 70 58 179 0 59.50 50.46 
14283 6620 51 52 70 58 179 0 59.50 57.02 
14461 6620 51 52 70 58 179 2 59.62 49.93 
14639 6620 51 52 70 58 179 5 59.64 56.59 
14817 6620 51 52 70 58 179 0 59.64 56.19 
14995 6620 51 52 70 58 179 4 59.48 57.03 
15173 6620 51 52 70 58 179 0 59.50 57.03 
15351 6620 51 52 70 58 179 0 59.19 51.12 
15529 6620 51 52 70 58 179 8 59.19 56.59 
15707 6620 51 52 70 58 179 0 59.19 56.59 
15885 6620 51 52 70 58 179 0 59.60 56.61 
16063 6620 51 52 70 58 179 7 59.19 56.59 
16241 6620 51 52 70 58 179 0 59.48 57.03 
16419 6620 51 52 70 58 179 0 59.60 56.20 
16597 6620 51 52 70 58 179 10 59.48 57.03 
16775 6620 51 52 70 58 179 0 59.48 57.02 
16953 6620 51 52 70 58 179 0 59.08 57.02 
17131 6620 51 52 70 58 179 3 59.06 56.63 
17309 6620 51 52 70 58 179 0 59.08 57.02 
17487 6620 51 52 70 58 179 0 59.06 57.05 
17665 6620 51 52 70 58 179 2 59.89 57.03 
17843 6620 51 52 70 58 179 0 59.64 6.77 
18018 6620 51 52 70 58 179 0 59.06 11.42 
18193 6620 51 52 70 58 179 0 59.09 5.49 
18368 6620 51 52 70 58 179 0 59.08 56.61 
18546 6620 51 52 70 58 179 2 59.08 56.59 
18724 6620 51 52 70 58 179 0 59.08 57.03 
18902 6620 51 52 70 58 179 0 59.08 51.27 
19080 6620 51 52 70 58 179 2 59.06 57.02 
19258 6620 51 52 70 58 179 0 59.08 50.78 
19436 6620 51 52 70 58 179 0 59.06 56.59 
19614 6620 51 52 70 58 180 4 59.06 56.61 
19792 6620 51 52 70 58 180 0 58.67 56.61 
19970 6620 51 52 70 58 180 0 59.06 56.59 
20148 6620 51 52 70 58 180 5 59.06 56.59 
20326 6620 51 52 70 58 179 0 58.65 56.64 
20504 6620 51 52 70 58 179 0 58.79 56.19 
20682 6620 51 52 70 58 179 5 58.79 56.19 
20860 6620 51 52 70 58 179 0 58.79 56.20 
21038 6407 51 52 70 57 178 0 58.79 56.20 
21216 6620 51 52 70 58 179 4 59.21 56.20 
21394 6407 51 52 70 57 178 0 58.77 56.59 
21572 6407 51 52 70 57 178 0 59.19 51.61 
21750 6620 51 52 70 58 179 4 58.77 56.19 
21928 6620 51 52 70 58 179 0 58.79 56.20 
22106 6620 51 52 70 58 179 0 58.79 56.19 
22284 6620 51 52 70 58 179 0 59.19 56.19 
22462 6620 51 52 70 58 179 0 59.21 56.19 
22640 6620 51 52 70 58 179 0 58.79 56.19 
22818 6620 51 52 70 58 179 0 58.80 56.19 
22996 6620 51 52 70 58 179 0 59.19 56.19 
23174 6620 51 52 70 58 179 0 58.79 50.76 
23352 6620 51 52 70 58 179 0 59.19 56.20 
23530 6620 51 52 70 58 179 0 59.19 56.17 
23708 6620 51 52 70 58 179 0 58.79 56.20 
23886 6620 51 52 70 58 179 0 58.77 55.76 
24064 6620 51 52 70 58 179 0 59.21 56.20 
24242 6620 51 52 70 58 179 0 58.77 55.78 
24420 6620 51 52 70 58 179 0 58.79 56.19 
24598 6620 51 52 70 58 179 0 59.21 56.19 
24776 6620 51 52 70 58 179 0 58.77 50.76 
24954 6620 51 52 70 58 179 0 59.21 56.63 
25132 6620 51 52 70 58 179 0 58.77 50.27 
25310 6620 51 52 70 58 179 0 59.19 56.19 
25488 6620 51 52 70 58 179 0 59.21 49.91 
25666 6620 51 52 70 58 179 0 59.21 50.27 
25844 6620 51 52 70 58 179 0 58.79 56.19 
26022 6620 51 52 70 58 179 0 59.21 49.42 
26200 6620 51 52 70 58 179 0 58.79 50.80 
26378 6620 51 52 70 58 179 0 58.79 56.20 
26556 6620 51 52 70 58 179 0 58.79 50.76 
26734 6620 51 52 70 58 179 0 58.77 50.76 
26912 6620 51 52 70 58 179 0 58.79 50.76 
27090 6620 51 52 70 58 179 0 59.21 49.93 
27268 6620 51 52 70 58 179 0 59.08 57.00 
27446 6620 51 52 70 58 179 0 59.08 56.61 
27624 6620 51 52 70 58 179 0 59.48 51.27 
27802 6620 51 52 70 58 180 2 59.06 57.02 
27980 6620 51 52 70 58 179 0 59.06 57.05 
28158 6620 51 52 70 58 180 0 59.48 50.44 
28336 6620 51 52 70 58 180 4 59.62 56.61 
28514 6620 51 52 70 58 180 0 59.62 50.25 
28692 6620 51 52 70 58 179 0 59.09 51.27 
28870 6620 51 52 70 58 180 3 59.62 50.29 
29048 6620 51 52 70 58 180 0 59.48 57.03 
29226 6620 51 52 70 58 180 0 59.08 56.61 
29404 6620 51 52 70 58 180 0 59.50 57.03 
29582 6620 51 52 70 58 180 0 59.19 49.44 
29760 6620 51 52 70 58 180 0 59.60 56.61 
29938 6620 51 52 70 58 180 0 57.68 55.78 
30116 6620 51 52 70 58 180 0 18.67 52.75 
30291 6498 52 52 71 58 181 0 18.68 51.97 
30466 5303 40 53 58 46 156 0 17.71 52.12 
30641 3273 32 73 55 42 168 0 17.08 50.95 
30816 3184 31 71 53 40 161 0 15.16 48.16 
30991 3211 32 71 54 40 163 0 16.46 47.77 
31166 3341 35 71 56 41 165 0 11.10 45.61 
31340 3263 54 80 71 43 188 0 10.10 44.01 
31514 3290 53 79 70 43 191 0 6.46 44.39 
31688 3518 40 61 55 36 152 2 6.46 43.42 
31862 3518 40 61 55 36 152 0 8.06 43.59 
32036 3494 44 65 59 38 161 0 12.46 45.39 
32211 3289 55 81 72 44 197 0 12.78 44.40 
32386 3289 55 81 72 44 196 0 10.42 44.79 
32560 3289 55 81 72 44 196 0 12.46 46.78 
32735 3289 55 81 72 44 197 0 12.46 46.77 
32910 3289 55 81 72 44 197 0 45.25 44.79 
33086 3302 56 81 73 44 197 0 45.65 6.77 
33260 3568 45 70 63 42 175 0 47.45 8.06 
33434 4095 50 79 73 54 205 0 11.44 42.21 
33608 4095 50 79 73 54 205 0 6.46 38.81 
33782 4095 50 79 73 54 205 0 8.74 38.35 
33956 4121 49 77 72 53 201 1 39.56 38.13 
34132 4062 48 75 70 51 195 0 10.08 38.57 
34306 4103 47 76 70 52 197 1 41.38 40.63 
34482 4121 49 77 72 53 201 0 6.46 40.63 
34656 4066 49 78 72 53 203 2 42.67 41.53 
34832 4056 51 78 73 53 203 0 48.43 42.42 
35008 4150 50 78 73 54 204 0 13.12 44.40 
35183 4066 49 78 72 53 202 0 14.48 44.00 
35358 4066 49 78 72 53 202 0 56.27 55.76 
35536 4056 51 78 73 53 204 0 61.15 44.39 
35713 4066 49 78 72 53 202 0 58.63 6.78 
35888 4009 46 73 67 49 188 4 58.24 6.77 
36063 4084 32 56 50 38 143 0 58.26 6.77 
36238 3862 31 54 47 35 136 3 9.42 6.77 
36410 3862 31 54 47 35 135 0 9.42 6.77 
36582 3862 31 54 47 35 136 0 9.42 6.77 
36754 3858 32 54 48 35 136 0 58.63 6.78 
36929 3858 32 54 48 35 136 0 9.42 6.77 
37101 3858 32 54 48 35 136 0 9.42 6.77 
37273 3858 32 54 48 35 136 5 9.76 6.77 
37445 3858 32 54 48 35 136 0 9.42 6.77 
37617 3858 32 54 48 35 136 0 6.46 6.78 
37789 3858 32 54 48 35 136 4 9.42 6.78 
37961 3858 32 54 48 35 136 0 9.76 6.77 
38133 3858 32 54 48 35 136 0 9.42 6.77 
38305 3858 32 54 48 35 136 3 6.46 6.77 
38477 3858 32 54 48 35 136 0 58.65 7.09 
38652 3858 32 54 48 35 136 0 58.65 8.38 
38827 3858 32 54 48 35 136 0 58.67 10.08 
39002 3858 32 54 48 35 136 0 9.42 6.78 
39174 3858 32 54 48 35 136 3 7.74 10.08 
39346 3858 32 54 48 35 136 0 58.22 10.40 
39521 3858 32 54 48 35 136 0 58.22 10.76 
39696 3858 32 54 48 35 136 0 58.22 9.40 
39871 3858 32 54 48 35 136 0 58.24 10.40 
40046 3858 32 54 48 35 136 0 58.22 7.74 
40221 3858 32 54 48 35 136 0 58.26 9.06 
40396 3858 32 54 48 35 136 0 58.22 6.77 
40571 3858 32 54 48 35 136 0 58.26 6.77 
40746 3858 32 54 48 35 136 0 58.22 6.77 
40921 3858 32 54 48 35 136 0 57.12 7.11 
41096 4000 37 66 58 44 167 0 9.76 52.99 
41271 3973 66 113 100 75 287 0 9.76 6.78 
41443 3905 62 107 94 70 267 0 55.59 45.97 
41620 4042 62 107 95 72 270 0 55.59 56.46 
41798 4042 62 107 95 72 270 0 9.42 44.40 
41972 4042 62 107 95 72 270 0 5.18 28.97 
42145 4042 62 107 95 72 270 0 6.46 52.97 
42320 4042 62 107 95 72 270 0 55.59 55.51 
42498 4042 62 107 95 72 270 0 6.46 52.97 
42673 3970 63 107 95 71 270 0 55.59 55.52 
42851 3970 63 107 95 71 269 0 50.68 42.82 
43028 3903 53 98 84 64 244 0 4.86 49.59 
43202 3859 27 73 54 47 172 0 47.04 39.93 
43378 3862 26 62 48 40 149 0 47.04 40.39 
43554 3831 28 56 46 36 137 0 49.33 37.67 
43730 3831 28 56 46 36 137 0 5.18 38.11 
43904 3655 27 72 53 45 168 0 4.86 33.85 
44077 3714 26 87 60 55 199 0 40.68 35.14 
44253 3714 26 87 60 55 199 0 44.27 30.24 
44429 4196 27 76 57 51 181 0 4.86 27.28 
44602 9605 44 58 73 71 202 0 5.18 23.83 
44775 6325 36 56 59 52 166 4 4.84 22.12 
44948 2439 34 97 63 46 202 0 24.21 20.54 
45122 2302 32 99 62 46 203 0 6.46 21.50 
45295 2382 32 99 63 47 205 0 25.02 21.49 
45469 2273 32 99 62 45 204 0 4.86 21.50 
45642 2273 32 99 62 45 204 3 24.21 21.49 
45816 2273 32 99 62 45 204 0 6.46 21.49 
45989 2273 32 99 62 45 204 0 28.48 18.00 
46163 2349 33 99 63 46 205 0 18.99 5.49 
46336 3518 73 96 92 56 244 0 4.86 12.43 
46508 4184 66 86 88 61 234 6 15.83 16.75 
46681 6720 29 58 54 51 163 0 12.80 17.70 
46854 3494 44 115 84 70 267 0 13.82 37.45 
47028 3426 42 113 82 68 260 0 36.60 37.43 
47204 3433 34 85 63 51 198 0 9.42 39.03 
47378 3423 36 87 65 52 202 0 10.10 9.74 
47550 3407 34 87 64 52 201 0 32.37 33.34 
47725 3399 40 110 79 66 252 4 31.86 33.34 
47900 3245 44 131 91 77 295 0 5.17 12.77 
48072 3263 46 131 92 77 297 0 5.17 8.06 
48244 3281 41 114 81 67 260 0 5.18 7.72 
48416 3439 44 113 83 68 261 0 4.86 29.73 
48589 3221 52 149 104 87 336 0 5.81 15.79 
48761 3276 53 151 106 89 343 0 5.81 29.22 
48934 3289 52 152 106 90 345 0 27.32 28.14 
49108 3289 52 152 106 90 344 3 4.86 7.41 
49280 3265 52 148 104 87 335 0 5.17 5.49 
49452 3204 44 124 87 72 280 0 6.46 5.49 
49624 3388 41 101 75 60 235 5 5.18 6.46 
49796 3388 41 101 75 60 234 0 26.16 7.41 
49969 3445 41 100 75 60 233 0 5.18 8.72 
50141 3432 40 100 74 60 233 5 5.18 5.17 
50313 3432 40 100 74 60 232 0 5.18 5.17 
50485 3409 40 102 75 61 236 0 5.49 8.06 
50657 3401 42 104 77 62 241 5 5.18 11.42 
50829 3325 42 107 78 63 246 0 5.51 11.42 
51001 3359 42 108 79 64 248 0 6.46 7.74 
51173 3359 42 108 79 64 248 3 5.83 6.78 
51345 3318 43 112 81 66 257 0 15.50 13.45 
51518 3217 53 154 107 90 348 0 40.92 15.79 
51692 5027 36 91 73 67 228 0 4.54 20.86 
51865 6220 40 70 69 62 199 0 4.86 23.27 
52038 3691 117 130 138 80 348 0 4.86 28.97 
52211 2804 32 78 55 40 171 0 6.46 43.01 
52385 3269 50 85 71 47 202 0 41.84 15.79 
52560 3735 124 139 148 87 373 0 69.14 15.79 
52736 3664 125 138 147 84 370 0 57.80 55.78 
52914 3682 124 137 146 84 369 0 6.46 17.07 
53087 3676 120 134 142 82 359 0 6.46 17.07 
53260 3678 122 134 143 82 359 0 6.46 17.07 
53433 3678 122 134 143 82 360 0 6.46 17.07 
53606 3658 121 135 143 82 360 1 6.46 60.50 
53781 3651 117 132 139 80 351 0 6.46 28.97 
53954 3648 92 104 109 63 277 0 6.46 56.46 
54129 3587 143 153 164 90 409 0 5.18 16.12 
54301 3572 111 126 131 74 332 0 6.46 15.79 
54473 2239 32 104 64 48 213 4 5.17 15.49 
54645 2078 30 108 64 48 216 0 6.46 13.79 
54817 2203 32 112 68 52 227 0 6.46 11.42 
54989 2127 33 117 70 53 236 3 16.13 9.74 
55162 2599 27 73 49 36 156 0 6.78 9.74 
55334 9100 56 71 90 86 247 0 5.17 28.15 
55507 13232 69 87 120 125 331 3 5.18 28.14 
55680 12771 70 87 120 124 330 0 5.18 9.40 
55852 12771 70 87 120 124 330 0 5.17 5.49 
56024 12804 68 85 117 121 322 3 5.17 6.77 
56196 11469 68 84 114 115 312 0 5.18 8.06 
56368 11398 68 85 114 115 312 0 6.46 9.40 
56540 11398 68 85 114 115 312 4 54.21 28.70 
56716 11398 68 85 114 115 312 0 6.46 8.06 
56888 9974 60 78 100 98 274 0 6.46 6.44 
57060 8532 54 72 88 83 242 0 9.42 23.55 
57233 8218 54 70 86 80 236 0 25.31 22.41 
57407 8974 74 92 118 112 322 2 25.31 7.74 
57580 7652 58 77 92 84 255 0 25.31 8.36 
57753 7661 59 78 93 85 258 0 6.78 9.74 
57925 7661 59 78 93 85 258 0 6.78 11.76 
58097 7661 59 78 93 85 258 0 6.78 8.06 
58269 7661 59 78 93 85 258 0 6.78 9.08 
58441 7661 59 78 93 85 258 0 6.78 22.12 
58614 7661 59 78 93 85 258 0 6.78 10.08 
58786 7661 59 78 93 85 258 0 5.81 6.78 
58958 6992 52 71 82 73 227 0 4.86 9.74 
59130 3640 26 105 69 66 236 0 10.10 19.91 
59303 2481 19 140 79 82 295 0 18.99 19.91 
59476 2488 17 139 78 82 294 0 4.54 15.79 
59648 2583 17 139 78 83 294 0 4.54 19.91 
59821 2583 17 139 78 83 294 0 4.54 6.77 
59993 2583 17 139 78 83 294 0 4.54 6.77 
60165 2583 17 139 78 83 294 0 4.54 6.77 
60337 2583 17 139 78 83 294 0 4.54 6.78 
60509 2583 17 139 78 83 294 0 4.54 9.40 
60681 2583 17 139 78 83 294 0 4.54 6.77 
60853 2583 17 139 78 83 294 0 4.54 9.40 
61025 2583 17 139 78 83 294 0 4.54 8.06 
61197 2488 17 139 78 82 294 0 4.54 9.40 
61369 2488 17 139 78 82 294 0 4.54 8.06 
61541 2488 17 139 78 82 294 0 4.54 9.40 
61713 2488 17 139 78 82 294 0 4.54 8.06 
61885 2488 17 139 78 82 294 0 4.54 8.06 
62057 2488 17 139 78 82 294 1 4.86 20.54 
62230 2488 17 139 78 82 294 0 5.49 22.69 
62403 2582 19 139 79 82 295 0 6.78 5.81 
62575 2562 18 134 76 79 284 0 39.56 6.77 
62749 2828 23 118 71 69 254 0 39.54 5.49 
62923 3006 27 116 73 68 258 3 4.54 6.78 
63095 3137 28 116 74 69 260 0 4.54 18.00 
63267 3512 26 86 59 53 196 0 5.51 16.42 
63439 5703 50 99 90 81 268 4 13.80 15.79 
63612 9318 99 119 157 150 426 0 15.16 15.79 
63785 9167 101 120 159 151 430 0 13.82 15.81 
63958 9211 101 119 159 151 429 0 13.80 15.79 
64131 9211 101 119 159 151 429 0 14.48 15.47 
64304 9211 101 119 159 151 429 0 15.50 36.53 
64478 9168 100 119 158 150 428 0 15.50 5.81 
64650 8947 94 114 148 140 402 0 15.50 36.99 
64824 8605 90 110 141 132 384 0 15.50 36.07 
64998 8605 90 110 141 132 384 0 15.16 5.49 
65170 8706 92 112 145 136 393 0 15.50 8.36 
65343 9209 102 120 160 152 432 0 16.15 5.49 
65515 8066 81 102 127 117 345 0 15.50 16.12 
65688 7428 71 91 110 99 299 2 5.51 6.78 
65860 8900 92 113 146 138 397 0 4.22 15.79 
66032 8993 96 116 151 143 409 0 15.16 31.28 
66206 8573 96 115 149 139 403 4 15.83 15.79 
66379 9318 99 119 157 150 426 0 11.44 6.44 
66551 9318 99 119 157 150 426 0 15.83 30.77 
66725 8803 96 115 150 141 406 0 11.78 29.99 
66899 6630 73 93 110 95 296 5 29.02 16.42 
67073 3438 37 87 66 52 202 4 26.18 5.49 
67246 2253 33 109 67 51 223 0 18.99 6.77 
67419 1621 27 149 74 56 272 6 16.46 14.13 
67592 2908 53 107 81 54 242 0 16.46 6.77 
67765 3642 158 196 196 119 512 0 16.15 8.06 
67938 3717 169 218 215 136 571 0 16.15 6.77 
68111 3721 168 213 212 133 559 0 3.57 14.13 
68283 3706 167 214 212 133 560 0 11.78 6.77 
68455 3706 167 214 212 133 560 4 18.04 14.13 
68628 3706 167 214 212 133 560 0 18.05 14.13 
68801 3706 167 214 212 133 561 0 18.04 14.13 
68974 3706 167 214 212 133 561 1 3.89 6.77 
69146 3706 167 214 212 133 561 0 21.84 10.40 
69319 3633 163 200 201 121 523 0 26.76 11.42 
69492 3475 77 109 101 63 273 0 29.27 15.49 
69666 1654 27 136 70 53 254 0 29.26 19.28 
69840 4926 50 85 80 66 229 4 32.86 17.70 
70014 5243 51 80 80 66 224 0 17.73 15.79 
70187 9174 118 94 163 148 287 0 16.15 19.91 
70360 1646 13 147 76 80 296 0 14.82 15.79 
70533 1620 12 153 78 83 308 0 12.12 15.13 
70706 2385 20 118 68 66 248 4 11.44 14.47 
70879 6091 58 80 88 75 245 4 11.44 14.47 
71052 6472 66 85 99 85 272 0 11.78 12.78 
71225 6108 59 77 88 74 241 0 13.12 14.13 
71398 5994 51 71 78 66 216 0 14.14 14.79 
71571 8016 86 107 134 123 365 0 14.48 15.13 
71744 8938 102 122 160 151 434 0 16.13 15.49 
71917 9205 103 123 163 155 441 0 15.83 15.15 
72090 9206 103 122 162 154 439 4 15.83 15.15 
72263 9206 103 122 162 154 438 0 15.83 15.13 
72436 9206 103 122 162 154 438 0 15.83 15.13 
72609 9206 103 122 162 154 438 0 15.83 15.15 
72782 9206 103 122 162 154 437 0 15.83 15.13 
72955 9206 103 122 162 154 438 0 15.83 15.13 
73128 9206 103 122 162 154 438 0 15.83 15.15 
73301 9206 103 122 162 154 438 0 15.83 15.13 
73474 9206 103 122 162 154 438 5 15.83 15.15 
73647 9206 103 122 162 154 437 0 15.83 15.15 
73820 9206 103 122 162 154 437 0 15.83 15.13 
73993 9206 103 122 162 154 437 0 15.83 15.13 
74166 9206 103 122 162 154 437 0 15.81 15.13 
74339 9206 103 122 162 154 437 11 15.83 15.13 
74512 9206 103 122 162 154 437 0 15.83 15.13 
74685 9206 103 122 162 154 437 0 15.83 15.15 
74858 9206 103 122 162 154 437 4 16.15 15.15 
75031 9164 102 122 161 153 436 0 16.46 15.79 
75204 8590 68 82 106 99 286 0 16.78 15.79 
75377 8159 49 61 77 71 209 0 17.73 15.49 
75550 8550 58 72 92 86 250 0 17.41 16.42 
75723 7965 38 47 59 54 159 0 16.46 15.13 
75896 8588 67 81 105 98 283 0 7.75 15.13 
76068 9168 100 119 158 150 427 0 16.13 15.79 
76241 9168 100 119 158 150 427 3 16.76 15.15 
76414 9316 99 120 158 151 429 0 16.78 15.13 
76587 9318 99 119 157 150 426 0 16.46 15.15 
76760 9318 99 119 157 150 425 0 16.46 15.13 
76933 9170 100 118 157 149 424 0 16.46 15.13 
77106 9170 100 118 157 149 424 0 16.46 15.15 
77279 9170 100 118 157 149 424 0 16.46 15.15 
77452 9170 100 118 157 149 424 0 16.46 15.15 
77625 9170 100 118 157 149 424 4 16.46 15.13 
77798 9170 100 118 157 149 424 0 16.46 15.13 
77971 9320 98 118 156 149 423 0 16.46 15.13 
78144 9170 100 118 157 149 423 0 16.46 15.13 
78317 9170 100 118 157 149 423 0 16.46 15.13 
78490 9170 100 118 157 149 423 0 16.46 15.13 
78663 9170 100 118 157 149 423 0 16.46 15.13 
78836 9170 100 118 157 149 423 0 16.13 16.12 
79009 9320 98 118 156 149 423 2 16.46 15.15 
79182 9126 99 118 156 148 422 0 16.46 16.12 
79355 9320 98 118 156 149 422 0 16.46 15.13 
79528 9320 98 118 156 149 422 2 16.46 15.15 
79701 9320 98 118 156 149 423 0 16.46 15.15 
79874 9320 98 118 156 149 423 0 16.15 16.12 
80047 9320 98 118 156 149 423 0 19.30 6.78 
80220 9323 98 117 155 148 420 0 23.02 24.41 
80394 9132 82 102 131 125 357 4 27.34 28.71 
80568 7979 58 76 92 85 254 0 31.62 31.02 
80743 4866 31 74 60 54 186 0 35.22 33.08 
80918 4263 28 69 54 47 169 0 5.18 36.52 
81092 7688 42 62 70 65 197 0 5.18 37.21 
81266 12424 63 79 108 111 298 0 4.86 54.47 
81441 9922 54 69 89 87 246 0 5.51 15.81 
81613 7548 44 60 70 64 195 0 5.18 5.49 
81785 10900 57 73 96 96 265 0 5.18 43.01 
81959 12956 63 79 109 113 301 2 5.18 43.62 
82133 12954 65 80 111 115 306 0 4.86 44.01 
82307 12954 65 80 111 115 306 0 6.46 45.00 
82481 12877 64 81 111 115 306 0 7.75 6.78 
82653 12915 65 81 112 116 308 0 4.86 54.65 
82828 12915 65 81 112 116 309 0 6.14 52.16 
83003 10362 56 72 93 92 256 0 4.86 49.10 
83177 9912 54 70 90 88 247 0 6.46 52.46 
83352 7680 46 62 73 67 202 0 5.18 55.49 
83527 2616 31 83 56 41 178 0 5.18 55.76 
83702 3052 48 90 71 47 206 0 5.18 55.78 
83877 3540 86 103 104 60 267 0 5.18 55.33 
84052 3394 60 87 79 49 214 0 6.46 50.93 
84227 2197 31 105 64 48 214 0 4.86 49.25 
84401 2645 33 85 58 42 183 0 4.86 48.74 
84575 2882 30 71 51 37 157 0 4.86 45.58 
84749 5194 36 64 60 51 173 0 4.86 40.39 
84923 10029 50 78 90 90 257 0 4.86 35.62 
85097 3926 46 120 90 78 285 2 4.86 29.99 
85270 3935 110 160 152 106 419 0 6.46 25.28 
85443 2845 95 135 115 58 308 0 5.18 6.77 
85615 2765 53 110 81 53 242 2 5.51 21.81 
85788 2602 36 116 75 60 247 0 5.51 46.38 
85962 3673 38 88 68 55 208 0 5.51 45.19 
86136 7488 105 93 142 121 356 0 5.51 45.20 
86310 7588 108 95 146 125 366 0 3.26 46.60 
86484 7588 108 95 146 125 365 0 4.54 44.98 
86658 7588 108 95 146 125 365 0 3.57 9.40 
86830 7698 101 90 138 119 346 1 4.86 9.40 
87002 6448 62 66 86 71 221 0 3.59 17.07 
87174 5787 49 62 71 58 189 0 5.18 18.00 
87347 3291 28 61 47 35 141 0 5.18 17.37 
87519 3320 28 59 46 34 137 0 5.18 15.79 
87691 3204 27 65 48 37 148 0 5.18 9.40 
87863 6271 57 64 80 66 207 0 5.18 14.47 
88035 7233 69 68 96 82 243 0 6.78 15.49 
88207 7194 72 69 99 84 250 0 8.06 16.12 
88380 7641 75 70 104 90 262 0 9.76 16.12 
88553 7071 66 66 92 78 234 0 6.78 43.21 
88727 6717 64 64 88 73 224 0 6.78 9.74 
88899 7631 95 86 130 112 327 5 40.92 8.06 
89073 7749 102 91 140 121 352 0 8.06 8.04 
89245 7366 103 95 141 120 355 0 8.06 8.06 
89417 7640 99 88 135 116 338 2 8.06 8.06 
89589 7640 99 88 135 116 338 0 8.07 8.06 
89761 7640 99 88 135 116 338 0 8.07 8.06 
89933 7640 99 88 135 116 338 5 9.76 9.72 
90105 7640 99 88 135 116 338 0 8.06 9.74 
90277 7640 99 88 135 116 338 0 8.06 10.08 
90449 7640 99 88 135 116 338 3 39.32 6.77 
90623 7640 99 88 135 116 338 0 36.13 9.74 
90797 7233 86 81 118 100 299 0 16.13 9.06 
90970 7441 110 99 149 127 374 0 16.13 16.12 
91143 7478 110 98 149 127 373 0 16.13 16.44 
91316 7561 108 98 148 127 373 1 16.13 16.44 
91489 7561 108 98 148 127 373 0 38.88 18.02 
91663 7561 108 98 148 127 373 0 38.86 34.63 
91838 7561 108 98 148 127 372 0 39.32 34.63 
92014 7561 108 98 148 127 372 0 36.13 34.12 
92189 7561 108 98 148 127 373 0 34.94 18.95 
92363 7435 109 98 148 126 371 0 28.48 16.12 
92537 7174 99 94 136 115 344 0 27.03 24.97 
92711 5311 64 84 92 73 248 0 26.45 28.97 
92885 1786 41 143 79 50 267 4 23.02 15.79 
93058 1689 40 154 81 51 280 0 22.15 9.40 
93231 1750 44 164 89 58 305 0 25.31 16.12 
93405 1758 46 167 91 59 310 0 25.02 9.74 
93578 1765 47 172 94 61 321 0 29.02 57.43 
93754 1741 47 172 93 60 320 0 8.07 63.58 
93929 1723 44 166 89 57 306 0 10.78 15.79 
94102 1846 41 140 79 52 267 3 10.42 61.91 
94277 2336 46 123 80 54 254 0 10.10 8.06 
94449 2340 49 131 85 58 270 0 16.46 6.77 
94622 1924 45 137 80 50 263 0 16.46 6.77 
94795 1709 46 169 90 55 309 0 19.62 21.81 
94969 1710 46 167 89 54 304 0 16.13 70.96 
95145 1763 45 157 86 53 290 0 120.46 56.75 
95327 1976 43 128 76 48 248 0 120.46 5.49 
95506 1986 42 128 76 49 249 0 25.31 5.49 
95679 1939 41 130 76 49 251 1 24.45 5.49 
95852 1939 41 130 76 49 251 0 24.45 5.49 
96025 1939 41 130 76 49 250 0 120.85 5.49 
96204 1939 41 130 76 49 250 4 123.93 5.49 
96383 1939 41 130 76 49 251 0 22.73 5.49 
96556 1939 41 130 76 49 251 0 120.48 5.49 
96735 1939 41 130 76 49 251 0 120.92 5.49 
96914 1939 41 130 76 49 250 0 120.92 5.49 
97093 1939 41 130 76 49 250 0 23.58 5.49 
97266 1939 41 130 76 49 251 0 23.58 5.49 
97439 1939 41 130 76 49 251 18 120.48 5.49 
97618 1939 41 130 76 49 251 0 120.50 5.49 
97797 1939 41 130 76 49 251 0 120.50 5.49 
97976 1939 41 130 76 49 251 0 120.48 5.49 
98155 1939 41 130 76 49 251 2 121.31 5.49 
98334 1939 41 130 76 49 251 0 23.60 5.49 
98507 1939 41 130 76 49 251 2 121.29 5.49 
98686 1939 41 130 76 49 251 0 120.84 5.49 
98865 1939 41 130 76 49 251 0 16.78 64.82 
99041 2039 42 124 75 48 244 0 18.68 55.93 
99217 3555 50 91 76 55 222 0 63.26 59.23 
99395 5963 69 82 98 80 262 0 46.05 47.36 
99572 6207 83 91 115 94 300 0 57.39 51.12 
99750 6928 126 129 175 148 451 0 54.59 6.77 
99925 6972 127 130 177 150 457 0 52.72 6.78 
100100 6923 117 122 164 139 424 0 51.37 6.77 
100275 2874 33 108 71 60 235 2 50.37 59.67 
100453 1825 16 152 71 63 279 0 49.50 55.78 
100630 1925 15 152 70 62 276 0 48.04 5.49 
100804 2017 16 167 76 67 302 0 48.64 46.38 
100981 2127 36 119 72 52 241 0 49.16 15.79 
101156 2615 127 179 147 64 393 0 30.29 6.77 
101329 2558 143 206 166 71 446 0 48.45 6.77 
101503 2759 98 145 120 60 326 0 16.13 37.45 
101677 4847 144 153 183 130 384 0 23.58 5.49 
101850 2481 23 123 72 69 259 0 16.13 5.49 
102022 7116 84 128 139 127 394 0 16.15 6.77 
102195 4047 54 125 99 83 302 0 16.46 8.38 
102368 1641 31 155 79 59 286 0 16.15 8.38 
102541 1732 34 159 85 65 302 1 18.68 16.44 
102714 1705 33 157 83 63 296 0 16.13 13.12 
102887 1704 26 123 65 49 232 0 16.13 13.79 
103060 3704 74 95 94 59 250 2 23.29 15.79 
103233 3776 75 96 96 61 255 0 16.78 16.12 
103406 3776 75 96 96 61 254 0 21.20 6.77 
103579 3776 75 96 96 61 254 8 16.46 9.40 
103752 3776 75 96 96 61 254 0 10.76 16.44 
103925 3776 75 96 96 61 254 1 16.13 6.77 
104098 3776 75 96 96 61 255 0 10.10 12.10 
104270 3776 75 96 96 61 255 0 16.46 9.74 
104443 3776 75 96 96 61 255 4 8.38 8.06 
104615 3776 75 96 96 61 255 0 8.40 11.76 
104787 3776 75 96 96 61 255 0 12.12 9.40 
104959 3757 75 95 95 60 251 4 10.10 8.06 
105131 3328 51 84 72 47 204 0 8.74 9.40 
105303 1733 26 112 60 44 211 0 10.42 8.06 
105475 1624 26 142 71 54 261 0 11.10 14.47 
105648 1624 26 144 72 55 264 0 16.15 14.81 
105821 1765 27 120 65 49 229 0 18.04 19.28 
105994 5515 53 93 89 77 258 4 18.36 17.07 
106167 10693 85 105 140 139 383 0 18.36 17.07 
106340 10780 86 105 142 141 388 0 18.36 17.07 
106513 10768 87 106 143 142 390 0 18.36 15.79 
106686 11054 86 106 143 143 391 0 18.36 17.07 
106859 10756 87 107 144 143 393 0 18.36 17.07 
107032 11040 87 107 144 144 394 0 18.36 17.07 
107205 11040 87 107 144 144 395 0 18.36 17.07 
107378 11040 87 107 144 144 395 6 18.36 17.07 
107551 11081 87 107 145 145 395 0 18.36 18.33 
107724 11081 87 107 145 145 396 0 18.36 17.07 
107897 11081 87 107 145 145 396 0 18.36 17.07 
108070 11081 87 107 145 145 396 0 18.36 17.07 
108243 11081 87 107 145 145 396 0 18.36 17.07 
108416 10839 89 107 146 145 395 0 18.36 17.07 
108589 10839 89 107 146 145 395 0 18.36 18.33 
108762 10839 89 107 146 145 395 5 18.36 17.05 
108935 11081 87 107 145 145 394 0 18.36 17.07 
109108 11081 87 107 145 145 394 0 18.36 17.07 
109281 10798 88 107 145 144 394 0 18.36 17.07 
109454 10798 88 107 145 144 394 0 18.36 17.07 
109627 10798 88 107 145 144 394 0 18.36 17.07 
109800 10798 88 107 145 144 394 0 18.36 17.05 
109973 10798 88 107 145 144 394 0 18.36 17.07 
110146 10798 88 107 145 144 394 5 18.36 17.07 
110319 10798 88 107 145 144 394 0 18.36 17.05 
110492 10798 88 107 145 144 394 0 18.36 17.07 
110665 10798 88 107 145 144 393 0 18.36 17.05 
110838 10798 88 107 145 144 393 0 18.36 17.07 
111011 10798 88 107 145 144 393 0 18.36 17.05 
111184 10798 88 107 145 144 393 0 18.36 17.07 
111357 10798 88 107 145 144 393 0 18.36 17.07 
111530 10798 88 107 145 144 393 4 18.36 17.07 
111703 10798 88 107 145 144 393 0 18.36 17.07 
111876 10798 88 107 145 144 393 0 18.36 17.05 
112049 10798 88 107 145 144 393 0 18.36 17.07 
112222 10528 89 107 145 143 393 0 18.36 17.07 
112395 10528 89 107 145 143 392 0 18.36 17.07 
112568 10528 89 107 145 143 392 0 18.36 17.07 
112741 10756 87 107 144 143 392 0 18.36 17.07 
112914 10528 89 107 145 143 392 5 18.36 17.07 
113087 10528 89 107 145 143 393 0 18.36 17.07 
113260 10528 89 107 145 143 393 0 18.36 17.07 
