=~=~=~=~=~=~=~=~=~=~=~= PuTTY log 2025.11.26 18:22:24 =~=~=~=~=~=~=~=~=~=~=~=
ets Jul 29 2019 12:21:46

rst:0x1 (POWERON_RESET),boot:0x13 (SPI_FAST_FLASH_BOOT)
configsip: 0, SPIWP:0xee
clk_drv:0x00,q_drv:0x00,d_drv:0x00,cs0_drv:0x00,hd_drv:0x00,wp_drv:0x00
mode:DIO, clock div:1
load:0x3fff0030,len:4980
load:0x40078000,len:16612
load:0x40080400,len:3480
entry 0x400805b4
Found sensor
Milis - ColorTemp - Lux - R - G - B - C - Pot - UsensA - UsensB

399 5479 37 45 52 41 139 4 6.14 4.52 
571 5479 37 45 52 41 139 4 6.14 4.54 
743 5479 37 45 52 41 139 0 6.14 4.54 
915 5479 37 45 52 41 139 0 6.14 4.52 
1087 5479 37 45 52 41 139 3 6.14 4.52 
1259 5479 37 45 52 41 139 6 6.14 4.54 
1431 5479 37 45 52 41 139 0 6.14 4.52 
1603 5479 37 45 52 41 139 2 6.14 4.54 
1775 5479 37 45 52 41 139 0 6.14 4.52 
1947 5479 37 45 52 41 139 0 6.14 4.52 
2119 5479 37 45 52 41 139 15 6.14 4.52 
2291 5479 37 45 52 41 139 0 6.14 4.52 
2463 5479 37 45 52 41 139 0 6.14 4.52 
2635 5479 37 45 52 41 139 0 6.14 4.52 
2807 5479 37 45 52 41 139 0 6.14 4.52 
2979 5479 37 45 52 41 139 4 6.14 4.54 
3151 5479 37 45 52 41 139 0 6.14 4.52 
3323 5479 37 45 52 41 139 0 6.14 4.52 
3495 5479 37 45 52 41 139 0 6.14 4.52 
3667 5479 37 45 52 41 139 0 6.14 4.52 
3839 5479 37 45 52 41 139 8 6.14 4.54 
4011 5479 37 45 52 41 139 0 6.14 4.52 
4183 5479 37 45 52 41 139 0 6.14 4.52 
4355 5479 37 45 52 41 139 0 6.14 4.54 
4527 5479 37 45 52 41 139 0 6.14 4.54 
4699 5479 37 45 52 41 139 6 4.54 4.54 
4871 5479 37 45 52 41 139 0 6.14 4.52 
5043 5479 37 45 52 41 139 0 4.86 4.52 
5215 5635 38 46 54 43 143 0 5.81 4.52 
5387 5755 39 46 55 44 144 1 5.81 4.52 
5559 5724 39 45 54 43 143 1 5.81 4.52 
5731 5508 39 45 54 42 142 0 6.14 4.54 
5903 5635 38 46 54 43 143 8 5.81 4.52 
6075 5635 38 46 54 43 142 0 5.81 4.52 
6247 5390 39 45 53 41 140 0 5.81 4.52 
6419 5423 39 46 54 42 143 23 6.14 4.54 
6591 5423 39 46 54 42 142 0 6.14 4.52 
6763 5455 40 47 55 43 145 0 5.81 4.52 
6935 5184 37 46 52 40 140 8 6.14 4.52 
7107 5635 38 46 54 43 144 0 6.14 4.52 
7279 5513 37 46 53 42 141 6 6.14 4.52 
7451 5513 37 46 53 42 141 12 5.81 4.52 
7623 5390 39 45 53 41 140 0 5.81 4.52 
7795 5635 38 46 54 43 144 0 5.81 4.52 
7967 5539 40 46 55 43 145 4 5.81 4.52 
8139 5539 40 46 55 43 145 6 5.81 4.52 
8311 5539 40 46 55 43 145 0 5.81 4.52 
8483 5539 40 46 55 43 145 3 5.81 4.52 
8655 5539 40 46 55 43 145 0 5.81 4.54 
8827 5539 40 46 55 43 145 0 5.81 4.52 
8999 5539 40 46 55 43 145 16 5.81 4.52 
9171 5539 40 46 55 43 145 0 7.11 5.81 
9343 5635 38 46 54 43 143 0 7.11 5.81 
9515 5513 37 46 53 42 141 0 7.11 5.81 
9687 5479 37 45 52 41 140 0 7.11 5.81 
9859 5479 37 45 52 41 140 5 5.81 5.81 
10031 5354 36 45 51 40 137 0 7.11 5.81 
10203 5354 36 45 51 40 137 0 7.11 5.81 
10375 5096 34 45 49 38 132 0 5.81 5.81 
10547 4829 33 45 47 36 128 0 5.81 4.54 
10719 4772 34 45 48 36 129 7 5.81 4.54 
10891 4964 34 45 48 37 131 0 5.81 4.52 
11063 4964 34 45 48 37 131 0 5.81 4.52 
11235 4964 34 45 48 37 131 0 5.81 4.54 
11407 4964 34 45 48 37 131 0 5.81 4.54 
11579 4964 34 45 48 37 131 6 5.81 4.52 
11751 4964 34 45 48 37 131 0 5.81 4.52 
11923 4964 34 45 48 37 131 0 5.81 4.52 
12095 4964 34 45 48 37 131 0 5.81 4.54 
12267 4964 34 45 48 37 131 0 5.81 4.52 
12439 4964 34 45 48 37 131 1 5.81 4.52 
12611 4964 34 45 48 37 131 0 5.81 4.52 
12783 4964 34 45 48 37 131 0 5.81 4.54 
12955 4964 34 45 48 37 131 0 5.81 5.80 
13127 5149 37 45 51 39 135 0 7.11 16.12 
13300 6577 46 48 64 53 166 0 4.84 4.52 
13472 6507 49 51 68 56 175 0 4.86 5.81 
13644 6527 50 52 69 57 179 0 4.86 4.52 
13816 5717 43 52 61 49 162 0 4.86 4.52 
13988 3180 29 69 51 39 160 0 8.38 5.80 
14160 3132 29 68 50 38 157 0 23.02 4.52 
14333 3283 29 66 50 38 154 0 58.38 5.81 
14508 6236 47 52 66 54 171 0 5.81 4.52 
14680 6639 51 53 71 59 183 2 5.81 4.52 
14852 6639 51 53 71 59 184 0 5.81 4.54 
15024 6639 51 53 71 59 184 0 5.81 4.52 
15196 6517 53 53 72 59 185 2 4.84 4.52 
15368 6517 53 53 72 59 185 0 4.84 4.52 
15540 6535 53 54 73 60 187 0 4.86 4.54 
15712 5188 39 53 57 45 156 2 6.14 4.52 
15884 3299 32 71 54 41 165 0 5.81 4.52 
16056 3228 31 72 54 41 166 0 5.81 4.52 
16228 3273 32 73 55 42 170 0 5.81 4.52 
16400 3338 40 83 65 48 196 0 5.81 4.54 
16572 3440 48 98 78 58 237 0 6.78 4.54 
16744 3306 38 80 62 46 189 0 5.81 4.52 
16916 3229 33 74 56 42 171 0 5.81 4.52 
17088 3509 35 59 51 35 145 0 5.83 4.52 
17260 3522 34 54 48 32 136 0 5.81 4.52 
17432 3533 36 54 49 32 136 0 5.81 11.42 
17604 3284 47 70 62 38 171 0 4.54 1.65 
17776 3376 47 71 63 40 175 0 4.54 1.65 
17948 4127 57 90 84 62 237 0 4.54 1.65 
18120 4070 59 91 85 62 239 0 6.78 4.52 
18292 4116 59 90 85 62 238 0 6.78 4.52 
18464 4112 62 96 90 66 253 0 6.78 5.80 
18636 4035 71 111 103 75 290 0 5.81 4.52 
18808 3799 32 83 62 53 196 0 5.81 5.80 
18980 3788 26 80 57 51 188 0 5.81 4.52 
19152 3730 26 79 56 50 183 0 5.81 4.52 
19324 3831 27 67 51 43 160 0 5.81 4.52 
19496 8429 41 54 66 62 183 0 5.81 4.52 
19668 8962 43 59 72 69 199 0 6.78 4.52 
19840 4739 30 53 49 40 142 0 6.78 4.52 
20012 2971 32 78 56 42 175 0 5.81 4.54 
20184 2360 33 103 65 49 215 0 5.81 4.52 
20356 2780 30 76 53 39 167 0 4.54 4.52 
20528 2587 29 87 57 44 187 0 5.81 4.52 
20700 2394 33 104 66 50 217 0 4.54 4.52 
20872 2708 38 99 68 50 216 0 4.54 4.52 
21044 3496 34 59 50 35 144 1 4.54 4.52 
21216 3673 33 58 50 36 143 0 6.78 4.52 
21388 3673 33 58 50 36 143 0 5.81 4.52 
21560 3333 33 63 51 36 148 1 6.78 4.54 
21732 2436 39 113 73 54 238 0 7.11 4.54 
21904 6964 41 65 69 63 197 0 6.78 5.80 
22076 7575 38 62 66 62 190 2 6.78 4.52 
22248 3492 25 83 57 51 189 0 5.81 4.52 
22420 3907 29 52 45 34 131 0 5.81 4.52 
22592 3688 25 70 51 44 164 1 6.78 4.52 
22764 3576 24 82 56 51 187 0 7.11 5.80 
22936 3576 24 82 56 51 187 0 5.81 5.80 
23108 3550 26 84 58 52 193 0 5.81 5.81 
23280 3595 25 85 58 53 195 0 7.11 4.52 
23452 3595 25 85 58 53 196 0 5.81 4.52 
23624 3595 25 85 58 53 195 0 5.81 5.81 
23796 3595 25 85 58 53 195 0 5.81 4.54 
23968 3638 24 83 57 52 190 0 5.81 4.52 
24140 3472 24 83 56 51 189 0 5.81 4.52 
24312 3516 23 84 56 52 191 0 5.81 4.54 
24484 3351 20 96 60 59 212 0 5.81 5.81 
24656 3312 18 96 59 59 212 0 5.81 4.52 
24828 3368 22 101 64 62 225 0 5.81 4.54 
25000 3410 22 99 63 61 220 0 4.54 4.54 
25172 3491 23 78 53 48 178 0 5.81 4.52 
25344 3631 27 66 50 41 156 0 4.86 4.52 
25516 4575 27 65 52 46 162 0 5.81 4.52 
25688 12439 60 76 103 106 287 0 5.81 4.52 
25860 4044 85 92 103 64 210 0 5.81 4.52 
26032 3639 146 161 171 97 289 0 6.14 6.78 
26204 4231 60 86 84 61 232 0 4.84 5.81 
26376 4869 45 70 69 55 195 0 16.15 5.81 
26548 3924 66 89 88 59 238 0 6.78 4.52 
26720 3602 171 184 197 109 497 0 5.81 4.52 
26892 2476 39 106 70 50 225 0 5.81 5.81 
27064 7220 46 73 78 72 224 0 5.81 5.80 
27236 12957 62 78 107 111 298 0 7.11 5.81 
27408 12996 63 78 108 112 300 1 4.86 9.74 
27580 9983 48 75 86 86 247 0 6.78 4.52 
27752 3542 22 90 59 56 203 0 5.81 4.52 
27924 4163 111 165 158 115 442 2 5.81 5.81 
28096 2979 73 105 91 49 248 0 6.78 4.52 
28268 2779 47 99 73 48 220 0 5.51 4.52 
28440 2597 30 92 60 47 197 1 6.78 5.81 
28612 2682 26 77 51 40 168 0 6.78 5.81 
28784 2617 27 90 58 47 194 0 6.14 4.52 
28956 2598 32 98 64 50 211 0 6.14 4.52 
29128 2678 34 99 66 51 216 0 7.43 4.52 
29300 2632 35 99 66 50 213 0 7.11 4.54 
29472 2675 33 100 66 52 217 0 5.81 4.52 
29644 2479 26 87 55 44 185 0 5.81 9.74 
29816 3207 29 67 50 38 155 0 4.86 4.52 
29988 3299 32 71 54 41 165 0 4.86 4.52 
30160 3395 31 71 54 42 167 0 4.84 4.52 
30332 3395 31 71 54 42 166 0 5.81 4.52 
30504 3128 29 73 53 41 166 0 5.81 15.81 
30676 2448 26 91 57 46 192 0 4.54 15.79 
30848 2873 27 76 52 41 168 0 4.54 15.79 
31020 2823 26 75 51 40 166 0 6.78 4.52 
31192 2995 27 71 50 39 160 0 5.81 4.52 
31364 3046 26 67 48 37 151 0 5.81 3.25 
31536 3020 27 69 49 38 155 0 5.81 3.25 
31708 2944 26 70 49 38 156 0 5.81 4.54 
31880 3387 28 66 50 39 154 0 5.81 5.49 
32052 6049 60 66 83 67 217 0 4.84 5.49 
32224 7298 106 97 144 122 365 0 4.86 5.49 
32396 7386 108 97 146 124 370 0 4.86 34.88 
32569 7335 106 96 144 122 365 0 5.81 4.52 
32741 6563 79 80 108 89 279 0 5.81 4.52 
32913 6668 90 93 125 104 324 0 5.81 4.52 
33085 2114 24 103 60 50 210 0 5.81 4.52 
33257 2729 25 79 52 42 172 0 6.78 4.52 
33429 2466 25 88 55 45 185 0 5.81 4.52 
33601 1668 21 129 67 58 250 0 5.81 5.80 
33773 1652 21 130 67 58 252 1 5.81 5.81 
33945 1684 22 132 69 59 256 0 5.81 4.52 
34117 1704 23 131 69 59 255 0 4.54 5.80 
34289 2659 30 97 63 51 208 2 4.86 5.49 
34461 6683 112 115 155 129 402 0 4.86 5.49 
34633 6879 122 122 168 141 435 0 13.82 5.49 
34805 6648 102 110 143 120 374 1 14.16 5.49 
34977 6229 81 92 114 94 301 0 14.48 5.49 
35149 6202 80 90 112 92 297 0 4.86 5.49 
35321 6790 116 118 160 134 415 0 5.81 5.49 
35493 6657 107 110 148 123 384 0 5.81 16.75 
35665 6745 109 110 150 125 387 0 5.81 4.54 
35837 6522 97 102 134 111 347 0 5.81 4.52 
36009 6581 98 103 136 113 352 0 4.86 5.49 
36181 6748 106 108 146 122 377 0 4.84 5.49 
36353 6862 113 114 156 131 404 0 4.84 5.49 
36525 6327 89 97 124 102 325 0 4.86 16.42 
36697 6862 123 125 170 143 441 0 6.46 14.47 
36869 6904 122 120 167 140 431 0 4.86 5.49 
37041 6918 123 122 169 142 437 0 4.86 5.49 
37213 6939 124 125 172 145 446 0 4.86 5.49 
37385 6855 132 135 183 154 473 0 5.81 15.79 
37557 6855 132 135 183 154 474 0 4.86 5.49 
37729 6877 128 130 177 149 459 0 4.86 5.49 
37901 6542 106 112 147 122 383 0 4.86 5.49 
38073 5809 105 121 146 117 386 0 4.86 5.49 
38245 5077 97 123 135 104 364 0 4.86 5.49 
38417 5502 81 97 113 89 301 0 4.86 5.49 
38589 5518 82 98 114 90 304 0 4.86 5.49 
38761 5518 82 98 114 90 304 0 4.86 5.49 
38933 5518 82 98 114 90 304 0 4.86 5.49 
39105 5518 82 98 114 90 304 1 4.86 5.49 
39277 5518 82 98 114 90 304 0 5.81 5.49 
39449 6477 109 116 151 125 394 0 6.78 4.54 
39621 6886 122 123 169 142 437 1 15.83 5.81 
39793 5842 67 79 94 76 250 0 11.10 4.52 
39965 2973 30 88 60 49 195 0 6.14 5.49 
40137 3338 36 101 72 60 231 1 5.81 4.52 
40309 6922 121 125 169 143 441 0 4.86 5.49 
40481 4279 75 120 112 85 318 0 4.86 5.49 
40653 1943 48 135 80 47 261 0 5.81 5.80 
40825 1871 48 146 84 50 277 0 4.86 5.49 
40997 6455 101 111 142 118 373 0 4.84 5.49 
41169 5998 83 109 123 103 336 0 4.86 5.49 
41341 1804 16 148 69 60 272 0 5.81 4.52 
41513 1759 18 155 73 64 288 0 4.86 5.49 
41685 1730 32 146 78 59 280 0 5.81 5.49 
41857 2503 165 237 189 77 511 0 5.81 5.81 
42029 2768 141 201 169 82 461 0 5.81 4.54 
42201 4034 186 265 256 180 711 0 5.81 5.49 
42373 4033 191 274 264 186 734 0 5.81 4.54 
42545 4017 192 275 265 186 735 0 15.50 4.52 
42717 3952 134 208 192 138 544 0 10.44 4.54 
42889 2796 21 96 59 55 208 0 12.46 4.52 
43061 1677 16 144 75 76 290 0 5.81 4.52 
43233 1642 13 165 83 87 329 0 16.13 4.52 
43405 1642 13 167 84 88 334 0 32.10 4.52 
43578 1623 14 160 81 84 320 0 17.71 4.54 
43750 4076 34 100 73 66 240 0 15.81 4.52 
43922 6308 77 100 115 98 317 0 16.15 4.52 
44094 6482 81 104 121 104 332 0 16.13 4.52 
44266 6482 81 104 121 104 332 0 5.81 4.52 
44438 6524 86 109 128 110 350 0 24.46 4.52 
44611 7333 119 145 180 160 490 0 9.76 4.22 
44783 2326 41 143 88 70 298 0 10.10 2.92 
44955 1663 24 157 74 56 281 0 10.10 4.20 
45127 1641 25 157 75 57 284 0 9.74 5.49 
45299 1631 27 160 77 58 290 0 8.76 10.76 
45471 1621 25 143 70 53 261 0 8.38 5.81 
45643 3285 64 102 88 56 248 0 8.40 5.81 
45815 3330 66 101 89 56 248 0 8.38 5.81 
45987 3330 66 101 89 56 248 0 9.76 4.52 
46159 3069 57 102 82 53 239 0 13.80 4.52 
46331 1705 22 149 69 52 265 0 31.33 4.52 
46504 3300 52 141 101 83 323 0 10.42 4.52 
46676 7082 112 138 168 148 457 0 15.83 5.81 
46848 6790 101 124 150 130 405 0 6.46 16.42 
47021 6587 95 118 141 121 381 0 9.08 9.74 
47193 6223 65 84 97 82 266 0 5.81 4.54 
47365 2952 24 120 73 71 263 0 5.81 5.49 
47537 3281 52 160 110 95 364 0 5.81 4.52 
47709 3970 100 142 137 95 378 0 5.81 4.52 
47881 2859 74 103 89 44 241 0 5.81 4.52 
48053 2842 77 105 91 44 246 0 5.81 4.52 
48225 2867 76 105 91 45 247 0 5.81 4.52 
48397 2843 76 106 91 45 247 0 5.81 4.52 
48569 2843 76 106 91 45 247 0 5.81 4.52 
48741 2843 76 106 91 45 247 0 5.81 4.52 
48913 2843 76 106 91 45 247 0 5.81 4.52 
49085 2843 76 106 91 45 247 2 5.81 4.54 
49257 2843 76 106 91 45 247 0 5.81 4.52 
49429 2867 76 105 91 45 247 0 5.81 4.52 
49601 2842 77 105 91 44 247 0 5.81 4.52 
49773 2842 77 105 91 44 246 0 5.81 4.52 
49945 2842 77 105 91 44 247 0 5.81 4.54 
50117 2842 77 105 91 44 247 0 5.81 4.52 
50289 2842 77 105 91 44 246 0 5.81 4.52 
50461 2842 77 105 91 44 246 0 5.81 4.54 
50633 2842 77 105 91 44 246 0 5.81 4.52 
50805 2842 77 105 91 44 246 0 5.81 4.54 
50977 2842 77 105 91 44 246 0 5.81 4.52 
51149 2842 77 105 91 44 246 0 5.81 4.52 
51321 2842 77 105 91 44 246 0 5.81 4.52 
51493 2842 77 105 91 44 246 0 5.81 4.54 
51665 2842 77 105 91 44 247 0 5.81 4.52 
51837 2842 77 105 91 44 247 0 5.81 4.52 
52009 2842 77 105 91 44 247 0 5.81 4.52 
52181 2842 77 105 91 44 246 0 5.81 4.52 
52353 2842 77 105 91 44 246 0 5.81 4.52 
52525 2842 77 105 91 44 247 0 5.81 4.52 
52697 2842 77 105 91 44 247 0 5.81 4.54 
52869 2867 76 105 91 45 247 0 5.81 4.52 
53041 2867 76 105 91 45 247 0 5.81 4.52 
53213 2867 76 105 91 45 247 0 5.81 4.54 
53385 2867 76 105 91 45 247 1 5.81 4.54 
53557 2867 76 105 91 45 247 0 5.81 4.52 
53729 2867 76 105 91 45 247 0 5.81 4.52 
53901 2843 76 106 91 45 247 2 5.81 4.52 
54073 2843 76 106 91 45 247 0 5.81 4.52 
54245 2843 76 106 91 45 247 0 5.81 4.52 
54417 2843 76 106 91 45 247 2 5.81 4.52 
54589 2843 76 106 91 45 247 0 5.81 4.52 
54761 2843 76 106 91 45 247 0 5.81 4.52 
54933 2843 76 106 91 45 247 1 5.81 4.52 
55105 2843 76 106 91 45 247 0 5.81 4.52 
55277 2867 76 105 91 45 247 0 5.81 4.52 
55449 2867 76 105 91 45 247 0 5.81 4.52 
55621 2867 76 105 91 45 247 0 5.81 4.52 
55793 2867 76 105 91 45 247 0 5.81 4.54 
55965 2867 76 105 91 45 247 0 5.81 4.52 
56137 2843 76 106 91 45 247 0 5.81 4.52 
56309 2843 76 106 91 45 247 0 5.81 4.52 
56481 2843 76 106 91 45 247 0 5.81 4.52 
56653 2843 76 106 91 45 247 0 5.81 4.54 
56825 2843 76 106 91 45 247 0 5.81 4.52 
56997 2843 76 106 91 45 247 0 5.81 4.52 
57169 2843 76 106 91 45 247 0 5.81 4.52 
5