=~=~=~=~=~=~=~=~=~=~=~= PuTTY log 2025.11.26 16:32:58 =~=~=~=~=~=~=~=~=~=~=~=
ets Jul 29 2019 12:21:46

rst:0x1 (POWERON_RESET),boot:0x13 (SPI_FAST_FLASH_BOOT)
configsip: 0, SPIWP:0xee
clk_drv:0x00,q_drv:0x00,d_drv:0x00,cs0_drv:0x00,hd_drv:0x00,wp_drv:0x00
mode:DIO, clock div:1
load:0x3fff0030,len:4980
load:0x40078000,len:16612
load:0x40080400,len:3480
entry 0x400805b4
Found sensor
Milis - ColorTemp - Lux - R - G - B - C - Pot - UsensA - UsensB

399 7908 72 62 98 85 243 0 53.07 55.79 
577 8056 70 62 97 85 243 0 53.09 55.79 
755 8056 70 62 97 85 243 0 53.09 56.19 
933 8056 70 62 97 85 243 0 53.07 55.78 
1111 8056 70 62 97 85 243 0 53.07 55.79 
1289 8056 70 62 97 85 243 0 53.57 56.19 
1467 8056 70 62 97 85 243 0 53.57 56.63 
1645 8056 70 62 97 85 243 0 53.58 56.58 
1823 8056 70 62 97 85 243 0 53.07 55.76 
2001 7908 72 62 98 85 243 3 53.06 55.78 
2179 8056 70 62 97 85 243 5 53.07 55.76 
2357 7908 72 62 98 85 243 0 53.57 56.20 
2535 7908 72 62 98 85 243 6 53.58 56.61 
2713 7908 72 62 98 85 243 0 53.57 56.19 
2891 7908 72 62 98 85 243 0 53.07 56.20 
3069 7908 72 62 98 85 243 4 53.55 56.61 
3247 7908 72 62 98 85 243 0 53.57 56.61 
3425 7908 72 62 98 85 243 0 53.57 56.19 
3603 7908 72 62 98 85 243 1 53.57 56.59 
3781 7908 72 62 98 85 243 0 53.55 56.19 
3959 7908 72 62 98 85 243 3 53.55 56.61 
4137 7908 72 62 98 85 243 0 53.55 56.20 
4315 7908 72 62 98 85 243 0 53.55 56.20 
4493 7908 72 62 98 85 243 0 53.57 56.59 
4671 7908 72 62 98 85 243 0 53.06 55.76 
4849 7908 72 62 98 85 243 0 53.06 55.79 
5027 7908 72 62 98 85 243 0 53.06 55.79 
5205 7908 72 62 98 85 243 0 53.58 56.19 
5383 7908 72 62 98 85 243 0 53.07 56.20 
5561 7908 72 62 98 85 243 0 53.57 56.20 
5739 7908 72 62 98 85 243 6 53.07 55.76 
5917 7908 72 62 98 85 243 2 53.57 56.20 
6095 7908 72 62 98 85 243 0 53.57 56.20 
6273 7908 72 62 98 85 243 0 53.55 56.19 
6451 7908 72 62 98 85 243 5 53.57 56.20 
6629 7908 72 62 98 85 243 0 53.06 56.19 
6807 7908 72 62 98 85 243 0 53.57 56.20 
6985 7908 72 62 98 85 243 5 53.58 56.59 
7163 7908 72 62 98 85 243 0 53.58 56.63 
7341 7908 72 62 98 85 243 0 53.57 56.61 
7519 7908 72 62 98 85 243 17 53.57 56.61 
7697 7908 72 62 98 85 243 0 53.57 56.20 
7875 7908 72 62 98 85 243 0 53.58 56.61 
8053 7908 72 62 98 85 243 0 53.57 56.20 
8231 7908 72 62 98 85 243 0 53.57 56.63 
8409 7908 72 62 98 85 243 0 53.57 56.20 
8587 7908 72 62 98 85 243 0 53.57 56.20 
8765 7908 72 62 98 85 243 0 53.58 56.61 
8943 7844 71 62 97 84 241 0 53.55 56.22 
9121 7844 71 62 97 84 241 0 53.58 56.22 
9299 7844 71 62 97 84 242 9 53.57 56.61 
9477 7844 71 62 97 84 242 0 53.57 56.63 
9655 7844 71 62 97 84 243 0 53.57 56.59 
9833 7844 71 62 97 84 243 0 53.58 56.61 
10011 7844 71 62 97 84 243 0 9.08 55.76 
10186 7844 71 62 97 84 243 0 9.08 55.78 
10361 7844 71 62 97 84 243 0 53.57 56.61 
10539 7844 71 62 97 84 242 5 53.57 56.20 
10717 8056 70 62 97 85 243 3 53.58 56.61 
10895 8056 70 62 97 85 243 0 53.57 56.19 
11073 7844 71 62 97 84 243 0 4.86 56.20 
11248 8056 70 62 97 85 243 0 53.57 56.20 
11426 8056 70 62 97 85 243 0 53.57 56.59 
11604 8056 70 62 97 85 243 0 53.57 55.76 
11782 8056 70 62 97 85 243 0 53.58 56.64 
11960 8056 70 62 97 85 243 0 53.57 56.17 
12138 8056 70 62 97 85 243 0 53.58 61.90 
12316 7908 72 62 98 85 243 0 53.06 55.76 
12494 7971 73 62 99 86 245 0 53.40 55.78 
12672 7971 73 62 99 86 246 0 54.25 57.73 
12850 7908 72 62 98 85 244 3 65.79 57.85 
13028 3777 24 55 43 35 210 0 67.03 55.76 
13206 4072 15 25 23 17 63 0 68.54 50.42 
13384 3660 17 26 24 16 65 8 67.32 65.96 
13563 3780 26 33 33 21 87 0 66.61 56.87 
13741 3751 25 38 35 24 95 0 67.17 62.34 
13920 3634 31 49 44 30 123 0 67.03 63.68 
14099 3757 32 49 45 31 124 10 66.62 64.11 
14278 3680 32 50 45 31 125 0 66.62 64.11 
14457 3680 32 50 45 31 125 0 67.03 63.72 
14636 3680 32 50 45 31 125 1 4.86 28.71 
14809 3680 32 50 45 31 125 0 4.86 28.71 
14982 3680 32 50 45 31 125 0 4.86 28.71 
15155 3680 32 50 45 31 125 0 4.86 28.71 
15328 3680 32 50 45 31 125 0 4.86 27.01 
15501 3680 32 50 45 31 125 7 4.86 28.71 
15674 3680 32 50 45 31 125 0 67.42 63.72 
15853 3680 32 50 45 31 125 0 67.42 64.67 
16032 3680 32 50 45 31 125 0 67.56 61.88 
16211 3680 32 50 45 31 125 0 67.01 63.73 
16390 3680 32 50 45 31 125 0 67.56 57.17 
16568 3680 32 50 45 31 125 5 67.56 64.55 
16747 3680 32 50 45 31 125 0 67.00 63.73 
16926 3680 32 50 45 31 125 0 67.01 63.70 
17105 3680 32 50 45 31 125 0 67.01 63.27 
17284 3680 32 50 45 31 125 3 67.03 63.72 
17463 3680 32 50 45 31 125 0 67.44 64.51 
17642 3680 32 50 45 31 125 0 67.42 64.24 
17821 3680 32 50 45 31 125 0 67.01 63.29 
18000 3680 32 50 45 31 125 0 67.56 62.31 
18179 3680 32 50 45 31 125 2 67.56 56.75 
18357 3680 32 50 45 31 125 0 67.56 55.91 
18535 3680 32 50 45 31 125 4 67.56 56.34 
18713 3680 32 50 45 31 125 0 67.44 64.12 
18892 3680 32 50 45 31 125 0 67.56 56.34 
19070 3680 32 50 45 31 125 0 67.01 63.70 
19249 3680 32 50 45 31 125 0 67.03 63.72 
19428 3680 32 50 45 31 125 0 67.46 64.67 
19607 3680 32 50 45 31 125 0 67.44 64.14 
19786 3680 32 50 45 31 125 2 67.57 64.55 
19965 3680 32 50 45 31 125 0 67.17 62.73 
20144 3680 32 50 45 31 125 0 67.15 64.11 
20323 3757 32 49 45 31 124 0 67.59 62.32 
20502 3757 32 49 45 31 124 3 67.59 62.31 
20681 3757 32 49 45 31 124 0 67.17 65.50 
20860 3757 32 49 45 31 124 0 67.15 64.11 
21039 3757 32 49 45 31 124 5 67.57 64.96 
21218 3757 32 49 45 31 124 3 67.56 64.53 
21397 3757 32 49 45 31 124 0 67.03 64.65 
21576 3680 32 50 45 31 125 0 67.03 64.12 
21755 3680 32 50 45 31 125 0 67.57 62.31 
21934 3680 32 50 45 31 125 0 67.85 57.17 
22113 3757 32 49 45 31 124 0 80.43 53.47 
22292 3875 30 46 43 30 118 0 67.57 50.95 
22470 3680 32 50 45 31 125 0 67.71 49.42 
22648 3316 32 60 49 34 142 0 67.69 49.10 
22826 3427 33 60 50 35 143 0 67.71 49.10 
23004 3427 33 60 50 35 143 0 67.69 49.10 
23182 3336 34 60 50 34 143 0 67.86 49.11 
23360 3336 34 60 50 34 143 0 67.57 49.25 
23538 3358 33 61 50 35 145 0 67.30 49.27 
23716 3352 35 63 52 36 149 0 64.51 49.44 
23894 3400 34 62 51 36 148 0 64.11 18.33 
24070 3333 33 63 51 36 149 0 59.23 55.90 
24248 3182 36 71 56 39 163 0 56.71 50.29 
24425 3281 35 69 55 39 161 0 56.00 50.27 
24602 2994 39 82 62 43 185 2 55.44 16.12 
24777 2965 38 82 61 43 183 0 55.86 15.79 
24952 2943 39 83 62 43 185 4 55.86 15.79 
25127 2890 40 83 62 42 185 0 55.86 15.79 
25302 2890 40 83 62 42 185 2 16.78 15.79 
25475 2890 40 83 62 42 185 0 55.86 15.79 
25650 2890 40 83 62 42 185 4 55.86 15.79 
25825 2890 40 83 62 42 186 0 55.86 15.79 
26000 2890 40 83 62 42 186 2 55.88 15.79 
26175 2890 40 83 62 42 186 0 55.86 15.79 
26350 2890 40 83 62 42 186 3 55.10 49.42 
26527 2893 39 84 62 43 187 0 54.08 50.61 
26704 2891 38 79 59 40 176 0 52.89 49.08 
26881 3085 35 71 55 38 162 0 49.69 22.41 
27056 2970 35 73 55 38 164 0 47.06 16.12 
27231 2678 37 85 60 41 184 0 41.84 14.47 
27405 2493 35 89 60 41 187 0 10.44 42.62 
27579 2259 38 105 67 45 214 0 7.43 44.61 
27753 2613 50 118 82 56 254 0 7.43 46.39 
27927 2757 52 119 85 59 262 0 7.75 44.79 
28101 2689 52 120 85 58 262 5 41.38 43.01 
28277 2234 40 114 72 49 233 0 15.83 42.81 
28452 2152 39 113 70 47 227 4 38.90 42.62 
28628 2152 39 113 70 47 227 0 38.20 38.37 
28804 4131 66 103 96 71 269 0 38.64 6.77 
28978 6402 65 69 90 74 233 0 37.74 8.06 
29152 6346 68 71 93 76 241 4 33.15 10.08 
29326 4910 49 68 71 55 194 0 33.64 9.40 
29500 3001 38 83 62 44 188 3 33.64 35.62 
29675 2845 37 86 62 44 190 0 32.62 36.29 
29850 2845 37 86 62 44 190 4 32.62 55.90 
30026 2698 37 88 62 43 190 0 65.35 8.36 
30201 4247 43 65 62 46 173 5 63.10 8.38 
30376 6700 90 91 124 103 318 0 37.28 6.77 
30550 7171 114 107 155 131 394 4 35.68 10.08 
30724 7260 116 108 158 134 401 0 57.82 9.40 
30899 7219 115 108 157 133 399 2 57.53 16.12 
31074 7260 116 108 158 134 400 0 57.53 11.08 
31249 7260 116 108 158 134 400 1 57.53 16.12 
31424 7260 116 108 158 134 400 0 57.54 14.13 
31599 7260 116 108 158 134 400 2 57.54 14.47 
31774 7260 116 108 158 134 401 0 57.54 16.12 
31949 7260 116 108 158 134 401 4 57.53 11.10 
32124 7260 116 108 158 134 401 0 57.56 11.10 
32299 7260 116 108 158 134 401 2 57.14 9.40 
32474 7260 116 108 158 134 401 0 57.26 8.04 
32649 7260 116 108 158 134 401 1 57.53 8.06 
32824 7260 116 108 158 134 401 0 57.39 15.79 
32999 7260 116 108 158 134 401 4 15.83 16.44 
33172 7260 116 108 158 134 399 0 15.50 15.79 
33345 7036 106 102 145 122 369 0 15.83 15.79 
33518 6472 75 81 105 87 274 5 16.46 15.79 
33691 6534 76 81 106 88 277 0 16.46 16.10 
33864 6534 76 81 106 88 277 0 13.48 59.67 
34039 6621 78 83 109 91 284 0 12.46 55.90 
34214 6567 72 77 101 84 265 0 58.94 14.47 
34389 6338 72 76 99 81 258 0 59.33 15.15 
34565 7145 109 105 150 127 382 0 59.35 14.79 
34741 7087 107 103 147 124 374 0 59.21 15.15 
34917 7145 109 105 150 127 382 6 57.41 12.78 
35092 7188 110 105 151 128 383 0 21.52 9.40 
35265 7260 116 108 158 134 400 0 15.83 6.77 
35437 7206 107 103 147 125 374 0 13.48 49.27 
35612 2378 28 108 66 55 226 0 13.14 6.77 
35784 2460 51 122 83 54 257 4 14.82 11.76 
35957 2571 142 204 165 71 443 0 47.06 47.96 
36134 2580 143 204 166 71 444 5 15.83 14.79 
36307 2580 143 204 166 71 444 0 47.46 16.12 
36482 2580 143 204 166 71 444 2 45.87 15.81 
36657 2580 143 204 166 71 444 0 45.27 9.40 
36831 2575 140 201 163 70 436 0 32.62 6.77 
37004 3618 117 168 156 102 426 0 47.84 9.40 
37179 4125 148 212 206 147 566 6 48.43 39.25 
37355 4115 148 211 205 146 563 0 16.46 11.42 
37528 4096 147 212 205 146 565 0 40.24 10.76 
37702 4106 148 213 206 147 567 0 10.10 8.72 
37874 4106 148 213 206 147 568 0 39.80 7.74 
38048 4106 148 213 206 147 567 0 39.78 6.77 
38222 4106 148 213 206 147 567 0 39.78 6.77 
38396 4106 148 213 206 147 567 0 40.22 7.74 
38570 4106 148 213 206 147 567 0 39.80 6.77 
38744 4106 148 213 206 147 567 0 39.78 6.77 
38918 4106 148 213 206 147 567 1 39.34 6.77 
39092 4106 148 213 206 147 567 0 39.78 7.74 
39266 4106 148 213 206 147 567 6 39.78 8.06 
39440 4106 148 213 206 147 567 0 39.78 5.81 
39614 4106 148 213 206 147 567 0 39.34 8.04 
39788 4106 148 213 206 147 567 0 39.34 8.06 
39962 4106 148 213 206 147 567 0 39.32 8.04 
40136 4106 148 213 206 147 567 0 39.78 8.06 
40310 4106 148 213 206 147 567 0 39.34 8.06 
40484 4106 148 213 206 147 567 2 39.56 5.49 
40658 4106 148 213 206 147 567 0 39.34 38.11 
40834 4080 145 210 202 144 558 2 29.27 5.49 
41007 4001 80 130 118 87 334 0 29.53 36.07 
41182 3147 19 110 66 67 239 4 29.02 8.38 
41355 2941 16 120 69 73 258 0 24.21 33.34 
41530 2941 16 120 69 73 257 0 19.62 4.20 
41703 4960 31 81 64 59 202 0 16.15 4.52 
41875 10742 83 101 136 135 371 0 8.06 17.37 
42048 7126 57 88 95 87 267 2 16.13 15.79 
42221 2753 43 108 75 55 235 0 9.76 9.74 
42393 1713 28 130 69 52 246 0 29.02 9.74 
42566 1683 27 130 68 52 245 4 25.60 18.65 
42740 2790 36 82 59 41 180 0 21.20 18.02 
42913 3587 139 162 166 96 428 0 21.84 17.70 
43086 3576 178 199 208 117 528 0 21.84 17.70 
43259 3566 175 198 206 116 523 0 21.84 5.49 
43432 3566 175 198 206 116 523 6 16.76 6.77 
43605 3582 172 195 203 115 517 0 15.83 8.36 
43778 3507 92 119 115 69 305 0 9.76 11.08 
43950 2404 31 88 57 41 183 1 9.74 9.40 
44122 1760 28 124 67 51 238 0 9.76 15.79 
44295 1781 28 125 68 52 242 0 16.15 9.40 
44468 1785 27 125 68 53 242 0 10.10 9.40 
44640 1781 28 125 68 52 242 0 10.42 9.42 
44812 1785 27 125 68 53 242 0 9.76 9.40 
44984 1785 27 125 68 53 242 0 9.76 9.40 
45156 1785 27 125 68 53 242 0 15.16 8.06 
45329 1781 28 125 68 52 241 0 15.83 16.13 
45502 1685 26 126 66 50 236 0 18.05 16.42 
45675 1804 31 133 73 55 257 0 19.62 18.00 
45848 2071 31 110 65 49 219 6 29.78 15.47 
46022 1842 28 117 65 49 227 0 29.27 15.79 
46196 7114 48 71 78 71 219 0 18.67 18.65 
46369 12420 68 83 115 118 315 0 17.08 30.77 
46543 12877 67 83 115 119 317 0 17.41 35.39 
46717 12840 67 84 116 120 318 0 16.76 17.07 
46890 12840 67 84 116 120 318 0 16.78 17.05 
47063 12840 67 84 116 120 318 0 16.78 19.28 
47236 12840 67 84 116 120 318 0 16.46 18.02 
47409 12840 67 84 116 120 318 0 16.46 18.02 
47582 12840 67 84 116 120 319 4 16.46 18.00 
47755 12840 67 84 116 120 319 0 16.46 18.02 
47928 12840 67 84 116 120 319 0 16.46 18.00 
48101 12840 67 84 116 120 319 0 16.46 18.00 
48274 12840 67 84 116 120 319 0 16.46 18.02 
48447 12840 67 84 116 120 319 4 16.46 18.02 
48620 12840 67 84 116 120 319 0 16.46 18.02 
48793 12840 67 84 116 120 319 0 16.46 18.02 
48966 12840 67 84 116 120 319 1 16.46 18.02 
49139 12840 67 84 116 120 319 0 16.46 18.02 
49312 12840 67 84 116 120 319 0 16.46 18.02 
49485 12840 67 84 116 120 319 0 16.46 18.02 
49658 12840 67 84 116 120 319 0 16.46 18.02 
49831 12840 67 84 116 120 320 6 16.46 18.02 
50004 12840 67 84 116 120 320 0 17.08 15.79 
50177 12840 67 84 116 120 319 0 22.73 14.13 
50350 12420 68 83 115 118 315 0 28.75 14.13 
50524 12878 68 84 117 121 321 0 25.31 14.13 
50697 12878 68 84 117 121 321 6 15.83 14.47 
50870 12389 68 84 116 119 318 0 14.14 15.79 
51043 8529 54 71 87 82 239 0 13.48 16.10 
51216 6885 55 73 85 75 232 0 18.99 14.45 
51389 6143 49 69 76 65 208 0 19.31 18.95 
51562 2584 29 81 54 40 172 1 30.31 24.97 
51736 2191 26 89 54 41 182 0 16.13 23.83 
51910 1848 32 133 74 56 258 0 16.13 24.70 
52084 1620 21 119 59 45 217 0 16.15 24.70 
52258 1620 20 118 58 45 216 0 16.13 16.44 
52431 1656 25 128 66 51 240 4 16.15 16.12 
52604 1750 29 130 70 53 248 0 10.76 8.06 
52776 1827 32 132 73 55 255 0 15.83 9.74 
52949 1675 24 119 62 48 224 0 11.10 16.44 
53122 1638 22 116 59 45 215 0 16.46 8.06 
53295 1639 22 114 58 44 212 0 16.46 8.06 
53468 1623 20 114 57 44 210 0 16.46 8.06 
53641 1623 20 114 57 44 210 0 16.46 8.06 
53814 1741 27 125 67 52 238 5 16.78 16.75 
53987 1870 31 125 70 53 243 0 15.83 6.77 
54159 1890 31 128 72 55 249 0 18.99 4.20 
54332 2533 41 115 76 56 244 0 15.83 5.49 
54504 3651 147 165 174 100 443 0 14.48 9.74 
54677 3638 115 134 138 81 356 0 13.14 9.40 
54849 3619 116 135 139 81 358 0 15.83 9.40 
55022 3619 116 135 139 81 359 0 15.83 9.40 
55195 3651 115 135 139 82 359 3 15.83 5.49 
55367 3619 116 135 139 81 359 0 15.83 5.49 
55539 3619 116 135 139 81 359 0 11.78 5.49 
55711 3619 116 135 139 81 359 3 16.15 5.49 
55883 3619 116 135 139 81 359 0 13.14 5.49 
56055 3619 116 135 139 81 358 0 13.14 11.08 
56228 3619 116 135 139 81 358 3 13.14 11.08 
56401 3619 116 135 139 81 358 0 13.14 11.08 
56574 3619 116 135 139 81 358 0 13.14 11.08 
56747 3619 116 135 139 81 358 2 13.14 11.10 
56920 3619 116 135 139 81 358 0 13.14 11.10 
57093 3619 116 135 139 81 358 0 13.14 11.08 
57266 3619 116 135 139 81 358 0 13.14 9.74 
57439 3619 116 135 139 81 358 0 12.80 9.40 
57611 3626 114 133 137 80 352 6 10.10 27.57 
57784 3704 110 126 132 78 339 0 4.54 15.79 
57956 3605 176 192 204 114 513 0 4.86 18.33 
58129 3741 89 113 113 71 296 6 11.44 19.28 
58302 5108 44 71 69 57 196 0 11.44 20.21 
58475 4979 45 72 70 57 198 0 6.78 18.97 
58648 5080 46 72 71 58 200 0 9.76 20.23 
58821 5080 46 72 71 58 200 0 9.76 16.12 
58994 5080 46 72 71 58 200 4 16.15 16.12 
59167 5080 46 72 71 58 200 0 16.13 16.12 
59340 5080 46 72 71 58 200 0 16.15 13.11 
59513 5080 46 72 71 58 200 1 16.15 16.12 
59686 5010 45 73 71 58 201 0 16.15 15.81 
59859 4958 47 73 72 58 201 0 16.15 15.79 
60032 4958 47 73 72 58 201 0 13.14 6.77 
60204 4958 47 73 72 58 201 0 5.81 17.37 
60377 4589 53 78 77 59 213 3 14.48 16.12 
60550 3597 109 134 134 80 347 0 15.83 9.40 
60723 3609 165 183 193 109 488 0 16.46 15.79 
60896 3627 144 160 169 96 427 0 15.83 14.81 
61069 3645 181 194 209 117 524 0 16.46 11.08 
61242 3658 181 193 209 117 523 0 16.78 14.45 
61415 3700 181 193 210 119 524 0 16.15 13.11 
61588 3700 181 193 210 119 524 0 19.31 11.08 
61761 3679 182 193 210 118 524 6 15.83 14.13 
61934 3658 181 193 209 117 522 0 3.45 15.81 
62106 3609 176 187 202 111 504 0 17.41 21.49 
62279 3209 73 116 99 62 278 0 29.27 18.65 
62453 2430 29 89 57 43 186 0 0.00 15.79 
62625 2297 30 98 61 46 200 0 0.00 28.71 
63796 11827 66 84 113 115 310 0 0.00 42.62 
64967 4168 113 163 158 114 435 0 44.49 42.19 
65143 4138 114 164 159 114 438 2 0.83 40.17 
65317 4189 116 168 163 118 449 0 38.88 39.49 
65493 4197 123 176 172 124 473 0 0.00 37.21 
66664 3913 44 92 75 60 226 0 12.78 37.23 
66838 4390 31 64 54 45 162 0 12.80 37.23 
67012 4529 32 64 55 46 164 0 12.80 37.21 
67186 4529 32 64 55 46 164 0 45.25 15.79 
67361 4436 32 65 55 46 166 5 39.80 9.40 
67535 3776 45 110 84 70 262 0 40.92 11.42 
67709 3523 24 106 68 66 237 2 40.92 9.74 
67883 3783 27 113 74 72 254 0 40.90 11.42 
68057 3783 27 113 74 72 254 0 40.90 9.74 
68231 3783 27 113 74 72 254 0 0.00 8.06 
69400 5481 33 55 54 46 154 0 34.94 6.77 
69574 5481 33 55 54 46 154 0 33.13 31.53 
69749 5685 34 53 54 46 152 0 34.17 6.77 
69923 9494 44 60 74 72 204 0 33.64 7.09 
70097 9494 44 60 74 72 204 0 42.69 29.48 
70272 10047 45 61 76 75 210 0 42.67 28.14 
70447 10888 50 64 84 84 230 0 42.67 6.78 
70621 10206 47 62 79 78 217 0 42.69 9.74 
70795 9750 48 62 79 77 216 3 43.08 13.11 
70969 9750 48 62 79 77 216 0 35.68 15.49 
71143 9750 48 62 79 77 216 2 36.14 16.12 
71317 9750 48 62 79 77 216 0 42.67 16.12 
71492 9750 48 62 79 77 216 0 43.08 15.79 
71667 9750 48 62 79 77 216 0 42.67 15.81 
71842 9750 48 62 79 77 216 0 43.08 28.14 
72017 9750 48 62 79 77 216 0 42.67 28.15 
72192 9750 48 62 79 77 216 0 43.08 28.15 
72367 9750 48 62 79 77 216 0 43.69 28.70 
72542 9750 48 62 79 77 217 0 30.57 19.60 
72716 10273 48 63 81 80 222 0 31.08 18.97 
72890 11503 49 63 84 85 232 0 31.08 9.40 
73064 11472 50 64 85 86 235 0 29.53 16.75 
73238 11472 50 64 85 86 234 0 16.78 15.49 
73411 11404 49 64 84 85 233 4 16.13 14.45 
73584 8445 42 57 69 65 190 0 15.83 16.12 
73757 8225 41 57 67 63 186 0 16.78 25.26 
73931 7340 40 54 63 57 173 0 10.10 23.83 
74104 9516 43 57 71 69 197 0 10.10 24.14 
74277 10061 44 60 75 74 208 0 16.15 24.12 
74451 9680 46 60 76 74 209 0 21.20 22.69 
74625 9680 46 60 76 74 208 0 20.57 6.78 
74798 9680 46 60 76 74 208 0 20.57 20.55 
74972 7707 39 55 64 59 176 0 20.57 6.78 
75145 6279 34 50 54 47 151 4 20.89 11.76 
75318 6279 34 50 54 47 151 0 19.30 9.74 
75491 6279 34 50 54 47 150 0 18.99 9.74 
75664 11273 28 50 55 57 153 0 18.99 20.21 
75837 7340 40 54 63 57 173 0 18.99 20.23 
76010 7340 40 54 63 57 173 0 18.99 20.21 
76183 7340 40 54 63 57 173 0 18.99 20.23 
76356 7340 40 54 63 57 173 0 18.99 20.23 
76529 7340 40 54 63 57 173 5 18.99 20.23 
76702 7340 40 54 63 57 173 0 18.99 20.21 
76875 7340 40 54 63 57 173 0 18.36 18.00 
77048 7693 39 54 63 58 175 0 17.41 5.81 
77221 6869 41 58 65 58 179 0 17.41 5.81 
77394 6540 41 56 63 55 173 0 17.41 5.49 
77566 6728 39 57 63 56 174 0 17.41 16.75 
77739 6728 39 57 63 56 174 0 17.41 16.75 
77912 6728 39 57 63 56 174 2 17.41 16.75 
78085 6728 39 57 63 56 174 0 17.41 16.75 
78258 6728 39 57 63 56 174 0 17.41 17.70 
78431 6728 39 57 63 56 174 3 17.41 17.70 
78604 6728 39 57 63 56 174 0 17.41 5.49 
78777 6728 39 57 63 56 174 0 17.41 5.49 
78950 6728 39 57 63 56 174 0 17.41 16.75 
79123 6728 39 57 63 56 174 0 17.41 7.09 
79296 6447 40 57 63 55 174 0 17.41 16.75 
79469 6447 40 57 63 55 174 0 17.41 16.75 
79642 6447 40 57 63 55 174 0 17.41 16.75 
79815 6447 40 57 63 55 174 4 17.41 16.75 
79988 6447 40 57 63 55 174 0 18.04 17.37 
80161 6728 39 57 63 56 174 0 21.84 18.95 
80335 6051 37 56 59 51 165 0 43.08 21.81 
80510 3900 27 60 48 39 146 0 38.20 42.21 
80686 3698 25 84 58 53 193 0 37.50 39.95 
80862 3788 28 80 58 51 186 0 40.00 41.31 
81038 4173 78 116 111 81 307 0 44.68 15.79 
81213 4142 82 121 116 84 320 0 48.84 43.40 
81390 4042 57 87 82 59 227 0 54.91 44.79 
81567 3395 46 69 62 39 169 1 55.27 49.10 
81744 3087 59 88 76 44 207 0 55.59 46.17 
81921 3087 59 88 76 44 207 0 55.25 49.08 
82098 3087 59 88 76 44 207 0 55.25 49.10 
82275 3087 59 88 76 44 207 0 55.10 55.76 
82453 3087 59 88 76 44 207 0 53.57 53.99 
82630 3095 57 84 73 42 197 0 52.22 47.36 
82807 3940 53 80 75 53 207 0 49.18 43.40 
82984 4188 73 110 105 77 291 4 40.70 41.07 
83160 4037 44 79 69 53 200 0 40.48 36.52 
83336 3563 23 93 61 58 208 0 49.35 34.61 
83512 3538 23 87 58 54 197 0 6.46 38.57 
83686 7413 39 67 69 65 200 0 6.46 23.82 
83859 11375 56 72 95 96 262 0 6.46 20.86 
84032 9741 54 72 90 88 248 0 20.26 19.91 
84206 2191 27 92 56 42 188 0 18.36 22.69 
84380 2074 37 132 78 59 264 0 25.02 15.79 
84554 1984 29 111 64 49 220 0 20.57 5.49 
84727 2088 28 101 60 45 202 0 10.76 9.40 
84899 2257 38 117 73 53 240 0 10.10 5.49 
85071 3595 172 183 197 108 492 0 23.31 16.44 
85244 5053 65 99 99 80 277 0 18.99 15.49 
85417 8902 38 82 78 79 238 1 18.99 15.49 
85590 6432 39 76 71 66 207 0 18.68 16.75 
85763 6334 38 77 71 66 211 0 17.41 17.70 
85936 6334 38 77 71 66 211 5 18.99 15.47 
86109 6334 38 77 71 66 211 0 20.26 12.43 
86282 6334 38 77 71 66 211 0 21.52 12.43 
86455 6334 38 77 71 66 211 0 20.26 12.44 
86628 6334 38 77 71 66 211 0 20.26 12.44 
86801 6334 38 77 71 66 211 0 18.67 12.36 
86974 6334 38 77 71 66 211 0 18.67 15.45 
87147 6334 38 77 71 66 211 0 18.67 15.45 
87320 6334 38 77 71 66 211 6 18.68 15.47 
87493 6334 38 77 71 66 211 0 18.67 13.72 
87666 6334 38 77 71 66 212 0 18.68 15.49 
87839 6334 38 77 71 66 212 0 20.26 12.44 
88012 6334 38 77 71 66 212 0 20.26 15.47 
88185 6334 38 77 71 66 212 0 18.67 15.42 
88358 6334 38 77 71 66 212 0 20.26 15.49 
88531 6334 38 77 71 66 212 0 22.73 15.79 
88704 6361 39 78 72 67 215 4 26.47 13.45 
88878 8000 39 80 76 75 229 0 11.10 12.77 
89051 5595 56 92 91 78 259 0 12.12 17.07 
89224 3602 150 162 173 96 432 0 12.46 16.12 
89397 3613 133 146 155 87 389 0 12.46 16.12 
89570 3623 134 147 156 88 392 0 12.80 17.70 
89743 3616 130 144 152 86 383 0 18.04 20.86 
89916 3614 97 112 116 67 296 0 27.03 25.84 
90090 1944 28 114 65 50 225 5 26.74 26.13 
90264 8518 51 74 86 82 240 0 26.74 26.13 
90438 9915 59 77 98 96 269 0 26.74 25.84 
90612 9915 59 77 98 96 269 0 26.74 25.84 
90786 9915 59 77 98 96 269 0 26.74 26.13 
90960 9915 59 77 98 96 269 0 26.76 25.84 
91134 9915 59 77 98 96 269 0 26.76 26.13 
91308 9915 59 77 98 96 270 5 26.74 26.13 
91482 9915 59 77 98 96 269 0 26.74 26.13 
91656 9915 59 77 98 96 269 0 26.76 26.13 
91830 9915 59 77 98 96 269 0 26.74 26.13 
92004 9915 59 77 98 96 269 0 26.74 26.13 
92178 9915 59 77 98 96 269 0 27.61 26.13 
92352 9915 59 77 98 96 269 0 26.74 26.13 
92526 9915 59 77 98 96 269 5 26.74 26.13 
92700 9915 59 77 98 96 269 0 26.74 26.13 
92874 9915 59 77 98 96 269 0 26.74 26.13 
93048 9915 59 77 98 96 269 0 26.74 25.84 
93222 9915 59 77 98 96 269 0 26.74 26.13 
93396 9915 59 77 98 96 269 0 26.74 26.71 
93570 9915 59 77 98 96 269 0 26.74 25.84 
93744 9915 59 77 98 96 269 5 26.76 26.71 
93918 9915 59 77 98 96 269 0 26.74 26.15 
94092 9915 59 77 98 96 269 0 26.74 26.13 
94266 9915 59 77 98 96 269 0 26.76 26.13 
94440 9915 59 77 98 96 269 0 26.74 25.84 
94614 9915 59 77 98 96 269 0 26.74 25.82 
94788 9915 59 77 98 96 269 0 26.76 26.13 
94962 9915 59 77 98 96 269 5 26.74 26.13 
95136 9915 59 77 98 96 269 0 26.74 26.71 
95310 9915 59 77 98 96 269 0 26.76 26.71 
95484 9915 59 77 98 96 269 0 26.76 26.13 
95658 9915 59 77 98 96 269 0 26.76 26.13 
95832 9915 59 77 98 96 270 0 26.74 26.13 
96006 10292 58 77 98 97 270 0 26.74 26.13 
96180 10292 58 77 98 97 270 4 26.74 26.15 
96354 10292 58 77 98 97 270 0 26.74 26.15 
96528 9915 59 77 98 96 270 0 26.74 26.13 
96702 9915 59 77 98 96 269 0 26.76 26.13 
96876 9915 59 77 98 96 269 0 26.74 25.84 
97050 9915 59 77 98 96 269 0 26.76 26.15 
97224 9915 59 77 98 96 269 0 26.74 26.13 
97398 9915 59 77 98 96 269 6 26.74 26.13 
97572 9915 59 77 98 96 269 0 26.74 26.13 
97746 9915 59 77 98 96 269 0 26.74 26.13 
97920 9915 59 77 98 96 269 0 26.74 26.13 
98094 9915 59 77 98 96 269 0 26.74 26.13 
98268 9915 59 77 98 96 269 0 26.74 25.84 
98442 9915 59 77 98 96 269 0 26.74 26.13 
98616 9915 59 77 98 96 269 5 26.76 26.13 
98790 9915 59 77 98 96 269 0 26.74 26.13 
98964 9915 59 77 98 96 269 0 26.74 26.13 
99138 9915 59 77 98 96 269 0 26.76 25.84 
99312 9915 59 77 98 96 269 0 26.74 26.13 
99486 9915 59 77 98 96 269 0 26.74 26.13 
99660 9915 59 77 98 96 269 0 26.74 26.13 
99834 9915 59 77 98 96 269 5 26.74 26.13 
100008 9915 59 77 98 96 269 0 26.74 26.13 
100182 9915 59 77 98 96 269 0 26.76 26.13 
100356 9915 59 77 98 96 269 0 26.76 26.13 
100530 9915 59 77 98 96 269 0 26.74 26.13 
100704 9915 59 77 98 96 269 0 26.74 26.13 
100878 9915 59 77 98 96 269 0 26.74 26.13 
101052 9915 59 77 98 96 269 5 26.74 26.13 
101226 9915 59 77 98 96 269 0 26.74 26.13 
101400 9915 59 77 98 96 269 0 26.76 26.13 
101574 9915 59 77 98 96 269 0 26.74 26.13 
101748 9915 59 77 98 96 269 0 26.74 26.13 
101922 9915 59 77 98 96 269 0 26.76 26.13 
102096 9915 59 77 98 96 269 0 26.74 26.13 
102270 9915 59 77 98 96 269 4 26.74 25.84 
102444 9915 59 77 98 96 269 0 26.74 25.84 
102618 9915 59 77 98 96 269 0 26.76 26.13 
102792 9915 59 77 98 96 269 0 26.76 26.13 
102966 9915 59 77 98 96 269 0 26.74 26.13 
103140 9915 59 77 98 96 269 0 26.74 26.13 
103314 9915 59 77 98 96 269 0 26.74 26.13 
103488 9915 59 77 98 96 269 3 26.76 26.13 
103662 9915 59 77 98 96 269 0 26.74 26.13 
103836 9915 59 77 98 96 269 0 26.76 25.84 
104010 9915 59 77 98 96 269 0 26.74 26.15 
104184 9915 59 77 98 96 269 0 26.74 25.84 
104358 9915 59 77 98 96 269 0 26.76 25.91 
104532 9915 59 77 98 96 269 0 26.74 26.13 
104706 9915 59 77 98 96 269 1 26.74 25.91 
104880 9915 59 77 98 96 269 0 26.74 25.84 
105054 9915 59 77 98 96 269 3 26.74 25.84 
105228 9915 59 77 98 96 269 0 26.74 25.84 
105402 9915 59 77 98 96 269 0 26.74 25.91 
105576 9915 59 77 98 96 269 0 26.74 25.84 
105750 9915 59 77 98 96 269 0 26.74 26.13 
105924 9915 59 77 98 96 269 0 26.76 25.84 
106098 9915 59 77 98 96 269 0 26.74 25.84 
106272 9915 59 77 98 96 269 5 26.76 25.84 
106446 9915 59 77 98 96 269 0 26.74 25.84 
106620 9915 59 77 98 96 269 0 26.76 25.84 
106794 9915 59 77 98 96 269 0 26.74 26.13 
106968 9915 59 77 98 96 269 0 26.74 26.13 
107142 9915 59 77 98 96 269 0 26.76 26.13 
107316 9915 59 77 98 96 269 0 26.74 26.13 
107490 9915 59 77 98 96 269 3 26.76 26.15 
107664 9915 59 77 98 96 269 0 26.74 25.84 
107838 9915 59 77 98 96 269 0 26.74 25.84 
108012 9915 59 77 98 96 269 0 26.74 26.13 
108186 9915 59 77 98 96 269 0 26.74 