=~=~=~=~=~=~=~=~=~=~=~= PuTTY log 2025.11.26 18:08:11 =~=~=~=~=~=~=~=~=~=~=~=
ets Jul 29 2019 12:21:46

rst:0x1 (POWERON_RESET),boot:0x3 (DOWNLOAD_BOOT(UART0/UART1/SDIO_REI_REO_V2))
waiting for download
ets Jul 29 2019 12:21:46

rst:0x1 (POWERON_RESET),boot:0x13 (SPI_FAST_FLASH_BOOT)
configsip: 0, SPIWP:0xee
clk_drv:0x00,q_drv:0x00,d_drv:0x00,cs0_drv:0x00,hd_drv:0x00,wp_drv:0x00
mode:DIO, clock div:1
load:0x3fff0030,len:4980
load:0x40078000,len:16612
load:0x40080400,len:3480
entry 0x400805b4
Found sensor
Milis - ColorTemp - Lux - R - G - B - C - Pot - UsensA - UsensB

399 6554 54 55 74 61 190 0 59.77 6.77 
574 6554 54 55 74 61 190 0 59.76 5.49 
749 6554 54 55 74 61 190 5 59.79 6.77 
924 6554 54 55 74 61 190 0 59.76 6.77 
1099 6554 54 55 74 61 190 5 59.77 6.77 
1274 6554 54 55 74 61 190 0 59.76 6.78 
1449 6554 54 55 74 61 190 4 59.77 6.78 
1624 6554 54 55 74 61 190 0 60.16 6.77 
1799 6554 54 55 74 61 190 4 59.77 6.78 
1974 6554 54 55 74 61 190 0 42.30 5.49 
2148 6554 54 55 74 61 190 2 42.30 5.49 
2322 6554 54 55 74 61 190 0 49.52 5.49 
2496 6554 54 55 74 61 190 0 20.59 6.78 
2669 6554 54 55 74 61 190 0 20.57 3.25 
2842 6554 54 55 74 61 190 0 20.57 6.77 
3015 6554 54 55 74 61 191 2 20.59 35.62 
3189 6554 54 55 74 61 191 0 20.59 6.78 
3362 6554 54 55 74 61 191 0 20.59 9.40 
3535 6554 54 55 74 61 191 0 20.57 22.69 
3709 6554 54 55 74 61 191 0 21.22 4.20 
3882 6554 54 55 74 61 191 3 23.31 4.20 
4055 6554 54 55 74 61 191 0 52.04 5.49 
4230 6554 54 55 74 61 191 0 48.99 6.77 
4404 6554 54 55 74 61 191 0 21.84 58.00 
4580 6554 54 55 74 61 191 0 20.89 1.97 
4753 6554 54 55 74 61 191 0 21.20 5.49 
4926 6554 54 55 74 61 191 0 20.26 5.49 
5099 6554 54 55 74 61 191 18 16.46 15.79 
5272 6554 54 55 74 61 191 0 16.46 9.40 
5445 6554 54 55 74 61 191 0 59.62 6.77 
5620 6554 54 55 74 61 191 0 16.76 5.81 
5792 6554 54 55 74 61 191 0 16.76 4.52 
5964 6554 54 55 74 61 191 1 15.83 5.49 
6136 6554 54 55 74 61 191 0 15.83 5.49 
6308 6554 54 55 74 61 191 0 15.83 5.49 
6480 6554 54 55 74 61 191 0 15.83 5.49 
6652 6554 54 55 74 61 191 0 16.78 5.81 
6824 6554 54 55 74 61 191 0 16.76 4.52 
6996 6554 54 55 74 61 191 0 16.46 9.40 
7169 6554 54 55 74 61 191 0 16.46 15.79 
7342 6554 54 55 74 61 191 0 16.46 9.40 
7515 6554 54 55 74 61 191 2 16.78 4.52 
7687 6554 54 55 74 61 191 0 16.76 5.81 
7859 6554 54 55 74 61 191 0 15.83 5.49 
8031 6554 54 55 74 61 191 3 15.83 5.49 
8203 6554 54 55 74 61 191 0 15.83 5.49 
8375 6554 54 55 74 61 191 0 16.78 5.81 
8547 6554 54 55 74 61 191 1 15.83 5.49 
8719 6554 54 55 74 61 191 0 15.83 5.49 
8891 6554 54 55 74 61 191 0 16.76 4.52 
9063 6554 54 55 74 61 190 0 16.46 41.07 
9238 6554 54 55 74 61 190 0 16.46 48.94 
9413 6554 54 55 74 61 190 0 55.86 5.49 
9588 6554 54 55 74 61 190 0 16.76 5.81 
9760 6554 54 55 74 61 190 0 55.88 5.49 
9935 6554 54 55 74 61 190 0 60.06 5.49 
10110 6554 54 55 74 61 190 0 42.69 6.77 
10284 6554 54 55 74 61 190 0 55.88 6.77 
10459 6554 54 55 74 61 190 6 59.64 6.78 
10634 6554 54 55 74 61 190 0 55.73 5.49 
10809 6554 54 55 74 61 191 0 59.65 5.49 
10984 6554 54 55 74 61 190 0 53.23 5.49 
11159 6554 54 55 74 61 190 6 49.01 5.49 
11333 6554 54 55 74 61 190 0 44.47 5.49 
11507 6554 54 55 74 61 190 0 44.47 5.49 
11681 6554 54 55 74 61 190 3 43.28 5.49 
11855 6554 54 55 74 61 190 0 42.48 6.78 
12029 6554 54 55 74 61 190 0 55.98 6.77 
12204 6554 54 55 74 61 190 0 40.70 5.49 
12378 6554 54 55 74 61 190 0 44.06 5.49 
12552 6554 54 55 74 61 190 0 15.83 5.49 
12724 6554 54 55 74 61 190 0 15.83 5.49 
12896 6554 54 55 74 61 190 0 16.15 5.49 
13068 6554 54 55 74 61 190 0 15.83 5.49 
13240 6554 54 55 74 61 190 0 15.83 5.49 
13412 6554 54 55 74 61 190 0 46.26 6.77 
13586 6554 54 55 74 61 190 0 15.83 5.49 
13758 6554 54 55 74 61 190 0 15.83 5.49 
13930 6554 54 55 74 61 190 4 16.13 5.49 
14102 6554 54 55 74 61 190 0 16.13 5.49 
14274 6554 54 55 74 61 190 0 29.53 5.49 
14447 6554 54 55 74 61 190 4 25.60 5.49 
14620 6554 54 55 74 61 191 0 37.28 5.49 
14794 6554 54 55 74 61 190 0 58.38 5.49 
14969 6554 54 55 74 61 190 0 59.21 5.49 
15144 6554 54 55 74 61 190 0 59.62 5.49 
15319 6554 54 55 74 61 190 6 29.02 6.77 
15492 6554 54 55 74 61 190 0 26.47 5.49 
15665 6554 54 55 74 61 190 0 34.15 5.49 
15838 6554 54 55 74 61 190 0 55.86 5.49 
16013 6554 54 55 74 61 190 3 29.78 6.77 
16186 6554 54 55 74 61 190 0 29.27 5.49 
16359 6554 54 55 74 61 190 0 29.53 6.77 
16532 6554 54 55 74 61 190 0 28.48 5.49 
16705 6554 54 55 74 61 190 0 33.92 5.49 
16878 6554 54 55 74 61 190 1 40.92 6.77 
17052 6554 54 55 74 61 190 0 32.37 6.77 
17225 6554 54 55 74 61 190 0 59.77 5.49 
17400 6554 54 55 74 61 190 0 25.31 6.78 
17573 6554 54 55 74 61 190 0 35.44 6.77 
17747 6554 54 55 74 61 190 3 25.60 5.49 
17920 6554 54 55 74 61 190 0 59.76 6.78 
18095 6554 54 55 74 61 190 2 59.77 6.77 
18270 6554 54 55 74 61 190 0 29.02 6.77 
18443 6554 54 55 74 61 190 0 59.77 5.49 
18618 6554 54 55 74 61 190 0 59.77 5.49 
18793 6554 54 55 74 61 190 0 59.77 6.78 
18968 6554 54 55 74 61 190 0 29.02 6.77 
19141 6554 54 55 74 61 190 0 59.77 6.77 
19316 6554 54 55 74 61 190 0 59.77 6.77 
19491 6554 54 55 74 61 190 0 59.77 5.49 
19666 6554 54 55 74 61 190 0 59.77 5.49 
19841 6554 54 55 74 61 190 0 59.76 6.78 
20016 6554 54 55 74 61 190 0 59.77 5.49 
20191 6554 54 55 74 61 190 0 59.76 5.49 
20366 6554 54 55 74 61 190 0 59.77 5.49 
20541 6554 54 55 74 61 190 0 59.76 5.49 
20716 6554 54 55 74 61 190 0 59.76 5.49 
20891 6554 54 55 74 61 190 0 59.77 5.49 
21066 6554 54 55 74 61 190 0 59.77 5.49 
21241 6554 54 55 74 61 191 0 29.02 6.77 
21414 6554 54 55 74 61 191 0 29.02 5.49 
21587 6554 54 55 74 61 191 0 59.76 5.49 
21762 6554 54 55 74 61 191 3 59.77 6.78 
21937 6554 54 55 74 61 191 0 59.77 5.49 
22112 6554 54 55 74 61 191 3 59.76 6.77 
22287 6554 54 55 74 61 191 0 59.76 5.49 
22462 6554 54 55 74 61 191 3 59.77 6.78 
22637 6554 54 55 74 61 191 0 59.76 5.49 
22812 6554 54 55 74 61 191 3 59.76 6.77 
22987 6554 54 55 74 61 191 0 59.76 5.49 
23162 6554 54 55 74 61 191 2 59.76 5.49 
23337 6554 54 55 74 61 191 0 59.76 5.49 
23512 6554 54 55 74 61 191 2 59.76 6.77 
23687 6554 54 55 74 61 191 0 59.77 6.78 
23862 6554 54 55 74 61 191 1 59.79 6.77 
24037 6554 54 55 74 61 191 0 59.77 6.77 
24212 6554 54 55 74 61 191 2 59.77 5.49 
24387 6554 54 55 74 61 191 0 59.77 6.77 
24562 6554 54 55 74 61 191 1 59.76 5.49 
24737 6554 54 55 74 61 191 0 59.76 5.49 
24912 6554 54 55 74 61 191 2 59.77 6.77 
25087 6554 54 55 74 61 191 0 59.77 5.49 
25262 6554 54 55 74 61 191 0 59.77 5.49 
25437 6554 54 55 74 61 191 0 59.77 5.49 
25612 6554 54 55 74 61 191 1 59.76 5.49 
25787 6554 54 55 74 61 191 0 59.77 5.49 
25962 6554 54 55 74 61 191 0 59.76 5.49 
26137 6554 54 55 74 61 191 0 59.77 5.49 
26312 6554 54 55 74 61 191 1 59.76 5.49 
26487 6554 54 55 74 61 191 0 59.76 6.77 
26662 6554 54 55 74 61 191 0 59.76 5.49 
26837 6554 54 55 74 61 191 0 59.76 5.49 
27012 6554 54 55 74 61 191 0 59.76 5.49 
27187 6554 54 55 74 61 191 0 59.76 5.49 
27362 6554 54 55 74 61 191 0 59.76 5.49 
27537 6554 54 55 74 61 191 0 59.76 6.77 
27712 6554 54 55 74 61 191 0 59.76 5.49 
27887 6554 54 55 74 61 191 0 59.76 5.49 
28062 6554 54 55 74 61 191 0 59.77 5.49 
28237 6554 54 55 74 61 191 0 59.76 6.78 
28412 6554 54 55 74 61 191 0 59.77 5.49 
28587 6554 54 55 74 61 191 0 60.18 5.49 
28762 6554 54 55 74 61 191 0 59.76 5.49 
28937 6554 54 55 74 61 191 0 59.77 5.49 
29112 6554 54 55 74 61 191 0 59.76 6.78 
29287 6554 54 55 74 61 191 0 59.76 5.49 
29462 6554 54 55 74 61 191 0 59.77 6.77 
29637 6554 54 55 74 61 191 0 59.77 5.49 
29812 6554 54 55 74 61 191 0 59.76 5.49 
29987 6554 54 55 74 61 191 0 59.76 5.49 
30162 6554 54 55 74 61 191 0 59.76 5.49 
30337 6554 54 55 74 61 191 0 59.76 6.77 
30512 6554 54 55 74 61 191 0 59.76 5.49 
30687 6554 54 55 74 61 191 0 59.76 6.78 
30862 6554 54 55 74 61 191 0 59.76 5.49 
31037 6554 54 55 74 61 191 0 59.76 5.49 
31212 6554 54 55 74 61 191 0 59.77 5.49 
31387 6554 54 55 74 61 191 0 29.02 6.77 
31560 6554 54 55 74 61 191 3 59.77 6.78 
31735 6554 54 55 74 61 191 0 59.77 5.49 
31910 6554 54 55 74 61 191 3 59.77 5.49 
32085 6554 54 55 74 61 191 0 59.76 6.78 
32260 6554 54 55 74 61 191 3 59.77 5.49 
32435 6554 54 55 74 61 191 0 59.77 6.77 
32610 6554 54 55 74 61 191 3 59.77 5.49 
32785 6554 54 55 74 61 191 0 29.02 5.49 
32958 6554 54 55 74 61 191 0 59.77 6.78 
33133 6554 54 55 74 61 191 0 59.77 6.77 
33308 6554 54 55 74 61 191 0 59.77 6.77 
33483 6554 54 55 74 61 191 0 59.76 5.49 
33658 6554 54 55 74 61 191 0 59.76 5.49 
33833 6554 54 55 74 61 191 0 59.77 6.77 
34008 6554 54 55 74 61 191 0 59.77 6.78 
34183 6554 54 55 74 61 191 0 59.77 6.77 
34358 6554 54 55 74 61 191 0 59.77 6.77 
34533 6554 54 55 74 61 191 0 59.76 6.78 
34708 6554 54 55 74 61 191 0 59.77 6.78 
34883 6554 54 55 74 61 191 0 59.77 6.77 
35058 6554 54 55 74 61 191 0 59.76 6.77 
35233 6554 54 55 74 61 191 0 59.76 5.49 
35408 6554 54 55 74 61 191 0 59.76 6.78 
35583 6554 54 55 74 61 191 0 59.76 5.49 
35758 6554 54 55 74 61 191 0 59.76 5.49 
35933 6554 54 55 74 61 191 0 59.76 5.49 
36108 6554 54 55 74 61 191 0 59.76 6.77 
36283 6554 54 55 74 61 191 0 59.77 6.77 
36458 6554 54 55 74 61 191 0 59.76 6.77 
36633 6554 54 55 74 61 191 0 59.76 6.78 
36808 6554 54 55 74 61 191 0 60.16 6.78 
36983 6554 54 55 74 61 191 0 59.77 5.49 
37158 6554 54 55 74 61 191 0 59.77 5.49 
37333 6554 54 55 74 61 191 0 59.77 5.49 
37508 6554 54 55 74 61 191 0 59.76 5.49 
37683 6554 54 55 74 61 191 0 59.76 6.78 
37858 6554 54 55 74 61 191 0 59.77 5.49 
38033 6554 54 55 74 61 191 0 59.76 5.49 
38208 6554 54 55 74 61 191 0 59.77 5.49 
38383 6554 54 55 74 61 191 0 59.77 6.77 
38558 6554 54 55 74 61 191 1 59.76 6.78 
38733 6554 54 55 74 61 191 0 59.77 5.49 
38908 6554 54 55 74 61 191 0 59.77 6.77 
39083 6554 54 55 74 61 191 0 59.76 6.77 
39258 6554 54 55 74 61 191 1 59.76 6.77 
39433 6554 54 55 74 61 191 0 59.76 5.49 
39608 6554 54 55 74 61 191 0 59.76 6.77 
39783 6554 54 55 74 61 191 0 59.74 6.77 
39958 6554 54 55 74 61 191 1 59.74 5.49 
40133 6554 54 55 74 61 191 0 59.77 5.49 
40308 6554 54 55 74 61 191 1 59.76 6.77 
40483 6554 54 55 74 61 191 0 59.77 6.77 
40658 6554 54 55 74 61 191 2 24.45 6.77 
40831 6554 54 55 74 61 191 0 59.76 5.49 
41006 6554 54 55 74 61 191 0 29.51 6.77 
41179 6554 54 55 74 61 191 0 7.75 6.77 
41351 6554 54 55 74 61 190 0 7.74 6.78 
41523 6554 54 55 74 61 191 0 59.77 6.78 
41698 6554 54 55 74 61 191 0 59.91 5.49 
41873 6554 54 55 74 61 191 0 25.31 8.06 
42046 6554 54 55 74 61 191 0 24.46 55.76 
42222 6554 54 55 74 61 191 0 59.76 37.21 
42399 6554 54 55 74 61 191 0 59.76 38.13 
42576 6554 54 55 74 61 191 11 59.76 37.67 
42753 6554 54 55 74 61 191 0 59.35 37.67 
42930 6554 54 55 74 61 191 0 29.02 57.15 
43106 6623 54 54 74 61 190 0 59.76 6.77 
43281 6623 54 54 74 61 190 0 29.02 6.77 
43454 6554 54 55 74 61 191 0 59.77 6.77 
43629 6554 54 55 74 61 191 0 24.74 16.44 
43803 6554 54 55 74 61 191 0 59.79 6.78 
43978 6554 54 55 74 61 191 2 27.34 16.75 
44152 6554 54 55 74 61 191 0 27.34 16.75 
44326 6554 54 55 74 61 191 9 27.32 16.76 
44500 6554 54 55 74 61 191 0 27.32 16.75 
44674 6554 54 55 74 61 191 0 27.32 16.75 
44848 6554 54 55 74 61 191 0 27.34 18.00 
45022 6554 54 55 74 61 191 0 29.02 56.75 
45198 6554 54 55 74 61 191 0 16.27 5.49 
45370 6554 54 55 74 61 191 0 0.00 16.75 
46540 6748 53 54 73 61 190 0 0.00 6.77 
47709 6623 54 54 74 61 190 0 0.00 18.02 
48879 6623 54 54 74 61 190 3 0.00 18.00 
50049 6623 54 54 74 61 190 0 0.00 57.44 
51221 6623 54 54 74 61 190 0 0.00 51.46 
52393 3271 34 75 57 43 174 0 0.00 15.79 
53563 3400 34 62 51 36 150 0 0.00 10.08 
54733 3840 29 70 54 45 168 0 0.00 10.06 
55903 6811 43 58 67 59 185 0 0.00 6.77 
57072 2846 34 83 59 43 184 0 1.21 5.49 
57244 2759 35 87 61 44 191 0 0.00 16.12 
58414 6724 27 53 50 47 149 0 0.00 5.17 
59583 8907 26 59 55 56 170 0 0.00 5.49 
60752 3343 35 99 70 59 227 3 0.00 9.74 
61922 3333 41 116 82 69 266 0 0.00 10.42 
63092 3294 35 103 72 61 235 0 0.00 6.44 
64261 3745 36 90 68 57 215 0 16.15 5.81 
64433 13162 28 69 65 71 206 1 25.89 5.49 
64606 9452 27 63 58 60 181 0 25.31 14.13 
64779 9597 28 64 60 62 186 0 23.58 7.74 
64952 8261 27 60 56 56 172 1 10.78 5.49 
65124 8303 30 64 60 60 185 0 7.75 6.78 
65296 12634 31 75 71 77 224 0 7.75 10.74 
65468 14439 31 79 74 82 236 2 7.74 16.44 
65641 14486 31 79 75 83 239 0 5.18 6.77 
65813 14318 31 80 75 83 239 0 5.18 6.77 
65985 12932 33 83 78 85 246 2 4.54 9.74 
66157 10408 41 91 87 91 269 0 4.54 6.77 
66329 10408 41 91 87 91 270 0 4.22 5.49 
66501 9928 43 93 90 93 276 3 4.22 5.49 
66673 9380 40 87 83 85 255 0 9.08 16.42 
66846 9162 37 85 79 81 246 0 13.80 18.65 
67019 10117 42 96 90 94 280 0 13.80 5.49 
67191 10134 41 95 89 93 277 0 16.46 25.84 
67365 8783 38 83 78 79 240 0 16.15 15.79 
67538 12795 30 73 69 75 218 0 32.10 5.49 
67711 4378 53 75 75 55 207 0 30.82 5.49 
67884 3562 119 135 140 79 358 1 32.10 5.49 
68057 3584 132 146 154 86 391 0 38.88 39.25 
68233 3601 142 152 163 90 410 0 42.06 5.49 
68407 3645 115 129 136 78 347 0 43.49 45.97 
68583 3647 101 114 120 69 306 1 43.88 18.95 
68758 3647 96 109 114 66 291 0 45.66 48.93 
68935 3632 95 108 113 65 289 0 0.00 6.77 
69107 3655 88 102 106 62 273 0 0.00 16.42 
70277 2959 35 81 59 43 182 0 0.00 6.77 
71446 6604 37 52 58 51 162 0 0.00 5.49 
72615 6551 36 50 56 49 155 3 0.00 10.08 
73785 10076 44 59 74 73 207 0 47.24 9.74 
73960 9158 45 59 74 71 205 0 46.07 10.08 
74134 11442 50 65 86 87 240 0 15.83 10.08 
74307 11508 51 65 87 88 241 0 16.76 5.49 
74479 11508 51 65 87 88 241 0 18.36 10.40 
74652 8664 46 61 75 71 208 0 38.44 10.42 
74826 3921 42 103 79 67 250 0 36.36 10.40 
75000 3454 20 103 64 64 229 0 32.62 10.42 
75174 3392 18 100 61 62 221 0 22.44 10.08 
75347 3910 60 118 98 77 294 2 20.89 9.74 
75520 4103 160 229 222 158 616 0 17.08 8.04 
75693 4021 145 213 203 144 566 0 11.78 8.06 
75865 4091 161 228 222 157 615 0 15.50 8.04 
76038 4059 185 265 256 181 712 0 15.83 9.74 
76211 4074 185 264 256 181 710 0 13.14 9.74 
76383 4083 184 262 254 180 706 0 15.83 9.74 
76556 4034 155 224 215 152 598 0 11.44 8.06 
76728 4068 140 197 192 135 530 0 15.16 8.38 
76901 4012 188 271 260 183 723 0 16.15 8.38 
77074 4010 190 271 261 183 724 0 15.83 5.49 
77246 4021 186 269 258 182 718 3 6.46 5.49 
77418 2269 23 145 82 81 306 0 10.10 4.20 
77590 5803 63 114 108 96 319 0 0.15 5.49 
77761 5005 73 130 120 101 351 0 0.00 13.11 
78931 7761 111 134 169 153 459 0 0.00 16.12 
80101 3043 24 119 73 71 261 0 0.00 31.79 
81272 2610 126 182 148 66 401 0 0.00 10.08 
82442 3207 35 78 59 44 180 0 0.00 25.57 
83612 3110 37 85 63 47 194 0 0.00 11.76 
84782 2750 31 85 58 44 186 0 0.00 10.08 
85952 2869 28 75 52 40 166 0 0.00 15.81 
87122 2734 29 95 62 51 205 0 0.00 8.06 
88291 7441 110 99 149 127 378 0 0.00 9.74 
89461 7435 109 98 148 126 374 0 0.00 46.38 
90633 2636 118 170 139 63 377 0 0.00 8.38 
91802 4086 102 147 142 101 394 0 0.00 10.06 
92972 8461 67 84 106 99 290 1 0.00 5.49 
94141 3599 185 201 214 119 541 0 0.00 5.49 
95310 9230 73 92 118 113 325 0 0.00 5.49 
96479 9033 75 92 119 113 325 0 0.00 6.77 
97648 8974 74 93 119 113 325 0 0.00 6.77 
98817 8974 74 93 119 113 325 0 0.00 6.77 
99986 8974 74 93 119 113 325 0 0.00 6.77 
101155 8974 74 93 119 113 325 0 0.00 6.78 
102324 9230 73 92 118 113 325 0 0.00 6.77 
103493 8974 74 93 119 113 325 0 0.00 6.77 
