=~=~=~=~=~=~=~=~=~=~=~= PuTTY log 2025.11.26 18:15:49 =~=~=~=~=~=~=~=~=~=~=~=
ets Jul 29 2019 12:21:46

rst:0x1 (POWERON_RESET),boot:0x3 (DOWNLOAD_BOOT(UART0/UART1/SDIO_REI_REO_V2))
waiting for download
ets Jul 29 2019 12:21:46

rst:0x1 (POWERON_RESET),boot:0x13 (SPI_FAST_FLASH_BOOT)
configsip: 0, SPIWP:0xee
clk_drv:0x00,q_drv:0x00,d_drv:0x00,cs0_drv:0x00,hd_drv:0x00,wp_drv:0x00
mode:DIO, clock div:1
load:0x3fff0030,len:4980
load:0x40078000,len:16612
load:0x40080400,len:3480
entry 0x400805b4
Found sensor
Milis - ColorTemp - Lux - R - G - B - C - Pot - UsensA - UsensB

399 3120 33 65 51 35 152 0 0.00 4.54 
1568 3120 33 65 51 35 151 5 0.00 4.52 
2737 3120 33 65 51 35 152 0 0.00 4.52 
3906 3120 33 65 51 35 152 0 0.00 4.52 
5075 3120 33 65 51 35 152 0 0.00 4.52 
6244 3199 33 65 51 36 152 0 0.00 4.52 
7413 3120 33 65 51 35 152 0 6.14 4.52 
7585 3161 34 66 52 36 153 0 6.14 4.52 
7757 3161 34 66 52 36 153 0 6.14 4.54 
7929 3120 33 65 51 35 152 0 6.14 4.54 
8101 3120 33 65 51 35 151 2 6.14 4.52 
8273 3120 33 65 51 35 152 0 4.86 15.79 
8445 3120 33 65 51 35 151 0 4.86 6.77 
8617 3120 33 65 51 35 151 0 6.14 4.54 
8789 3120 33 65 51 35 151 0 6.14 4.52 
8961 3120 33 65 51 35 151 0 6.14 4.52 
9133 3120 33 65 51 35 151 0 5.81 4.52 
9305 3120 33 65 51 35 152 0 63.26 16.13 
9481 3161 34 66 52 36 153 0 5.81 5.81 
9653 3161 34 66 52 36 155 0 7.11 5.81 
9825 3161 34 66 52 36 153 0 5.81 5.80 
9997 3161 34 66 52 36 153 5 7.11 5.81 
10169 3161 34 66 52 36 153 0 7.11 5.81 
10341 3161 34 66 52 36 153 0 5.81 5.81 
10513 3161 34 66 52 36 153 2 5.81 5.81 
10685 3161 34 66 52 36 153 0 5.81 5.81 
10857 3161 34 66 52 36 153 0 7.11 5.81 
11029 3161 34 66 52 36 153 0 7.11 5.81 
11201 3161 34 66 52 36 153 0 7.11 5.81 
11373 3161 34 66 52 36 153 0 7.11 5.81 
11545 3161 34 66 52 36 153 0 7.11 5.81 
11717 3161 34 66 52 36 153 0 5.81 5.81 
11889 3161 34 66 52 36 153 0 7.11 5.81 
12061 3161 34 66 52 36 153 0 5.81 5.81 
12233 3161 34 66 52 36 153 0 7.11 5.81 
12405 3161 34 66 52 36 153 0 5.81 5.81 
12577 3161 34 66 52 36 153 0 7.11 5.80 
749 3161 34 66 52 36 153 0 5.81 5.81 
12921 3161 34 66 52 36 153 0 5.81 5.81 
13093 3161 34 66 52 36 153 0 5.81 5.81 
13265 3161 34 66 52 36 153 3 5.81 5.80 
13437 3161 34 66 52 36 153 0 7.11 5.80 
13609 3161 34 66 52 36 153 0 7.11 5.80 
13781 3161 34 66 52 36 153 5 7.11 5.81 
13953 3161 34 66 52 36 153 0 7.11 5.81 
14125 3161 34 66 52 36 153 0 7.11 5.81 
14297 3161 34 66 52 36 153 6 7.11 5.81 
14469 3161 34 66 52 36 153 0 7.11 5.81 
14641 3161 34 66 52 36 153 0 7.11 5.81 
14813 3161 34 66 52 36 153 6 7.11 5.81 
14985 3161 34 66 52 36 153 0 5.81 5.81 
15157 3161 34 66 52 36 153 0 7.11 5.81 
15329 3161 34 66 52 36 153 4 7.11 5.81 
15501 3161 34 66 52 36 153 0 5.81 5.81 
15673 3161 34 66 52 36 153 0 5.81 5.81 
15845 3161 34 66 52 36 153 1 7.11 5.81 
16017 3161 34 66 52 36 153 0 7.11 5.81 
16189 3161 34 66 52 36 153 0 7.11 5.81 
16361 3161 34 66 52 36 153 0 5.81 5.81 
16533 3161 34 66 52 36 153 0 5.81 5.81 
16705 3161 34 66 52 36 153 0 7.11 5.80 
16877 3161 34 66 52 36 153 0 7.11 5.81 
17049 3161 34 66 52 36 153 0 7.11 5.81 
17221 3161 34 66 52 36 153 0 7.11 5.81 
17393 3161 34 66 52 36 153 0 7.11 5.80 
17565 3161 34 66 52 36 153 0 5.81 5.81 
17737 3161 34 66 52 36 153 0 7.11 5.81 
17909 3161 34 66 52 36 153 0 7.11 5.81 
18081 3161 34 66 52 36 153 0 7.11 5.81 
18253 3161 34 66 52 36 153 0 5.81 5.81 
18425 3161 34 66 52 36 153 0 7.11 5.81 
18597 3161 34 66 52 36 153 2 7.11 5.81 
18769 3161 34 66 52 36 153 0 7.11 5.81 
18941 3161 34 66 52 36 153 0 7.11 5.81 
19113 3161 34 66 52 36 153 5 7.11 5.81 
19285 3161 34 66 52 36 153 0 7.11 5.81 
19457 3161 34 66 52 36 153 0 7.11 5.81 
19629 3161 34 66 52 36 153 6 7.11 5.81 
19801 3161 34 66 52 36 153 0 7.11 5.81 
19973 3161 34 66 52 36 153 0 5.81 5.81 
20145 3161 34 66 52 36 153 6 7.11 5.81 
20317 3161 34 66 52 36 153 0 5.81 5.81 
20489 3161 34 66 52 36 153 0 7.11 5.81 
20661 3161 34 66 52 36 153 3 7.11 5.81 
20833 3161 34 66 52 36 153 0 7.11 5.81 
21005 3161 34 66 52 36 153 0 7.11 5.81 
21177 3161 34 66 52 36 153 3 5.81 5.81 
21349 3161 34 66 52 36 153 0 5.81 5.81 
21521 3161 34 66 52 36 153 0 5.81 5.81 
21693 3161 34 66 52 36 153 0 5.81 5.81 
21865 3161 34 66 52 36 153 0 5.81 5.81 
22037 3161 34 66 52 36 153 0 5.81 5.81 
22209 3161 34 66 52 36 153 0 5.81 5.81 
22381 3161 34 66 52 36 153 0 5.81 5.81 
22553 3161 34 66 52 36 153 0 5.81 5.81 
22725 3161 34 66 52 36 153 0 5.81 5.81 
22897 3161 34 66 52 36 153 0 5.81 5.81 
23069 3161 34 66 52 36 153 0 5.81 5.81 
23241 3161 34 66 52 36 153 0 7.11 5.81 
23413 3161 34 66 52 36 153 0 5.81 5.80 
23585 3161 34 66 52 36 153 0 5.81 5.81 
23757 3161 34 66 52 36 153 0 7.11 5.81 
23929 3161 34 66 52 36 153 1 7.11 5.81 
24101 3161 34 66 52 36 153 0 7.11 5.81 
24273 3161 34 66 52 36 153 0 5.81 5.81 
24445 3161 34 66 52 36 153 4 5.81 5.81 
24617 3161 34 66 52 36 153 0 7.11 5.81 
24789 3161 34 66 52 36 153 0 5.81 5.81 
24961 3161 34 66 52 36 153 5 7.11 5.81 
25133 3161 34 66 52 36 153 0 7.11 5.81 
25305 3161 34 66 52 36 153 0 5.81 5.81 
25477 3161 34 66 52 36 153 7 7.11 5.81 
25649 3161 34 66 52 36 153 0 7.11 5.80 
25821 3161 34 66 52 36 153 0 7.11 5.81 
25993 3161 34 66 52 36 153 6 5.81 5.80 
26165 3161 34 66 52 36 153 0 5.81 5.81 
26337 3161 34 66 52 36 153 0 7.11 5.81 
26509 3161 34 66 52 36 153 5 5.81 5.81 
26681 3161 34 66 52 36 153 0 5.81 5.81 
26853 3161 34 66 52 36 153 0 7.11 5.81 
27025 3161 34 66 52 36 153 2 7.11 5.81 
27197 3161 34 66 52 36 153 0 7.11 5.80 
27369 3161 34 66 52 36 153 0 7.11 5.80 
27541 3161 34 66 52 36 153 0 5.81 5.81 
27713 3161 34 66 52 36 153 0 7.11 5.81 
27885 3161 34 66 52 36 153 0 7.11 5.80 
28057 3161 34 66 52 36 153 0 7.11 5.81 
28229 3161 34 66 52 36 153 0 5.81 5.80 
28401 3161 34 66 52 36 153 0 7.11 5.81 
28573 3161 34 66 52 36 153 0 5.81 5.81 
28745 3161 34 66 52 36 153 0 7.11 5.80 
28917 3161 34 66 52 36 153 0 7.11 5.80 
29089 3161 34 66 52 36 153 0 5.81 5.81 
29261 3161 34 66 52 36 153 0 7.11 5.81 
29433 3161 34 66 52 36 153 0 5.81 5.81 
29605 3161 34 66 52 36 153 0 5.81 5.81 
29777 3161 34 66 52 36 153 3 7.11 5.81 
29949 3161 34 66 52 36 153 0 7.11 5.81 
30121 3161 34 66 52 36 153 0 5.81 5.81 
30293 3161 34 66 52 36 153 6 7.11 5.81 
30465 3161 34 66 52 36 153 0 7.11 5.81 
30637 3161 34 66 52 36 153 0 5.81 5.81 
30809 3161 34 66 52 36 153 13 5.81 4.52 
30981 3224 34 65 52 36 152 0 5.81 4.52 
31153 3120 33 65 51 35 152 0 5.81 4.52 
31325 3120 33 65 51 35 151 12 5.81 4.52 
31497 3120 33 65 51 35 151 0 5.81 4.52 
31669 3120 33 65 51 35 151 0 6.14 4.54 
31841 3183 34 64 51 35 150 9 7.11 4.52 
32013 3120 33 65 51 35 152 0 7.11 4.52 
32185 3161 34 66 52 36 153 0 7.11 4.52 
32357 3161 34 66 52 36 153 3 7.11 4.52 
32529 3161 34 66 52 36 153 0 6.14 4.52 
32701 3161 34 66 52 36 153 0 6.14 4.54 
32873 3120 33 65 51 35 150 3 6.14 4.52 
33045 3183 34 64 51 35 150 0 6.14 4.52 
33217 3120 33 65 51 35 152 0 6.14 4.52 
33389 3224 34 65 52 36 152 0 6.14 4.52 
33561 3224 34 65 52 36 152 0 6.14 4.52 
33733 3120 33 65 51 35 152 0 6.14 4.52 
33905 3120 33 65 51 35 152 0 6.14 15.79 
34077 3120 33 65 51 35 152 0 6.14 4.52 
34249 3183 34 64 51 35 150 0 6.14 4.52 
34421 3120 33 65 51 35 152 0 6.14 4.52 
34593 3120 33 65 51 35 152 5 6.14 4.52 
34765 3120 33 65 51 35 152 0 6.14 4.54 
34937 3120 33 65 51 35 152 0 6.14 4.52 
35109 3120 33 65 51 35 151 7 7.11 4.54 
35281 3120 33 65 51 35 152 0 5.81 4.54 
35453 3120 33 65 51 35 152 0 6.14 4.52 
35625 3120 33 65 51 35 151 10 7.43 4.52 
35797 3161 34 66 52 36 153 0 7.11 4.52 
35969 3161 34 66 52 36 153 0 7.11 4.52 
36141 3161 34 66 52 36 153 4 7.11 4.52 
36313 3161 34 66 52 36 153 0 5.81 4.52 
36485 3161 34 66 52 36 153 0 7.11 4.52 
36657 3161 34 66 52 36 153 5 7.11 4.52 
36829 3161 34 66 52 36 153 0 7.11 4.54 
37001 3161 34 66 52 36 153 0 7.11 4.54 
37173 3161 34 66 52 36 153 5 7.11 4.52 
37345 3161 34 66 52 36 153 0 7.11 4.52 
37517 3161 34 66 52 36 153 0 7.11 4.52 
37689 3161 34 66 52 36 153 3 7.11 4.54 
37861 3161 34 66 52 36 153 0 7.11 4.52 
38033 3161 34 66 52 36 153 0 7.43 4.52 
38205 3161 34 66 52 36 153 2 7.11 4.52 
38377 3161 34 66 52 36 153 0 7.11 4.52 
38549 3161 34 66 52 36 153 0 7.43 4.52 
38721 3120 33 65 51 35 152 0 6.14 4.52 
38893 3120 33 65 51 35 152 0 6.14 4.52 
39065 3120 33 65 51 35 152 0 6.14 4.54 
39237 3161 34 66 52 36 153 0 7.43 4.52 
39409 3161 34 66 52 36 155 0 6.14 4.52 
39581 3161 34 66 52 36 152 0 6.14 4.52 
39753 3161 34 66 52 36 153 0 6.14 4.52 
39925 3161 34 66 52 36 153 0 6.14 4.52 
40097 3161 34 66 52 36 153 0 6.14 4.52 
40269 3161 34 66 52 36 153 0 6.14 6.78 
40441 3161 34 66 52 36 152 0 6.14 4.54 
40613 3120 33 65 51 35 152 0 6.14 4.54 
40785 3120 33 65 51 35 151 0 7.11 5.80 
40957 3120 33 65 51 35 152 3 5.81 5.81 
41129 3161 34 66 52 36 153 0 6.14 4.52 
41301 3161 34 66 52 36 153 0 6.14 4.52 
41473 3161 34 66 52 36 153 5 6.14 4.52 
41645 3161 34 66 52 36 153 0 6.14 4.52 
41817 3161 34 66 52 36 153 0 6.14 4.52 
41989 3161 34 66 52 36 153 4 6.14 4.52 
42161 3161 34 66 52 36 153 0 6.14 4.52 
42333 3161 34 66 52 36 153 0 6.14 4.52 
42505 3161 34 66 52 36 153 1 6.14 4.52 
42677 3161 34 66 52 36 153 0 6.14 4.52 
42849 3161 34 66 52 36 153 0 6.14 4.54 
43021 3161 34 66 52 36 153 0 6.14 4.52 
43193 3161 34 66 52 36 153 0 6.14 4.52 
43365 3161 34 66 52 36 153 0 6.14 4.52 
43537 3161 34 66 52 36 153 0 6.14 4.52 
43709 3161 34 66 52 36 153 0 6.14 4.52 
43881 3161 34 66 52 36 153 0 6.14 4.54 
44053 3161 34 66 52 36 153 0 6.14 4.52 
44225 3161 34 66 52 36 153 0 6.14 4.52 
44397 3161 34 66 52 36 153 0 6.14 4.52 
44569 3161 34 66 52 36 153 0 6.14 4.52 
44741 3161 34 66 52 36 153 1 6.14 4.52 
44913 3161 34 66 52 36 153 0 6.14 4.52 
45085 3161 34 66 52 36 153 0 7.11 4.52 
45257 3161 34 66 52 36 153 4 5.81 4.52 
45429 3161 34 66 52 36 153 0 5.81 4.52 
45601 3161 34 66 52 36 153 0 7.11 4.52 
45773 3161 34 66 52 36 153 4 5.81 4.52 
45945 3161 34 66 52 36 153 0 7.11 4.52 
46117 3161 34 66 52 36 153 0 5.81 4.52 
46289 3161 34 66 52 36 153 2 5.81 4.54 
46461 3161 34 66 52 36 153 0 7.11 4.52 
46633 3161 34 66 52 36 153 0 7.11 4.52 
46805 3161 34 66 52 36 153 0 5.81 4.52 
46977 3161 34 66 52 36 153 0 5.81 5.81 
47149 3161 34 66 52 36 153 0 5.81 20.54 
47322 3161 34 66 52 36 153 0 5.81 20.55 
47495 3120 33 65 51 35 152 0 64.09 5.81 
47670 3120 33 65 51 35 152 0 63.95 5.81 
47845 3199 33 65 51 36 152 0 6.14 5.81 
48017 3161 34 66 52 36 153 0 6.14 5.81 
48189 3161 34 66 52 36 153 2 6.14 5.81 
48361 3161 34 66 52 36 153 0 6.14 5.81 
48533 3161 34 66 52 36 153 0 6.14 4.52 
48705 3161 34 66 52 36 153 0 6.14 4.54 
48877 3161 34 66 52 36 153 0 6.14 4.52 
49049 3161 34 66 52 36 153 0 6.14 5.81 
49221 3161 34 66 52 36 153 0 6.14 4.54 
49393 3161 34 66 52 36 153 0 6.14 4.52 
49565 3161 34 66 52 36 153 0 7.43 5.81 
49737 3161 34 66 52 36 153 0 6.14 4.52 
49909 3161 34 66 52 36 153 0 6.14 4.52 
50081 3161 34 66 52 36 153 0 6.14 4.52 
50253 3161 34 66 52 36 153 0 6.14 4.52 
50425 3161 34 66 52 36 153 0 6.14 4.54 
50597 3161 34 66 52 36 153 0 6.14 4.54 
50769 3161 34 66 52 36 153 0 6.14 4.52 
50941 3161 34 66 52 36 153 1 6.14 4.54 
51113 3161 34 66 52 36 153 0 6.14 4.52 
51285 3161 34 66 52 36 153 0 6.14 4.52 
51457 3161 34 66 52 36 153 2 6.14 4.52 
51629 3161 34 66 52 36 153 0 6.14 4.52 
51801 3161 34 66 52 36 153 0 6.14 4.54 
51973 3161 34 66 52 36 153 3 6.14 4.54 
52145 3161 34 66 52 36 153 0 6.14 4.52 
52317 3161 34 66 52 36 153 0 6.14 4.52 
52489 3161 34 66 52 36 153 1 7.11 5.81 
52661 3161 34 66 52 36 153 0 16.76 5.81 
52833 3161 34 66 52 36 153 0 7.11 4.52 
53005 3316 32 60 49 34 143 0 5.81 4.52 
53177 3393 31 57 47 33 137 0 5.81 4.52 
53349 3341 32 58 48 33 138 0 5.81 4.54 
53521 3341 32 58 48 33 138 0 5.81 4.54 
53693 3341 32 58 48 33 138 0 5.81 4.52 
53865 3341 32 58 48 33 138 0 7.11 4.52 
54037 3393 31 57 47 33 137 0 65.62 4.54 
54212 4508 33 48 48 36 133 0 5.81 5.81 
54384 5957 44 49 61 49 160 0 5.81 6.78 
54556 6087 45 50 63 51 165 3 6.14 6.77 
54728 6620 51 52 70 58 181 0 6.14 5.49 
54900 6730 52 53 72 60 186 0 6.14 5.49 
55072 6535 53 54 73 60 187 1 6.14 6.77 
55244 6535 53 54 73 60 188 0 6.14 6.78 
55416 6535 53 54 73 60 188 0 6.14 5.49 
55588 6535 53 54 73 60 187 0 6.14 5.49 
55760 6535 53 54 73 60 187 0 6.14 6.78 
55932 6657 52 54 72 60 187 0 6.78 4.52 
56104 6431 49 52 68 56 177 0 8.06 4.52 
56276 4193 36 59 54 41 153 0 5.81 4.54 
56448 3273 32 73 55 42 169 0 6.14 5.49 
56620 3280 31 68 52 39 158 0 6.14 5.49 
56792 3394 41 65 57 37 161 0 5.81 4.54 
56964 3290 53 79 70 43 193 0 5.81 4.52 
57136 3526 44 66 60 39 166 0 5.81 5.49 
57308 3594 43 63 58 38 159 0 7.11 4.52 
57480 3594 43 63 58 38 159 0 5.81 4.52 
57652 3820 45 70 64 45 180 0 5.81 10.74 
57824 4103 47 76 70 52 199 0 5.81 5.49 
57996 3993 37 63 56 42 162 0 6.14 5.49 
58168 3843 27 70 53 45 167 0 6.14 4.52 
58340 3896 28 71 54 46 170 1 6.14 4.52 
58512 3896 28 71 54 46 170 0 6.14 5.49 
58684 3896 28 71 54 46 170 0 6.14 4.52 
58856 3896 28 71 54 46 170 2 6.14 5.49 
59028 3896 28 71 54 46 170 0 5.81 5.49 
59200 3896 28 71 54 46 169 0 5.81 4.52 
59372 3892 26 68 51 44 162 2 5.81 4.52 
59544 4354 29 49 45 35 128 0 5.81 4.52 
59716 5078 33 46 48 38 133 0 6.78 5.81 
59888 5216 33 46 49 39 135 0 6.78 4.52 
60060 5119 33 47 49 39 136 0 7.11 5.81 
60232 5119 33 47 49 39 136 0 6.78 4.52 
60404 5119 33 47 49 39 136 0 5.81 4.52 
60576 5119 33 47 49 39 135 0 5.81 4.52 
60748 4786 32 49 48 38 135 0 5.81 4.52 
60920 3344 36 68 55 39 161 0 5.81 4.52 
61092 3201 34 67 53 37 158 0 5.81 6.78 
61264 3201 34 67 53 37 156 0 5.81 4.52 
61436 3349 34 66 53 38 156 0 5.81 4.52 
61608 3338 31 61 49 35 145 0 5.81 4.52 
61780 3338 31 61 49 35 144 0 5.81 4.52 
61952 3742 38 54 51 34 140 0 5.81 4.52 
62124 3720 41 56 54 35 147 1 6.78 4.52 
62296 3720 41 56 54 35 147 0 6.78 4.52 
62468 3780 41 55 54 35 145 0 6.78 5.81 
62640 3780 40 55 53 35 144 2 6.78 4.52 
62812 3780 40 55 53 35 144 0 6.78 4.52 
62984 3780 40 55 53 35 144 0 6.78 4.52 
63156 3710 40 53 52 33 139 3 6.78 4.54 
63328 3744 39 54 52 34 140 0 10.10 4.52 
63500 3744 39 54 52 34 141 0 6.78 4.52 
63672 3744 39 54 52 34 141 2 6.78 5.81 
63844 3744 39 54 52 34 140 0 7.11 4.52 
64016 3800 36 50 48 32 131 0 7.11 4.52 
64188 3712 47 61 60 38 160 0 6.78 4.52 
64360 3693 48 63 62 39 164 0 6.78 4.54 
64532 3693 48 63 62 39 165 0 6.78 4.52 
64704 3693 48 63 62 39 165 0 6.78 4.54 
64876 3693 48 63 62 39 165 0 6.78 4.54 
65048 3693 48 63 62 39 164 0 6.78 5.81 
65220 3660 46 62 60 38 160 0 5.81 4.52 
65392 3728 48 67 64 42 173 0 6.14 5.49 
65564 3889 44 61 59 40 160 0 5.81 4.52 
65736 3687 60 73 74 45 193 0 8.06 9.74 
65908 3647 80 94 97 57 250 0 5.81 4.52 
66080 3702 63 79 79 49 208 0 5.81 4.52 
66252 6652 26 51 48 45 144 0 6.14 5.49 
66424 9250 27 57 55 56 168 1 5.81 37.21 
66598 10685 26 60 57 60 208 0 6.14 4.52 
66770 14977 26 66 63 70 199 0 5.81 5.81 
66942 14977 26 66 63 70 199 0 6.14 5.49 
67114 6497 37 69 66 61 196 0 5.81 5.49 
67286 3701 114 131 137 81 353 0 5.81 4.54 
67458 3119 47 88 70 47 204 0 5.81 6.77 
67630 4058 36 78 63 52 193 0 6.14 4.52 
67802 11503 49 63 84 85 233 0 6.14 6.77 
67974 11503 49 63 84 85 234 2 20.59 4.52 
68147 10912 49 63 83 83 230 0 5.81 5.49 
68319 6282 37 59 61 54 175 6 5.81 16.13 
68491 2464 33 99 64 48 208 0 8.38 5.81 
68663 2291 32 101 63 47 208 0 8.40 4.52 
68835 2514 32 91 60 44 194 0 6.78 4.54 
69007 3625 93 105 110 63 281 3 5.81 4.54 
69179 3633 101 113 119 68 303 6 5.81 4.54 
69351 3615 104 114 121 68 306 0 6.78 4.52 
69523 3619 100 112 118 67 300 2 6.78 5.81 
69695 3671 73 85 88 52 227 0 4.86 5.81 
69867 3617 57 73 72 44 190 0 5.81 4.52 
70039 2863 32 77 55 40 171 15 8.38 4.52 
70211 2930 41 95 69 50 213 0 6.78 4.52 
70383 2983 45 100 74 53 226 0 6.78 4.52 
70555 2829 34 85 60 44 189 0 4.86 37.43 
70729 2884 35 84 60 44 188 0 4.54 4.54 
70901 2922 35 85 61 45 190 0 4.54 5.81 
71073 2864 36 85 61 44 189 2 5.81 4.52 
71245 2844 32 79 56 41 176 0 4.86 5.80 
71417 2712 32 83 57 42 180 0 5.81 5.49 
71589 9501 44 59 73 71 203 0 5.81 5.49 
71761 9671 46 61 77 75 215 0 6.14 17.07 
71934 10921 57 72 95 95 263 0 5.81 4.54 
72106 12403 60 77 104 107 289 1 5.81 4.54 
72278 12403 60 77 104 107 290 0 5.81 5.49 
72450 12403 60 77 104 107 290 0 6.14 6.78 
72622 10984 60 75 100 100 277 0 6.14 36.31 
72796 4406 27 71 55 49 175 0 6.14 18.65 
72969 3346 22 95 61 58 212 0 5.81 4.52 
73141 3404 21 88 57 54 196 1 6.78 4.54 
73313 7753 49 76 83 78 238 0 6.78 5.81 
73485 11903 60 76 102 104 283 0 5.81 4.54 
73657 11423 61 77 103 104 285 3 5.81 4.52 
73829 10836 56 73 95 95 264 0 4.86 4.52 
74001 9767 52 69 87 85 241 0 6.14 5.49 
74173 10751 56 74 95 95 265 2 6.14 5.49 
74345 10751 56 74 95 95 264 0 6.14 5.49 
74517 10751 56 74 95 95 264 0 6.14 5.49 
74689 10751 56 74 95 95 264 0 6.14 5.49 
74861 10751 56 74 95 95 265 0 6.14 5.49 
75033 10751 56 74 95 95 265 0 6.14 5.49 
75205 10751 56 74 95 95 265 0 6.14 5.49 
75377 10751 56 74 95 95 265 0 6.14 22.41 
75550 10770 55 73 94 94 262 0 5.81 6.78 
75722 7738 44 66 74 69 209 0 5.81 6.77 
75894 2073 29 105 62 47 212 0 16.13 4.52 
76066 3119 47 88 70 47 205 0 6.14 6.77 
76238 3583 158 167 180 98 452 0 7.11 10.08 
76410 3585 121 134 141 79 358 0 5.81 4.54 
76582 7357 32 66 62 60 189 0 5.81 4.54 
76754 10030 31 73 68 71 212 0 5.81 4.52 
76926 9358 32 73 68 70 212 0 5.81 4.54 
77098 8760 31 70 65 66 201 0 5.81 5.80 
77270 3638 111 126 132 76 338 0 5.81 4.52 
77442 3598 128 137 147 81 370 0 5.81 15.79 
77614 2909 41 91 67 47 205 0 5.81 4.54 
77786 2576 36 101 67 50 216 0 7.11 4.54 
77958 8962 43 59 72 69 201 0 6.78 4.54 
78130 9422 41 56 69 67 193 0 6.78 5.81 
78302 9161 45 58 73 70 202 0 9.76 5.81 
78474 9614 43 57 72 70 200 0 5.81 4.54 
78646 8440 42 56 68 64 188 0 4.86 5.80 
78818 7693 39 54 63 58 174 0 5.81 4.52 
78990 8082 38 54 63 59 176 1 5.81 4.52 
79162 8209 40 55 65 61 181 0 4.54 6.77 
79334 8747 40 55 66 63 185 0 5.81 4.52 
79506 7191 36 70 67 64 201 2 5.81 4.52 
79678 3855 38 101 75 65 241 0 6.78 5.81 
79850 4157 97 142 137 99 382 0 7.11 5.81 
80022 4031 110 164 155 111 433 2 5.81 4.52 
80194 4114 124 181 174 125 484 0 5.81 4.52 
80366 4099 126 183 176 126 490 0 6.78 5.81 
80538 4099 126 183 176 126 490 1 6.78 5.81 
80710 4126 124 182 175 126 488 0 6.78 5.81 
80882 4118 128 185 179 128 497 0 5.81 4.52 
81054 4133 120 176 169 122 471 0 5.81 4.54 
81226 4083 108 159 152 109 422 0 5.81 4.54 
81398 4077 113 165 158 113 439 0 5.81 4.52 
81570 4077 113 165 158 113 439 0 5.81 4.52 
81742 4082 111 165 157 113 437 0 5.81 4.54 
81914 4082 111 165 157 113 437 0 5.81 4.52 
82086 4090 113 166 159 114 442 0 5.81 4.52 
82258 4092 114 169 161 116 449 0 5.81 4.54 
82430 3177 100 145 128 75 351 0 5.81 5.81 
82602 2762 95 140 116 58 318 0 5.81 6.78 
82774 2606 29 91 59 47 196 0 5.81 6.78 
82946 6735 61 71 89 76 236 0 4.86 6.77 
83118 7317 68 63 93 79 236 0 4.84 5.49 
83290 4612 43 60 61 46 167 0 9.42 5.49 
83462 3908 37 61 55 40 156 0 6.14 5.49 
83634 4964 40 55 58 45 159 0 5.83 5.49 
83806 7507 67 62 92 79 234 0 5.81 15.79 
83978 5814 52 71 78 65 214 0 4.54 5.49 
84150 2756 32 90 61 47 197 0 4.84 5.49 
84322 2713 31 90 60 47 197 0 4.84 5.49 
84494 2796 33 91 62 48 200 0 4.84 5.49 
84666 3221 30 75 55 43 172 0 4.86 5.49 
84838 7271 63 60 87 74 222 0 4.84 5.49 
85010 7577 68 62 93 80 235 0 4.86 5.49 
85182 8039 74 63 101 88 253 0 4.86 5.49 
85354 7704 69 61 94 81 238 0 6.14 16.12 
85526 2970 35 73 55 38 165 0 6.14 4.20 
85698 2415 38 98 65 44 205 0 5.81 44.79 
85872 2376 38 99 65 44 206 0 4.84 15.79 
86044 2415 38 98 65 44 206 0 5.81 4.52 
86216 2394 36 94 62 42 197 0 5.81 4.52 
86388 2582 34 81 56 38 174 0 5.81 4.52 
86560 2582 34 81 56 38 173 0 5.51 4.52 
86732 2271 37 100 64 43 207 0 5.51 4.52 
86904 3419 50 69 64 39 173 0 5.51 4.54 
87076 3770 92 79 98 50 229 0 5.81 5.49 
87248 3770 92 79 98 50 229 0 4.86 5.49 
87420 3782 92 77 97 49 226 0 4.84 5.49 
87592 3782 90 77 96 49 224 0 4.54 4.54 
87764 3836 66 63 74 41 180 0 5.81 5.80 
87936 3746 98 80 102 50 235 0 15.83 8.38 
88109 3775 99 82 104 52 240 0 5.81 7.41 
88281 3734 109 87 112 54 256 0 13.14 6.14 
88453 3748 112 88 115 55 262 0 13.46 6.14 
88625 3727 101 84 106 52 244 0 11.44 7.11 
88797 3727 101 84 106 52 245 0 10.10 5.81 
88969 3727 101 84 106 52 245 0 6.46 9.08 
89141 3727 101 84 106 52 245 0 9.08 9.40 
89313 3727 101 84 106 52 245 0 11.44 7.41 
89485 3727 101 84 106 52 245 0 6.78 5.80 
89657 3747 111 88 114 55 260 0 5.81 4.52 
89829 3738 112 90 116 56 264 0 5.81 5.49 
90001 3763 94 84 102 53 242 0 5.81 5.81 
90173 3698 99 82 103 50 238 0 5.81 3.25 
90345 3764 83 87 96 55 241 0 5.81 3.25 
90517 3831 80 77 90 50 218 0 5.81 3.25 
90689 3737 109 90 114 56 262 0 5.81 3.25 
90861 3751 113 91 117 57 269 0 5.81 3.25 
91033 3753 108 83 110 52 249 0 5.81 4.54 
91205 3743 108 85 111 53 253 0 5.81 4.54 
91377 3743 108 85 111 53 252 0 5.81 5.80 
91549 3729 106 84 109 52 248 0 5.81 5.81 
91721 3752 105 83 108 52 247 0 6.78 4.52 
91893 3752 105 83 108 52 247 0 15.83 9.40 
92066 3752 103 83 107 52 245 0 8.38 5.81 
92238 3642 69 70 78 42 191 0 7.11 5.81 
92410 3679 71 69 79 42 191 0 7.43 4.52 
92582 3601 68 68 76 40 185 0 5.81 4.52 
92754 3648 72 70 80 42 192 0 6.78 15.81 
92926 3732 92 82 99 51 234 0 5.81 4.52 
93098 3725 110 89 114 55 261 0 5.81 4.52 
93270 3746 98 80 102 50 235 0 5.81 4.52 
93442 3756 93 78 98 49 227 0 5.81 4.52 
93614 3730 94 79 99 49 229 0 5.81 4.52 
93786 3737 101 82 105 51 240 0 5.81 4.54 
93958 3729 106 84 109 52 248 0 5.81 4.52 
94130 3743 108 85 111 53 253 0 4.54 4.54 
94302 3756 109 86 112 54 254 0 4.84 4.52 
94474 3760 111 89 115 56 263 0 5.81 4.54 
94646 2332 48 114 76 47 235 1 5.81 4.52 
94818 1652 42 166 85 52 300 0 5.81 4.52 
94990 1665 44 170 88 53 309 0 7.11 4.54 
95162 1664 46 174 90 54 315 1 7.11 9.74 
95334 1671 46 175 91 55 318 0 6.78 4.52 
95506 1692 44 165 87 53 304 0 5.81 6.14 
95678 6639 105 111 146 122 382 2 5.81 3.25 
95850 2587 29 87 57 44 186 0 5.81 6.77 
96022 2502 158 229 182 75 494 0 5.81 5.80 
96194 3390 125 175 161 98 441 1 5.81 6.44 
96366 4031 150 212 206 144 570 0 5.81 3.25 
96538 4011 171 249 238 168 664 0 8.38 4.52 
96710 1627 13 148 76 80 300 1 10.42 4.52 
96882 5201 44 100 84 76 260 0 5.81 7.74 
97054 7040 85 108 129 114 354 0 10.10 3.25 
97226 7542 103 126 157 141 428 0 8.74 9.42 
97398 2281 35 113 70 53 234 0 8.74 5.81 
97570 1669 26 170 80 61 306 0 12.80 5.85 
97742 1784 23 170 77 58 301 0 8.38 4.54 
97914 1802 22 168 76 58 298 0 6.46 5.81 
98086 1776 29 125 68 51 241 0 18.99 4.54 
98259 7599 105 128 160 144 436 12 5.81 5.81 
98431 2872 23 127 76 75 275 0 6.78 4.52 
98603 2635 113 204 154 87 540 0 6.78 4.52 
98775 2622 131 187 153 68 422 0 6.78 5.81 
98947 2731 80 117 97 47 266 0 8.06 7.11 
99119 2537 143 207 166 70 450 0 6.78 7.09 
99291 2531 153 219 176 73 476 0 5.81 4.52 
99463 2532 152 218 175 73 473 0 5.81 4.52 
99635 2539 153 220 177 74 479 0 6.78 5.81 
99807 2583 130 184 150 64 405 0 5.81 4.52 
99979 2812 84 113 98 46 263 8 5.81 4.52 
100151 2638 116 163 135 59 364 0 5.81 4.52 
100323 2553 156 223 180 76 487 0 6.46 8.38 
100495 2590 140 198 162 69 436 0 8.07 7.11 
100667 2545 167 236 191 79 515 0 6.78 7.11 
100839 2545 167 236 191 79 515 5 8.40 8.72 
101011 2545 167 236 191 79 515 0 4.86 4.52 
101183 2659 117 171 140 65 384 0 7.11 4.52 
101355 1858 29 126 70 55 248 0 6.14 5.49 
101527 1626 20 152 75 66 287 0 5.81 4.52 
101699 1625 19 142 70 61 269 2 5.81 4.54 
101871 1622 22 147 74 64 280 0 5.81 4.52 
102043 1636 23 147 75 64 281 1 5.81 4.52 
102215 1628 23 148 75 64 281 0 5.81 4.52 
102387 1628 23 148 75 64 281 0 5.81 4.52 
102559 1628 23 148 75 64 281 16 5.81 4.52 
102731 1628 23 148 75 64 281 0 5.81 4.52 
102903 1628 23 148 75 64 281 0 5.81 4.54 
103075 1628 23 148 75 64 282 2 5.81 4.52 
103247 1628 23 148 75 64 282 0 5.81 4.54 
103419 1628 23 148 75 64 282 6 5.81 4.54 
103591 1628 23 148 75 64 282 0 5.81 4.52 
103763 1628 23 148 75 64 282 0 5.81 4.52 
103935 1628 23 148 75 64 282 0 5.81 4.52 
104107 1628 23 148 75 64 282 0 5.81 4.52 
104279 1628 23 148 75 64 282 7 5.81 4.52 
104451 1628 23 148 75 64 282 0 5.81 4.52 
104623 1628 23 148 75 64 282 0 5.81 4.52 
104795 1628 23 148 75 64 282 0 5.81 4.52 
104967 1628 23 148 75 64 282 0 5.81 4.54 
105139 1628 23 148 75 64 282 6 5.81 4.54 
105311 1628 23 148 75 64 282 0 5.81 4.52 
105483 1628 23 148 75 64 282 0 5.81 4.52 
105655 1628 23 148 75 64 282 0 5.81 4.52 
105827 1628 23 148 75 64 282 0 5.81 4.52 
105999 1628 23 148 75 64 282 1 5.81 4.54 
106171 1628 23 148 75 64 282 0 5.81 4.52 
106343 1628 23 148 75 64 282 0 5.81 4.52 
106515 1628 23 148 75 64 282 0 5.81 4.52 
106687 1628 23 148 75 64 282 0 5.81 4.52 
106859 1628 23 148 75 64 282 16 5.81 4.52 
107031 1628 23 148 75 64 282 0 5.81 4.54 
107203 1628 23 148 75 64 282 0 5.81 4.54 
107375 1628 23 148 75 64 282 3 5.81 4.52 
107547 1628 23 148 75 64 282 0 5.81 4.52 
107719 1628 23 148 75 64 282 6 5.81 4.52 
107891 1628 23 148 75 64 282 3 5.81 4.52 
108063 1628 23 148 75 64 282 0 5.81 4.52 
108235 1628 23 148 75 64 282 0 5.81 4.52 
108407 1628 23 148 75 64 282 2 5.81 4.52 
108579 1628 23 148 75 64 282 6 5.81 4.52 
108751 1628 23 148 75 64 282 0 5.81 4.52 
108923 1628 23 148 75 64 282 0 5.81 4.52 
109095 1628 23 148 75 64 282 0 5.81 4.52 
109267 1628 23 148 75 64 282 0 5.81 4.52 
109439 1628 23 148 75 64 282 12 5.81 4.52 
109611 1628 23 148 75 64 282 0 5.81 4.52 
109783 1628 23 148 75 64 282 0 5.81 4.52 
109955 1628 23 148 75 64 282 0 5.81 4.52 
110127 1628 23 148 75 64 282 0 5.81 4.52 
110299 1628 23 148 75 64 282 2 5.81 4.52 
110471 1628 23 148 75 64 282 0 5.81 4.52 
110643 1628 23 148 75 64 282 0 5.81 4.54 
110815 1628 23 148 75 64 282 0 5.81 4.54 
110987 1628 23 148 75 64 282 0 5.83 4.52 
111159 1628 23 148 75 64 282 11 5.83 4.54 
111331 1628 23 148 75 64 282 0 5.81 4.54 
111503 1628 23 148 75 64 282 0 5.81 4.52 
111675 1628 23 148 75 64 282 0 5.81 4.52 
111847 1628 23 148 75 64 282 0 5.81 4.52 
112019 1628 23 148 75 64 282 6 5.81 4.52 
112191 1628 23 148 75 64 282 0 5.81 4.52 
112363 1628 23 148 75 64 282 0 5.81 4.54 
