=~=~=~=~=~=~=~=~=~=~=~= PuTTY log 2025.11.26 17:53:49 =~=~=~=~=~=~=~=~=~=~=~=
ets Jul 29 2019 12:21:46

rst:0x1 (POWERON_RESET),boot:0x13 (SPI_FAST_FLASH_BOOT)
configsip: 0, SPIWP:0xee
clk_drv:0x00,q_drv:0x00,d_drv:0x00,cs0_drv:0x00,hd_drv:0x00,wp_drv:0x00
mode:DIO, clock div:1
load:0x3fff0030,len:4980
load:0x40078000,len:16612
load:0x40080400,len:3480
entry 0x400805b4
Found sensor
Milis - ColorTemp - Lux - R - G - B - C - Pot - UsensA - UsensB

399 3169 37 70 56 38 164 0 66.64 58.14 
578 3169 37 70 56 38 164 0 66.64 56.75 
756 3169 37 70 56 38 164 0 66.66 64.99 
935 3169 37 70 56 38 164 0 66.23 56.35 
1113 3169 37 70 56 38 164 0 66.64 64.57 
1292 3169 37 70 56 38 164 0 66.23 56.34 
1470 3169 37 70 56 38 164 2 66.23 58.02 
1648 3169 37 70 56 38 164 0 66.23 55.91 
1826 3169 37 70 56 38 164 0 66.64 56.75 
2004 3169 37 70 56 38 164 3 66.66 55.91 
2182 3169 37 70 56 38 164 0 66.23 64.53 
2361 3169 37 70 56 38 164 0 66.66 56.34 
2539 3169 37 70 56 38 164 4 66.23 64.55 
2718 3169 37 70 56 38 164 0 66.23 58.96 
2897 3169 37 70 56 38 164 0 66.23 64.97 
3076 3169 37 70 56 38 164 0 66.18 58.97 
3255 3169 37 70 56 38 164 1 66.18 64.96 
3434 3169 37 70 56 38 164 0 66.16 64.97 
3613 3169 37 70 56 38 164 0 66.16 59.82 
3792 3169 37 70 56 38 164 0 66.18 55.95 
3970 3169 37 70 56 38 164 0 66.18 64.96 
4149 3169 37 70 56 38 164 0 66.20 55.91 
4327 3169 37 70 56 38 164 0 66.18 64.96 
4506 3169 37 70 56 38 164 3 66.18 55.93 
4684 3169 37 70 56 38 164 0 66.18 56.34 
4862 3169 37 70 56 38 164 0 66.20 56.30 
5040 3169 37 70 56 38 164 4 66.18 55.91 
5218 3169 37 70 56 38 164 0 66.20 55.93 
5396 3169 37 70 56 38 164 0 66.18 56.76 
5574 3169 37 70 56 38 164 3 66.18 65.35 
5753 3241 37 70 56 39 164 0 66.18 64.55 
5932 3169 37 70 56 38 164 0 66.59 65.38 
6111 3241 37 70 56 39 164 0 66.59 55.93 
6289 3241 37 70 56 39 164 1 66.61 57.72 
6467 3241 37 70 56 39 164 0 66.61 64.96 
6646 3241 37 70 56 39 165 0 66.59 64.96 
6825 3241 37 70 56 39 165 3 66.20 64.96 
7004 3241 37 70 56 39 165 0 66.59 64.97 
7183 3241 37 70 56 39 165 0 66.18 64.57 
7362 3241 37 70 56 39 164 0 66.18 64.96 
7541 3241 37 70 56 39 164 3 66.18 64.53 
7720 3241 37 70 56 39 164 0 66.18 64.96 
7899 3241 37 70 56 39 164 0 66.18 64.96 
8078 3241 37 70 56 39 164 0 66.20 60.23 
8257 3241 37 70 56 39 164 0 66.20 64.99 
8436 3241 37 70 56 39 164 0 66.61 65.38 
8615 3241 37 70 56 39 164 0 66.18 64.99 
8794 3241 37 70 56 39 164 0 66.18 64.97 
8973 3241 37 70 56 39 164 0 66.18 64.55 
9152 3241 37 70 56 39 164 0 66.20 64.57 
9331 3241 37 70 56 39 164 0 66.18 64.96 
9510 3241 37 70 56 39 164 2 66.18 64.99 
9689 3241 37 70 56 39 164 0 66.20 64.97 
9868 3241 37 70 56 39 164 0 66.18 64.97 
10047 3241 37 70 56 39 164 0 66.18 64.57 
10226 3241 37 70 56 39 164 5 66.61 64.94 
10405 3241 37 70 56 39 164 0 66.20 64.97 
10584 3241 37 70 56 39 164 0 66.62 65.38 
10763 3241 37 70 56 39 164 0 66.74 64.55 
10942 3241 37 70 56 39 164 2 66.32 55.78 
11120 3144 36 70 55 38 164 0 66.33 55.78 
11298 3144 36 70 55 38 163 0 66.33 55.79 
11476 3144 36 70 55 38 163 6 66.76 55.79 
11654 3144 36 70 55 38 163 0 66.33 63.58 
11833 3144 36 70 55 38 163 0 66.33 56.20 
12011 3144 36 70 55 38 163 0 66.33 55.79 
12189 3144 36 70 55 38 163 0 66.33 55.78 
12367 3144 36 70 55 38 163 0 66.32 57.58 
12545 3144 36 70 55 38 163 0 66.33 58.84 
12724 3144 36 70 55 38 163 0 66.32 56.75 
12902 3144 36 70 55 38 163 0 66.33 56.75 
13080 3144 36 70 55 38 163 0 66.32 57.60 
13258 3144 36 70 55 38 163 0 66.74 57.15 
13436 3144 36 70 55 38 163 0 66.33 64.55 
13615 3203 36 69 55 38 163 0 66.35 55.78 
13793 3144 36 70 55 38 163 4 66.33 57.60 
13971 3144 36 70 55 38 163 0 66.74 57.60 
14149 3203 36 69 55 38 163 0 66.33 57.60 
14327 3144 36 70 55 38 163 6 66.32 58.00 
14505 3144 36 70 55 38 163 0 66.33 58.00 
14683 3144 36 70 55 38 163 0 66.79 55.79 
14861 3144 36 70 55 38 163 4 67.22 64.55 
15040 3144 36 70 55 38 163 0 67.08 64.97 
15219 3144 36 70 55 38 163 0 66.78 55.79 
15397 3144 36 70 55 38 163 0 66.79 55.79 
15575 3144 36 70 55 38 163 0 67.08 64.97 
15754 3144 36 70 55 38 163 0 66.78 55.79 
15932 3203 36 69 55 38 163 0 67.20 55.78 
16110 3144 36 70 55 38 163 3 66.78 55.78 
16288 3144 36 70 55 38 163 0 66.78 55.78 
16466 3144 36 70 55 38 163 0 66.78 55.79 
16644 3144 36 70 55 38 163 4 66.78 55.78 
16822 3144 36 70 55 38 163 0 66.32 57.02 
17000 3144 36 70 55 38 163 0 66.33 55.78 
17178 3144 36 70 55 38 163 4 66.76 55.79 
17356 3144 36 70 55 38 163 0 66.33 64.12 
17535 3144 36 70 55 38 163 0 66.33 64.14 
17714 3144 36 70 55 38 163 0 66.33 55.79 
17892 3144 36 70 55 38 163 0 66.32 64.12 
18071 3144 36 70 55 38 163 0 66.32 64.14 
18250 3144 36 70 55 38 163 0 66.33 64.58 
18429 3203 36 69 55 38 163 7 66.32 64.14 
18608 3203 36 69 55 38 163 0 66.74 64.16 
18787 3203 36 69 55 38 163 0 66.32 64.14 
18966 3203 36 69 55 38 163 0 66.32 64.14 
19145 3203 36 69 55 38 163 12 66.32 64.53 
19324 3203 36 69 55 38 163 0 66.32 64.11 
19503 3203 36 69 55 38 163 0 66.74 64.12 
19682 3203 36 69 55 38 163 0 66.72 64.12 
19861 3203 36 69 55 38 163 3 66.32 64.14 
20040 3203 36 69 55 38 163 0 66.32 64.12 
20219 3203 36 69 55 38 163 0 66.32 64.55 
20398 3203 36 69 55 38 163 0 66.72 64.14 
20577 3203 36 69 55 38 163 2 66.74 64.58 
20756 3144 36 70 55 38 163 0 66.74 64.55 
20935 3144 36 70 55 38 163 0 66.74 64.57 
21114 3203 36 69 55 38 163 0 66.32 64.57 
21293 3203 36 69 55 38 163 0 16.46 56.61 
21468 3203 36 69 55 38 163 0 66.32 64.55 
21647 3144 36 70 55 38 163 0 66.72 64.12 
21826 3144 36 70 55 38 163 0 66.74 64.53 
22005 3203 36 69 55 38 163 0 66.76 55.78 
22183 3144 36 70 55 38 163 0 66.32 55.79 
22361 3203 36 69 55 38 163 3 66.32 64.55 
22540 3203 36 69 55 38 163 0 66.74 64.55 
22719 3144 36 70 55 38 163 0 66.33 64.12 
22898 3144 36 70 55 38 163 0 66.33 55.78 
23076 3144 36 70 55 38 163 0 66.32 58.41 
23254 3144 36 70 55 38 163 0 66.74 64.55 
23433 3144 36 70 55 38 163 0 66.32 56.20 
23611 3144 36 70 55 38 163 4 66.30 64.57 
23790 3144 36 70 55 38 163 0 66.33 59.67 
23969 3144 36 70 55 38 163 0 66.32 55.79 
24147 3144 36 70 55 38 163 0 66.74 57.60 
24325 3144 36 70 55 38 163 0 66.32 55.78 
24503 3144 36 70 55 38 163 0 66.32 55.79 
24681 3144 36 70 55 38 163 0 66.74 55.78 
24859 3144 36 70 55 38 163 0 66.32 57.99 
25037 3144 36 70 55 38 163 0 66.33 55.78 
25215 3144 36 70 55 38 163 0 66.32 55.78 
25393 3144 36 70 55 38 163 0 66.33 55.78 
25571 3144 36 70 55 38 163 0 66.32 55.79 
25749 3144 36 70 55 38 163 0 66.32 60.08 
25928 3144 36 70 55 38 163 0 66.33 56.19 
26106 3144 36 70 55 38 163 0 66.47 63.29 
26285 3144 36 70 55 38 163 0 66.33 60.11 
26464 3093 37 73 57 39 169 1 70.40 56.61 
26643 3093 37 73 57 39 169 0 69.67 54.99 
26821 5503 44 55 63 50 168 0 56.58 56.19 
26999 6640 55 55 75 62 194 8 53.91 55.49 
27177 6658 55 56 76 63 195 0 16.46 54.30 
27352 5154 39 52 56 44 152 0 53.06 53.97 
27529 3228 31 72 54 41 164 5 18.04 52.14 
27704 3228 31 72 54 41 166 0 16.46 16.75 
27877 3247 32 75 56 43 174 0 16.46 18.33 
28050 3247 36 79 60 45 184 0 16.15 50.12 
28225 3286 36 80 61 46 186 0 11.80 47.57 
28400 3149 34 74 56 41 170 0 11.80 46.17 
28575 3294 49 75 66 41 184 0 9.76 40.87 
28749 3224 56 83 73 44 201 0 9.76 41.31 
28923 3238 57 83 74 44 202 0 9.76 42.62 
29097 3238 57 83 74 44 202 5 11.78 45.00 
29271 3238 57 83 74 44 202 0 11.78 45.41 
29446 3238 57 83 74 44 203 2 16.46 44.61 
29621 3287 56 83 74 45 203 0 49.16 42.82 
29798 3249 53 80 70 43 194 4 58.80 42.64 
29975 3587 41 63 57 38 159 0 57.54 42.60 
30152 3587 41 63 57 38 159 0 57.95 42.64 
30329 3587 41 63 57 38 159 2 57.95 42.64 
30506 3587 41 63 57 38 159 0 50.00 44.01 
30683 3587 41 63 57 38 159 0 62.68 43.81 
30860 3346 46 70 62 39 172 0 61.85 16.75 
31036 3238 55 81 72 43 197 0 15.16 48.76 
31211 3224 56 83 73 44 201 0 16.15 47.17 
31386 3311 49 73 65 40 179 0 15.50 49.08 
31561 3327 49 71 64 39 175 0 53.57 15.81 
31736 3224 56 83 73 44 201 0 53.58 16.75 
31911 3263 56 82 73 44 200 0 54.40 16.75 
32086 3263 56 82 73 44 200 0 53.57 16.75 
32261 3263 56 82 73 44 200 0 53.57 15.81 
32436 3263 56 82 73 44 201 0 53.57 15.81 
32611 3263 56 82 73 44 201 0 53.57 15.81 
32786 3263 56 82 73 44 201 0 53.57 15.81 
32961 3263 56 82 73 44 201 0 53.57 16.76 
33136 3263 56 82 73 44 201 0 57.41 15.79 
33311 3263 56 82 73 44 201 0 55.73 15.81 
33486 3263 56 82 73 44 201 0 53.57 16.75 
33661 3263 56 82 73 44 201 0 7.11 16.76 
33834 3263 56 82 73 44 201 0 7.11 16.76 
34007 3263 56 82 73 44 201 0 53.07 16.75 
34182 3263 56 82 73 44 201 4 4.54 2.92 
34354 3263 56 82 73 44 201 0 4.54 2.92 
34526 3263 56 82 73 44 201 0 4.54 2.92 
34698 3263 56 82 73 44 201 7 4.54 2.92 
34870 3263 56 82 73 44 201 0 4.54 2.92 
35042 3287 56 83 74 45 203 0 4.54 2.92 
35214 3249 56 84 74 45 204 3 4.54 2.92 
35386 3249 56 84 74 45 204 0 4.54 2.92 
35558 3249 56 84 74 45 204 0 4.54 2.92 
35730 3249 56 84 74 45 204 0 4.54 2.92 
35902 3287 56 83 74 45 203 0 4.54 2.92 
36074 3287 56 83 74 45 203 0 4.54 2.92 
36246 3224 56 83 73 44 201 0 4.54 2.92 
36418 3249 56 84 74 45 204 0 4.54 2.92 
36590 3249 56 84 74 45 204 0 4.54 2.92 
36762 3238 57 83 74 44 202 0 4.54 2.92 
36934 3238 57 83 74 44 202 2 4.54 2.92 
37106 3238 57 83 74 44 202 0 4.54 2.92 
37278 3238 57 83 74 44 202 0 4.54 2.92 
37450 3238 57 83 74 44 202 6 4.54 2.92 
37622 3238 57 83 74 44 202 0 4.54 2.92 
37794 3238 57 83 74 44 202 0 4.54 2.92 
37966 3238 57 83 74 44 202 8 4.54 2.92 
38138 3238 57 83 74 44 202 0 48.04 47.38 
38315 3238 57 83 74 44 202 2 47.63 47.77 
38492 3238 57 83 74 44 202 0 47.65 47.77 
38669 3238 57 83 74 44 202 0 48.06 47.77 
38846 3238 57 83 74 44 202 0 12.12 47.79 
39021 3238 57 83 74 44 202 0 12.12 47.38 
39196 3238 57 83 74 44 202 0 3.25 2.92 
39368 3238 57 83 74 44 202 2 4.54 2.92 
39540 3238 57 83 74 44 202 0 12.12 2.92 
39712 3238 57 83 74 44 202 0 12.12 2.92 
39884 3238 57 83 74 44 202 2 12.12 2.92 
40056 3238 57 83 74 44 202 0 12.12 47.38 
40231 3238 57 83 74 44 202 0 48.04 47.77 
40408 3238 57 83 74 44 202 0 48.04 47.77 
40585 3238 57 83 74 44 202 0 48.06 47.77 
40762 3238 57 83 74 44 202 0 48.06 47.77 
40939 3238 57 83 74 44 202 0 48.04 47.36 
41116 3238 57 83 74 44 202 5 48.04 47.79 
41293 3238 57 83 74 44 202 0 48.06 47.79 
41470 3238 57 83 74 44 202 0 48.06 47.38 
41647 3238 57 83 74 44 202 0 48.04 47.36 
41824 3238 57 83 74 44 202 0 48.04 47.38 
42001 3238 57 83 74 44 202 3 14.16 48.76 
42176 3238 57 83 74 44 202 0 16.78 50.27 
42351 3253 50 73 65 39 178 2 19.64 51.12 
42526 3340 29 62 48 36 146 0 53.91 51.63 
42703 3247 34 77 58 44 178 0 53.91 51.99 
42880 3205 33 76 57 43 175 0 53.38 50.44 
43057 3127 34 76 57 42 175 0 17.42 49.78 
43232 3313 34 76 58 44 176 2 16.15 49.28 
43407 3309 36 78 60 45 182 0 15.52 48.94 
43582 3300 34 70 55 40 164 0 14.16 47.79 
43757 3425 47 70 63 40 173 0 14.16 47.97 
43932 3249 56 84 74 45 204 0 14.16 47.97 
44107 3262 58 84 75 45 206 0 14.16 35.62 
44281 3224 57 85 75 45 206 0 14.16 35.62 
44455 3224 57 85 75 45 206 0 14.16 35.62 
44629 3224 57 85 75 45 206 0 14.14 47.97 
44804 3224 57 85 75 45 206 0 14.16 35.62 
44978 3224 57 85 75 45 206 0 14.16 47.97 
45153 3224 57 85 75 45 206 0 14.16 35.63 
45327 3224 57 85 75 45 206 0 14.16 35.62 
45501 3224 57 85 75 45 206 4 14.16 35.62 
45675 3224 57 85 75 45 206 0 14.16 47.96 
45850 3224 57 85 75 45 206 4 14.16 35.62 
46024 3224 57 85 75 45 206 0 14.16 47.99 
46199 3224 57 85 75 45 206 12 14.16 35.62 
46373 3224 57 85 75 45 206 0 14.16 47.97 
46548 3224 57 85 75 45 206 0 14.16 37.67 
46722 3224 57 85 75 45 206 0 4.54 2.92 
46894 3224 57 85 75 45 206 0 3.26 2.92 
47066 3224 57 85 75 45 206 4 1.97 2.92 
47237 3224 57 85 75 45 206 0 3.25 1.97 
47408 3224 57 85 75 45 206 0 2.30 1.97 
47579 3224 57 85 75 45 206 0 2.28 1.97 
47750 3224 57 85 75 45 206 7 2.28 1.97 
47921 3224 57 85 75 45 206 0 2.30 1.97 
48092 3224 57 85 75 45 206 0 2.28 1.97 
48263 3224 57 85 75 45 206 0 2.28 1.97 
48434 3224 57 85 75 45 206 5 2.30 1.97 
48605 3224 57 85 75 45 206 0 2.30 1.97 
48776 3224 57 85 75 45 206 0 2.30 1.97 
48947 3224 57 85 75 45 206 0 2.28 1.97 
49118 3224 57 85 75 45 206 2 2.30 1.97 
49289 3224 57 85 75 45 206 0 2.28 1.97 
49460 3224 57 85 75 45 206 0 2.30 1.97 
49631 3224 57 85 75 45 206 0 2.28 1.97 
49802 3224 57 85 75 45 206 0 2.30 1.96 
49973 3224 57 85 75 45 206 0 2.28 1.97 
50144 3224 57 85 75 45 206 0 2.30 1.97 
50315 3224 57 85 75 45 206 3 2.30 1.97 
50486 3224 57 85 75 45 206 0 3.26 1.97 
50657 3224 57 85 75 45 206 0 4.54 2.92 
50829 3224 57 85 75 45 206 0 55.59 48.04 
51006 3224 57 85 75 45 206 0 49.84 47.96 
51183 3224 57 85 75 45 206 3 49.84 47.97 
51360 3224 57 85 75 45 206 0 48.65 47.97 
51537 3224 57 85 75 45 206 0 48.65 47.96 
51714 3224 57 85 75 45 206 0 15.52 47.96 
51889 3224 57 85 75 45 206 0 48.25 47.97 
52066 3224 57 85 75 45 206 1 48.25 47.96 
52243 3224 57 85 75 45 206 0 48.25 47.96 
52420 3224 57 85 75 45 206 0 48.25 48.38 
52597 3224 57 85 75 45 206 0 48.25 47.97 
52774 3224 57 85 75 45 206 0 15.52 47.97 
52949 3224 57 85 75 45 206 0 15.50 47.97 
53124 3224 57 85 75 45 206 0 16.46 47.96 
53299 3224 57 85 75 45 206 15 16.46 47.96 
53474 3224 57 85 75 45 206 0 16.78 48.38 
53649 3224 57 85 75 45 206 2 16.46 47.97 
53824 3224 57 85 75 45 206 0 8.40 47.17 
53998 3224 57 85 75 45 206 0 16.46 46.56 
54173 3262 58 84 75 45 205 0 8.38 42.62 
54347 3350 50 77 68 43 189 0 7.11 37.91 
54521 4095 50 79 73 54 207 0 7.11 36.77 
54695 4041 46 74 68 50 192 0 7.11 32.30 
54868 3900 30 74 57 48 179 5 7.11 28.71 
55041 4249 30 64 53 44 161 0 8.40 32.32 
55215 6438 38 52 59 51 162 0 16.46 56.73 
55390 5005 37 56 56 45 158 0 16.46 55.95 
55565 3124 40 84 64 46 194 2 8.40 44.79 
55739 3341 35 71 56 41 168 0 8.40 55.78 
55914 3280 41 86 67 49 201 0 10.10 38.83 
56088 3051 44 98 73 53 223 0 10.10 49.25 
56263 3625 58 76 74 46 197 0 7.11 32.32 
56436 3668 71 85 87 52 225 0 10.10 54.84 
56611 4795 41 63 62 49 174 0 16.46 20.55 
56784 8411 27 58 55 55 168 0 16.46 17.07 
56957 10787 27 61 59 62 183 0 16.46 15.49 
57130 6824 28 56 53 50 159 0 42.48 15.81 
57305 7379 33 67 63 61 191 0 16.78 39.25 
57479 8902 37 79 75 76 230 0 8.38 16.42 
57652 8012 34 70 67 66 203 0 38.42 9.74 
57826 11517 27 63 60 64 187 0 7.11 34.88 
58000 16445 26 67 64 72 203 4 7.11 9.74 
58172 4556 34 79 64 56 200 0 16.78 30.51 
58346 3577 39 88 68 54 210 0 10.10 32.83 
58520 3640 39 87 68 54 211 0 7.11 17.39 
58693 3241 52 144 102 84 329 0 7.11 19.91 
58866 3275 54 153 108 90 351 6 7.11 32.06 
59039 3248 54 152 107 89 348 0 7.11 32.06 
59212 3248 54 152 107 89 348 0 7.11 32.04 
59385 3248 54 152 107 89 347 0 7.11 32.06 
59558 3248 54 152 107 89 347 0 7.11 32.06 
59731 3248 54 152 107 89 347 6 7.11 22.42 
59904 3290 54 151 107 89 347 0 7.11 30.77 
60077 3290 54 151 107 89 347 0 7.11 19.91 
60250 3290 54 151 107 89 347 1 7.11 17.37 
60423 3276 53 151 106 89 347 0 7.11 19.91 
60596 3290 54 151 107 89 347 0 7.11 32.06 
60769 3276 53 151 106 89 347 0 7.11 31.28 
60942 3276 53 151 106 89 346 0 7.11 19.91 
61115 3276 53 151 106 89 346 7 7.11 30.77 
61288 3276 53 151 106 89 346 0 8.40 9.74 
61460 3292 52 149 105 88 342 0 7.11 10.08 
61632 4035 40 92 73 61 227 4 7.11 13.45 
61804 13056 30 71 68 74 213 0 10.10 15.49 
61977 15511 29 72 69 77 218 0 10.10 12.44 
62149 13961 29 73 69 76 218 0 13.48 11.44 
62322 14081 29 72 68 75 215 0 7.11 16.75 
62495 4254 53 74 74 53 203 0 37.28 22.12 
62670 3469 101 125 123 71 322 0 47.65 29.50 
62846 2360 33 103 65 49 215 0 8.40 32.83 
63020 9902 55 71 91 89 252 0 8.40 54.33 
63195 11407 63 80 107 108 296 0 13.80 36.53 
63369 9637 48 65 81 79 225 0 16.15 43.04 
63544 10106 47 63 79 78 222 0 7.11 42.23 
63718 7603 39 56 64 59 181 0 8.40 42.62 
63892 6296 36 55 58 51 165 0 15.16 47.57 
64067 7138 39 56 63 57 178 0 10.10 43.21 
64241 11346 50 66 86 87 240 0 15.50 40.39 
64415 11542 53 66 89 90 246 1 15.50 45.00 
64590 12014 51 66 88 90 245 0 16.15 44.01 
64765 11542 53 66 89 90 247 5 16.15 43.62 
64940 11977 52 67 89 91 248 0 47.65 16.12 
65115 11449 52 67 89 90 247 3 49.35 16.12 
65290 8189 45 59 72 67 199 0 50.35 43.40 
65467 8290 46 59 73 68 202 0 51.20 43.42 
65644 7735 44 58 70 64 194 0 46.46 43.42 
65820 8077 44 58 70 65 196 0 39.56 35.85 
65996 10850 53 69 90 90 251 0 40.02 36.52 
66172 10984 65 81 108 108 298 0 40.00 36.52 
66348 9767 68 86 111 108 305 6 7.11 43.03 
66522 9462 69 87 112 108 306 0 7.11 36.99 
66696 9337 67 87 110 106 303 0 16.15 37.89 
66870 5332 32 63 57 50 171 0 15.50 38.15 
67044 3537 25 95 63 59 215 0 14.14 47.99 
67219 3477 24 97 63 60 219 3 15.50 43.03 
67394 4087 29 69 54 46 168 0 42.89 43.40 
67570 9932 53 68 88 86 243 0 16.78 43.01 
67745 12476 59 75 102 105 284 0 16.78 43.03 
67920 11903 60 76 102 104 283 0 16.78 43.03 
68095 11903 60 76 102 104 283 0 16.78 43.01 
68270 11903 60 76 102 104 283 0 16.78 42.99 
68445 11903 60 76 102 104 283 0 16.76 43.03 
68620 11903 60 76 102 104 283 0 16.78 43.03 
68795 11903 60 76 102 104 283 0 16.78 42.99 
68970 11903 60 76 102 104 283 0 16.76 43.03 
69145 11903 60 76 102 104 283 0 16.76 43.01 
69320 11903 60 76 102 104 283 0 15.50 43.01 
69495 11903 60 76 102 104 283 0 16.78 43.42 
69670 11903 60 76 102 104 283 0 15.50 43.01 
69845 11903 60 76 102 104 283 0 15.50 43.01 
70020 11903 60 76 102 104 283 0 16.76 43.01 
70195 11903 60 76 102 104 283 0 16.78 43.01 
70370 11903 60 76 102 104 283 0 8.38 43.03 
70544 11903 60 76 102 104 283 0 8.40 42.62 
70718 11903 60 76 102 104 283 0 8.38 42.60 
70892 11903 60 76 102 104 283 0 8.38 43.01 
71066 11903 60 76 102 104 283 0 45.47 43.03 
71242 11903 60 76 102 104 283 0 15.50 43.03 
71417 11903 60 76 102 104 283 0 15.52 43.42 
71592 11903 60 76 102 104 283 0 16.78 43.44 
71767 11903 60 76 102 104 283 0 17.41 44.40 
71942 11903 60 76 102 104 283 0 42.08 44.40 
72118 11903 60 76 102 104 283 0 17.71 16.12 
72291 11903 60 76 102 104 283 0 16.15 44.79 
72466 11903 60 76 102 104 283 0 15.50 43.01 
72641 11903 60 76 102 104 283 0 42.06 43.03 
72817 11903 60 76 102 104 283 0 12.12 43.03 
72991 11903 60 76 102 104 283 0 10.10 43.42 
73165 11903 60 76 102 104 283 0 15.50 43.01 
73340 11903 60 76 102 104 283 0 14.16 43.03 
73515 11903 60 76 102 104 283 1 14.16 43.03 
73690 11903 60 76 102 104 283 0 14.14 43.01 
73865 11903 60 76 102 104 283 1 14.14 43.01 
74040 11903 60 76 102 104 283 0 13.48 43.81 
74215 11903 60 76 102 104 283 1 15.83 49.08 
74390 11368 60 77 102 103 284 0 38.18 51.46 
74566 5940 83 113 125 105 344 0 13.48 51.29 
74741 7258 60 84 96 87 269 0 13.48 51.27 
74916 8478 46 64 76 72 213 0 13.48 42.62 
75090 9273 45 65 77 75 221 0 13.48 42.62 
75264 9273 45 65 77 75 221 1 13.80 52.14 
75439 9273 45 65 77 75 221 0 15.50 51.29 
75614 9273 45 65 77 75 221 2 1.97 1.97 
75785 9273 45 65 77 75 221 0 2.30 2.28 
75956 9273 45 65 77 75 221 0 2.28 2.28 
76127 9373 45 64 77 75 221 0 2.60 2.28 
76298 9373 45 64 77 75 221 0 2.62 2.28 
76469 9373 45 64 77 75 220 0 2.60 2.28 
76640 9373 45 64 77 75 220 0 1.97 1.97 
76811 9373 45 64 77 75 220 0 3.26 2.92 
76983 9373 45 64 77 75 221 0 15.83 52.14 
77158 9373 45 64 77 75 221 0 13.80 51.29 
77333 9373 45 64 77 75 221 0 14.82 51.29 
77508 9373 45 64 77 75 221 0 15.83 49.44 
77683 9373 45 64 77 75 221 0 15.83 49.45 
77858 9373 45 64 77 75 221 0 15.83 51.63 
78033 9273 45 65 77 75 221 0 15.83 48.93 
78208 9273 45 65 77 75 221 0 39.10 48.94 
78384 9273 45 65 77 75 221 0 38.66 49.44 
78560 9273 45 65 77 75 221 0 38.64 35.39 
78736 9273 45 65 77 75 221 0 39.12 48.94 
78912 9273 45 65 77 75 221 0 44.68 46.39 
79089 9273 45 65 77 75 221 0 48.04 48.91 
79266 9273 45 65 77 75 221 0 16.76 46.36 
79441 9273 45 65 77 75 221 0 16.76 46.78 
79616 9273 45 65 77 75 221 0 16.78 46.36 
79791 9273 45 65 77 75 221 0 16.76 50.93 
79966 9273 45 65 77 75 221 0 35.90 30.26 
80141 8478 46 64 76 72 214 0 15.83 26.69 
80315 12444 66 81 112 115 310 3 16.78 43.40 
80490 11384 64 81 108 109 299 0 15.50 23.27 
80663 4056 39 84 68 56 207 6 16.78 22.13 
80836 1766 30 133 72 55 258 0 15.50 28.97 
81010 2041 32 114 67 50 228 0 12.12 35.38 
81184 1854 30 120 67 50 233 0 10.10 11.76 
81356 1629 26 139 70 53 258 0 16.78 13.79 
81529 1635 26 138 70 53 257 5 8.40 11.76 
81701 1689 30 141 74 56 267 0 9.76 16.12 
81874 1716 31 143 76 57 274 0 9.76 16.12 
82047 1716 31 143 76 57 275 7 9.76 16.12 
82220 1716 31 143 76 57 274 0 9.76 16.12 
82393 1716 31 143 76 57 274 0 9.76 16.12 
82566 1716 31 143 76 57 274 0 9.76 16.12 
82739 1716 31 143 76 57 274 1 9.76 14.81 
82912 1716 31 143 76 57 274 0 9.76 16.12 
83085 1716 31 143 76 57 273 0 9.76 13.12 
83257 1716 31 143 76 57 273 0 10.78 11.42 
83429 1716 31 143 76 57 273 6 17.08 11.76 
83602 1676 28 140 73 56 266 0 16.46 16.44 
83775 1688 30 143 75 57 271 0 21.83 22.41 
83949 7021 62 96 103 94 294 0 46.05 28.71 
84125 10020 79 97 128 125 352 0 50.35 35.85 
84301 3215 19 114 68 70 250 0 48.84 43.40 
84478 4005 82 147 128 98 375 0 42.30 47.58 
84654 3441 98 143 130 82 360 0 47.04 48.94 
84831 2635 125 181 148 67 401 1 67.75 49.42 
85009 2590 33 99 65 50 213 0 39.56 47.79 
85185 2963 39 101 71 55 226 0 7.11 51.46 
85360 2520 35 116 74 59 246 0 16.78 45.41 
85535 2381 31 110 68 55 232 0 7.11 43.21 
85709 2820 32 95 64 51 209 0 16.76 42.42 
85884 2952 33 85 60 46 191 0 18.36 16.44 
86057 2992 33 81 58 44 182 0 18.36 17.39 
86230 2897 30 83 57 45 185 6 50.18 17.39 
86405 2811 29 86 58 46 189 0 16.78 17.70 
86578 2749 30 86 58 45 189 0 10.10 40.87 
86752 2792 30 88 59 47 194 0 7.11 40.43 
86926 2456 31 105 66 53 222 0 7.11 40.87 
87100 2418 31 111 69 56 234 0 7.11 39.73 
87274 2317 29 112 68 56 235 0 7.11 37.45 
87448 2441 33 115 72 58 243 1 8.38 37.91 
87622 2478 33 109 69 55 229 0 7.11 37.91 
87796 2545 35 112 72 57 236 2 7.11 37.91 
87970 2545 35 112 72 57 236 0 7.11 37.91 
88144 2545 35 112 72 57 236 0 7.11 37.91 
88318 2545 35 112 72 57 236 0 7.11 37.89 
88492 2545 35 112 72 57 236 0 7.11 37.91 
88666 2545 35 112 72 57 236 0 7.11 37.89 
88840 2545 35 112 72 57 236 0 7.11 37.89 
89014 2545 35 112 72 57 236 4 7.11 37.89 
89188 2545 35 112 72 57 236 0 12.12 37.91 
89362 2545 35 112 72 57 236 0 13.48 38.37 
89536 2545 35 112 72 57 236 0 12.12 37.45 
89710 2545 35 112 72 57 236 0 10.10 37.91 
89884 2545 35 112 72 57 236 0 13.48 38.37 
90058 2545 35 112 72 57 236 0 12.12 37.45 
90232 2545 35 112 72 57 236 0 16.46 37.91 
90406 2545 35 112 72 57 236 0 7.11 37.93 
90580 2545 35 112 72 57 236 5 16.13 37.91 
90754 2545 35 112 72 57 236 0 15.83 37.45 
90928 2545 35 112 72 57 236 0 14.14 37.45 
91102 2545 35 112 72 57 236 0 16.46 38.37 
91276 2545 35 112 72 57 236 0 42.30 37.91 
91452 2545 35 112 72 57 236 0 15.83 37.89 
91626 2545 35 112 72 57 236 0 15.83 37.89 
91800 2545 35 112 72 57 236 0 15.83 37.91 
91974 2545 35 112 72 57 236 0 15.83 37.89 
92148 2545 35 112 72 57 236 0 15.83 37.89 
92322 2545 35 112 72 57 236 0 15.83 37.91 
92496 2545 35 112 72 57 236 4 15.83 37.89 
92670 2545 35 112 72 57 236 0 15.83 37.91 
92844 2545 35 112 72 57 236 0 15.83 37.89 
93018 2545 35 112 72 57 236 0 15.83 37.91 
93192 2545 35 112 72 57 236 0 15.83 37.91 
93366 2545 35 112 72 57 236 0 15.83 37.91 
93540 2545 35 112 72 57 236 0 44.47 37.91 
93716 2545 35 112 72 57 236 0 15.83 37.91 
93890 2545 35 112 72 57 236 0 5.81 37.43 
94064 2545 35 112 72 57 236 4 16.15 37.91 
94238 2545 35 112 72 57 236 0 7.11 16.12 
94411 2545 35 112 72 57 236 0 7.11 37.89 
94585 2545 35 112 72 57 236 0 7.11 37.89 
94759 2545 35 112 72 57 236 2 8.40 37.91 
94933 2545 35 112 72 57 236 0 7.11 37.91 
95107 2545 35 112 72 57 236 0 5.81 37.89 
95281 2545 35 112 72 57 236 3 7.11 37.89 
95455 2545 35 112 72 57 236 0 10.10 55.51 
95630 2430 32 110 69 55 230 3 42.28 51.46 
95807 2537 31 100 64 51 214 0 16.76 50.12 
95982 6953 82 81 113 95 291 0 16.78 52.65 
96157 7627 105 94 143 123 362 0 16.76 50.97 
96332 7539 106 94 144 123 363 0 16.46 55.79 
96507 7539 106 94 144 123 363 0 16.78 57.17 
96683 7112 89 84 121 102 309 0 16.78 45.19 
96858 3196 35 86 63 49 196 0 16.76 45.02 
97033 2131 28 116 68 56 237 0 16.76 45.00 
97208 2792 30 88 59 47 244 0 10.10 41.55 
97382 2504 61 127 90 54 273 0 16.76 45.00 
97557 2570 147 211 171 73 462 0 16.78 29.24 
97731 3822 111 160 151 103 419 7 16.78 25.28 
97905 3961 97 174 151 115 441 0 15.50 39.05 
98079 2560 21 128 74 74 273 1 18.36 18.02 
98252 2192 17 136 75 78 286 0 16.46 18.65 
98425 7108 68 93 107 96 299 0 15.83 29.48 
98599 6921 85 105 127 111 346 14 15.50 16.12 
98772 7862 115 138 175 159 475 0 26.18 13.46 
98945 4934 65 128 113 97 337 0 7.11 11.76 
99117 1623 26 154 75 57 282 0 17.41 10.42 
99290 1628 30 161 81 62 299 0 27.32 10.42 
99463 1627 30 163 82 63 304 6 28.19 10.42 
99636 1627 30 163 82 63 304 0 16.15 10.42 
99809 1627 30 163 82 63 303 0 16.15 10.42 
99982 1627 30 163 82 63 303 2 40.46 10.42 
100156 1627 30 163 82 63 303 0 22.15 10.42 
100329 1627 30 163 82 63 303 2 22.15 10.08 
100502 1628 31 163 82 62 302 0 16.13 12.44 
100675 1620 28 154 76 57 283 0 11.78 16.12 
100848 2903 42 124 84 68 274 5 15.83 42.01 
101023 6936 73 97 113 100 312 0 23.58 38.59 
101198 2015 16 144 78 82 300 4 28.75 43.81 
101373 4013 137 200 191 135 531 0 29.27 44.40 
101548 2775 112 165 137 69 378 1 29.27 44.40 
101723 2557 168 240 194 82 523 0 29.27 44.81 
101899 2556 169 241 195 82 524 0 29.27 44.39 
102074 2556 169 241 195 82 524 0 29.26 44.39 
102249 2556 169 241 195 82 525 0 28.76 44.40 
102424 2556 169 241 195 82 525 0 28.76 44.79 
102599 2556 169 241 195 82 525 0 28.76 44.39 
102774 2556 169 241 195 82 525 0 28.76 44.79 
102949 2556 169 241 195 82 525 0 28.76 44.79 
103124 2556 169 241 195 82 525 0 28.76 44.40 
103299 2556 169 241 195 82 525 0 28.76 44.40 
103474 2556 169 241 195 82 525 0 28.76 44.39 
103649 2556 169 241 195 82 525 0 28.76 44.79 
103824 2556 169 241 195 82 525 0 28.76 44.79 
103999 2556 169 241 195 82 525 0 28.76 44.79 
104174 2556 169 241 195 82 525 0 28.76 44.79 
104349 2556 169 241 195 82 525 0 28.75 44.79 
104524 2556 169 241 195 82 525 0 28.76 44.39 
104699 2556 169 241 195 82 525 0 28.75 44.79 
104874 2556 169 241 195 82 525 0 28.75 44.79 
105049 2556 169 241 195 82 525 0 28.75 44.79 
105224 2556 169 241 195 82 525 0 28.75 44.81 
105399 2556 169 241 195 82 525 0 28.75 44.79 
105574 2556 169 241 195 82 525 0 28.75 44.81 
105749 2556 169 241 195 82 525 0 28.75 44.83 
105924 2556 169 241 195 82 525 0 28.76 44.79 
106099 2556 169 241 195 82 525 0 28.76 44.79 
106274 2556 169 241 195 82 525 0 28.75 44.81 
106449 2556 169 241 195 82 526 0 28.76 44.81 
106624 2556 169 241 195 82 526 0 28.76 44.79 
106799 2546 169 242 195 82 526 0 28.76 44.79 
106974 2556 169 241 195 82 525 0 28.75 44.39 
107149 2556 169 241 195 82 525 0 28.76 44.79 
107324 2556 169 241 195 82 525 0 28.75 44.81 
107499 2556 169 241 195 82 525 0 28.75 44.81 
107674 2556 169 241 195 82 525 0 28.76 44.81 
107849 2556 169 241 195 82 525 0 28.76 44.81 
108024 2556 169 241 195 82 525 0 28.75 44.81 
108199 2556 169 241 195 82 525 0 28.75 44.79 
108374 2556 169 241 195 82 525 0 28.75 44.39 
108549 2556 169 241 195 82 525 0 28.76 44.79 
108724 2556 169 241 195 82 525 0 28.76 44.79 
108899 2556 169 241 195 82 525 0 28.76 44.79 
109074 2556 169 241 195 82 525 0 28.76 44.79 
109249 2556 169 241 195 82 526 0 28.76 44.79 
109424 2546 169 242 195 82 526 0 28.75 44.79 
109599 2546 169 242 195 82 526 0 28.76 44.79 
109774 2546 169 242 195 82 526 0 28.76 44.81 
109949 2546 169 242 195 82 526 0 28.76 44.39 
110124 2546 169 242 195 82 526 0 28.76 44.81 
110299 2546 169 242 195 82 526 0 28.76 44.81 
110474 2546 169 242 195 82 526 0 28.75 44.79 
110649 2546 169 242 195 82 526 0 28.75 44.79 
110824 2546 169 242 195 82 526 0 47.04 43.01 
111000 2547 167 241 194 82 524 0 27.61 42.42 
111175 2588 129 194 155 71 426 0 29.27 42.82 
111350 3041 61 92 79 45 219 0 27.61 42.43 
111525 3278 54 78 70 42 194 0 29.27 42.82 
111700 3278 54 78 70 42 194 0 27.61 42.43 
111875 3278 54 78 70 42 194 0 29.27 42.82 
112050 3278 54 78 70 42 194 0 44.27 42.62 
112226 3278 54 78 70 42 193 0 45.05 43.01 
112402 3535 56 78 73 46 200 0 45.05 43.01 
112578 3683 61 81 79 50 212 2 45.46 43.03 
112754 3643 61 82 79 50 213 0 45.46 43.01 
112930 3643 61 82 79 50 213 1 45.46 43.42 
113106 3643 61 82 79 50 213 0 45.05 43.44 
113282 3643 61 82 79 50 213 0 45.05 43.03 
113458 3643 61 82 79 50 213 0 45.47 43.01 
113634 3643 61 82 79 50 213 0 45.47 43.03 
113810 3643 61 82 79 50 213 0 45.46 43.01 
113986 3643 61 82 79 50 213 0 45.46 43.03 
114162 3643 61 82 79 50 213 4 45.47 43.01 
114338 3643 61 82 79 50 213 0 45.05 43.01 
114514 3643 61 82 79 50 213 0 45.46 43.03 
114690 3643 61 82 79 50 213 0 45.05 43.03 
114866 3643 61 82 79 50 213 0 45.47 43.03 
115042 3643 61 82 79 50 213 0 45.46 43.42 
115218 3643 61 82 79 50 213 0 45.05 43.01 
115394 3643 61 82 79 50 213 0 45.46 43.03 
115570 3643 61 82 79 50 213 0 45.46 43.01 
115746 3643 61 82 79 50 213 2 45.47 43.01 
115922 3643 61 82 79 50 213 0 45.47 43.01 
116098 3643 61 82 79 50 213 0 45.46 42.99 
116274 3643 61 82 79 50 213 0 45.47 43.03 
116450 3643 61 82 79 50 213 0 45.47 43.01 
116626 3643 61 82 79 50 213 0 45.05 43.42 
116802 3643 61 82 79 50 213 0 45.46 43.01 
116978 3643 61 82 79 50 213 5 45.47 43.01 
117154 3643 61 82 79 50 213 0 45.47 43.01 
117330 3643 61 82 79 50 213 0 45.46 43.01 
117506 3643 61 82 79 50 213 0 45.46 43.01 
117682 3643 61 82 79 50 213 0 45.05 43.01 
117858 3643 61 82 79 50 213 0 45.47 43.44 
118034 3643 61 82 79 50 213 0 45.46 43.42 
118210 3643 61 82 79 50 213 0 45.46 43.01 
118386 3643 61 82 79 50 213 0 45.46 43.01 
118562 3643 61 82 79 50 213 3 45.47 43.01 
118738 3643 61 82 79 50 213 0 45.46 43.01 
118914 3643 61 82 79 50 213 0 45.46 43.03 
119090 3643 61 82 79 50 213 0 45.46 43.42 
119266 3643 61 82 79 50 213 0 45.46 43.03 
119442 3643 61 82 79 50 213 0 45.07 42.99 
119618 3643 61 82 79 50 213 0 45.46 43.03 
119794 3643 61 82 79 50 213 2 45.46 43.01 
119970 3643 61 82 79 50 213 0 45.46 43.03 
120146 3643 61 82 79 50 213 0 45.46 43.01 
120322 3643 61 82 79 50 213 0 45.46 43.03 
120498 3643 61 82 79 50 213 0 45.46 43.01 
120674 3643 61 82 79 50 213 0 45.47 43.03 
120850 3643 61 82 79 50 213 0 45.47 43.42 
121026 3643 61 82 79 50 213 0 45.47 43.42 
121202 3643 61 82 79 50 213 0 45.46 43.01 
121378 3643 61 82 79 50 213 5 45.47 43.44 
121554 3643 61 82 79 50 213 0 45.47 43.01 
121730 3643 61 82 79 50 213 0 45.46 43.01 
121906 3643 61 82 79 50 213 0 45.46 43.01 
122082 3643 61 82 79 50 213 0 45.47 43.42 
122258 3643 61 82 79 50 213 0 45.47 43.01 
122434 3643 61 82 79 50 213 0 45.46 43.03 
122610 3643 61 82 79 50 213 0 45.46 43.01 
122786 3643 61 82 79 50 213 0 45.46 43.01 
122962 3643 61 82 79 50 213 1 45.46 43.01 
123138 3643 61 82 79 50 213 0 45.46 43.44 
123314 3643 61 82 79 50 213 0 45.46 43.44 
123490 3643 61 82 79 50 213 0 45.46 43.03 
123666 3643 61 82 79 50 213 0 45.46 43.44 
123842 3643 61 82 79 50 213 0 45.46 43.01 
124018 3643 61 82 79 50 213 0 45.46 43.42 
124194 3643 61 82 79 50 213 4 45.47 43.03 
124370 3643 61 82 79 50 213 0 45.47 43.01 
124546 3643 61 82 79 50 213 0 45.07 43.42 
124722 3643 61 82 79 50 213 0 45.05 43.03 
124898 3643 61 82 79 50 213 0 45.47 43.03 
125074 3643 61 82 79 50 213 0 45.46 43.01 
125250 3643 61 82 79 50 213 0 45.07 43.03 
125426 3643 61 82 79 50 213 0 45.47 43.42 
125602 3643 61 82 79 50 213 0 45.47 43.03 
125778 3643 61 82 79 50 213 4 45.46 43.42 
125954 3643 61 82 79 50 213 0 45.47 42.99 
126130 3643 61 82 79 50 213 0 45.47 43.03 
126306 3643 61 82 79 50 213 0 45.46 43.01 
126482 3643 61 82 79 50 213 0 45.46 43.03 
126658 3643 61 82 79 50 213 0 45.47 43.42 
126834 3643 61 82 79 50 213 0 45.05 42.99 
127010 3643 61 82 79 50 213 3 45.46 43.03 
127186 3643 61 82 79 50 213 0 45.46 43.03 
127362 3643 61 82 79 50 213 0 45.46 43.01 
127538 3643 61 82 79 50 213 0 45.46 43.44 
127714 3643 61 82 79 50 213 0 45.46 43.03 
127890 3643 61 82 79 50 213 0 45.46 43.42 
128066 3643 61 82 79 50 213 0 45.46 43.42 
128242 3643 61 82 79 50 213 0 45.05 43.01 
128418 3643 61 82 79 50 213 0 45.47 43.42 
128594 3643 61 82 79 50 213 5 45.46 43.03 
128770 3643 61 82 79 50 213 0 45.47 43.01 
128946 3643 61 82 79 50 213 0 45.46 43.42 
129122 3643 61 82 79 50 213 0 45.46 43.01 
129298 3643 61 82 79 50 213 0 45.47 43.03 
129474 3643 61 82 79 50 213 0 45.07 43.44 
129650 3643 61 82 79 50 213 0 45.47 43.03 
129826 3643 61 82 79 50 213 2 45.07 43.42 
130002 3643 61 82 79 50 213 0 45.47 43.44 
130178 3643 61 82 79 50 213 1 45.47 43.03 
130354 3643 61 82 79 50 213 0 45.47 43.03 
130530 3643 61 82 79 50 213 0 45.47 42.99 
130706 3643 61 82 79 50 213 0 45.46 43.44 
130882 3643 61 82 79 50 213 0 45.47 43.03 
131058 3643 61 82 79 50 213 0 45.07 43.01 
131234 3643 61 82 79 50 213 0 45.07 43.01 
131410 3643 61 82 79 50 213 4 45.46 43.01 
131586 3643 61 82 79 50 213 0 45.47 43.01 
131762 3643 61 82 79 50 213 0 45.46 43.01 
131938 3643 61 82 79 50 213 0 45.46 43.01 
132114 3643 61 82 79 50 213 0 45.47 43.01 
132290 3643 61 82 79 50 213 0 45.46 43.03 
132466 3643 61 82 79 50 213 0 45.05 43.44 
132642 3643 61 82 79 50 213 1 45.47 43.01 
132818 3643 61 82 79 50 213 0 45.07 43.44 
132994 3643 61 82 79 50 213 2 45.46 43.03 
133170 3643 61 82 79 50 213 0 45.47 43.01 
133346 3643 61 82 79 50 213 0 45.47 43.01 
133522 3643 61 82 79 50 213 0 45.46 42.99 
133698 3643 61 82 79 50 213 0 45.47 43.03 
133874 3643 61 82 79 50 213 0 45.47 43.01 
134050 3643 61 82 79 50 213 0 45.46 43.03 
134226 3643 61 82 79 50 213 5 45.07 43.42 
134402 3643 61 82 79 50 213 0 45.47 43.44 
134578 3643 61 82 79 50 213 0 45.47 43.03 
134754 3643 61 82 79 50 213 0 45.47 43.01 
134930 3643 61 82 79 50 213 0 45.46 43.01 
135106 3643 61 82 79 50 213 0 45.07 43.01 
135282 3643 61 82 79 50 213 0 45.47 43.44 
135458 3643 61 82 79 50 213 1 45.47 43.01 
135634 3643 61 82 79 50 213 0 45.46 43.42 
135810 3643 61 82 79 50 213 1 45.46 43.03 
135986 3643 61 82 79 50 213 0 45.07 43.03 
136162 3643 61 82 79 50 213 0 45.47 43.01 
136338 3643 61 82 79 50 213 0 45.47 43.42 
136514 3643 61 82 79 50 213 0 45.46 43.01 
136690 3643 61 82 79 50 213 0 45.47 43.42 
136866 3643 61 82 79 50 213 0 45.46 43.03 
137042 3643 61 82 79 50 213 4 45.46 43.42 
137218 3643 61 82 79 50 213 0 45.05 43.42 
137394 3643 61 82 79 50 213 0 45.05 43.42 
137570 3643 61 82 79 50 213 0 45.46 43.03 
137746 3643 61 82 79 50 213 0 45.47 43.44 
137922 3643 61 82 79 50 213 0 45.47 43.01 
138098 3643 61 82 79 50 213 0 45.47 42.99 
138274 3643 61 82 79 50 213 2 45.46 43.01 
138450 3643 61 82 79 50 213 0 45.46 43.42 
138626 3643 61 82 79 50 213 0 45.46 43.42 
138802 3643 61 82 79 50 213 0 45.46 43.42 
138978 3643 61 82 79 50 213 0 45.46 43.01 
139154 3643 61 82 79 50 213 0 45.46 43.01 
139330 3643 61 82 79 50 213 0 45.47 43.01 
139506 3643 61 82 79 50 213 0 45.47 43.01 
139682 3643 61 82 79 50 213 0 45.47 43.01 
139858 3643 61 82 79 50 213 4 45.46 43.01 
140034 3643 61 82 79 50 213 0 45.47 43.42 
140210 3643 61 82 79 50 213 0 45.46 43.42 
140386 3643 61 82 79 50 213 0 45.46 43.01 
140562 3643 61 82 79 50 213 0 45.05 43.42 
140738 3643 61 82 79 50 213 0 45.46 43.01 
140914 3643 61 82 79 50 213 0 45.46 43.03 
141090 3643 61 82 79 50 213 3 45.47 43.44 
141266 3643 61 82 79 50 213 0 45.46 43.03 
141442 3643 61 82 79 50 213 0 45.46 43.01 
141618 3643 61 82 79 50 213 0 45.46 43.01 
141794 3643 61 82 79 50 213 0 45.46 43.01 
141970 3643 61 82 79 50 213 0 45.47 43.01 
142146 3643 61 82 79 50 213 0 45.47 43.03 
142322 3643 61 82 79 50 213 0 45.46 43.01 
142498 3643 61 82 79 50 213 0 45.46 43.42 
142674 3643 61 82 79 50 213 2 45.46 43.01 
142850 3643 61 82 79 50 213 0 45.46 43.01 
143026 3643 61 82 79 50 213 0 45.46 43.03 
143202 3643 61 82 79 50 213 0 45.47 43.01 
143378 3643 61 82 79 50 213 0 45.46 43.01 
143554 3643 61 82 79 50 213 0 45.46 42.99 
143730 3643 61 82 79 50 213 0 45.47 43.01 
143906 3643 61 82 79 50 213 5 45.46 43.01 
144082 3643 61 82 79 50 213 0 45.46 43.03 
144258 3643 61 82 79 50 213 0 45.46 43.42 
144434 3643 61 82 79 50 213 0 45.46 43.44 
144610 3643 61 82 79 50 213 0 45.47 43.42 
144786 3643 61 82 79 50 213 0 45.47 43.01 
144962 3643 61 82 79 50 213 0 45.47 43.03 
145138 3643 61 82 79 50 213 2 45.47 43.01 
145314 3643 61 82 79 50 213 0 45.46 43.44 
145490 3643 61 82 79 50 213 0 45.47 43.42 
145666 3643 61 82 79 50 213 0 45.05 43.03 
145842 3643 61 82 79 50 213 0 45.47 43.42 
146018 3643 61 82 79 50 213 0 45.07 43.03 
146194 3643 61 82 79 50 213 0 45.47 43.01 
146370 3643 61 82 79 50 213 0 45.07 42.99 
146546 3643 61 82 79 50 213 0 45.46 43.01 
146722 3643 61 82 79 50 213 2 45.47 43.01 
146898 3643 61 82 79 50 213 0 45.46 43.01 
147074 3643 61 82 79 50 213 0 45.47 43.03 
147250 3643 61 82 79 50 213 0 45.47 43.01 
147426 3643 61 82 79 50 213 0 45.07 43.01 
147602 3643 61 82 79 50 213 0 45.46 43.01 
147778 3643 61 82 79 50 213 0 45.46 43.03 
147954 3643 61 82 79 50 213 5 45.46 43.03 
148130 3643 61 82 79 50 213 0 45.05 43.01 
148306 3643 61 82 79 50 213 0 45.05 43.01 
148482 3643 61 82 79 50 213 0 45.05 43.44 
148658 3643 61 82 79 50 213 0 45.05 43.42 
148834 3643 61 82 79 50 213 0 45.05 43.42 
149010 3643 61 82 79 50 213 0 45.47 43.03 
149186 3643 61 82 79 50 213 3 45.47 43.01 
149362 3643 61 82 79 50 213 0 45.07 43.01 
149538 3643 61 82 79 50 213 0 45.47 42.99 
149714 3643 61 82 79 50 213 0 45.07 43.01 
149890 3643 61 82 79 50 213 0 45.47 43.03 
150066 3643 61 82 79 50 213 0 45.07 43.01 
150242 3643 61 82 79 50 213 0 45.05 43.01 
150418 3643 61 82 79 50 213 0 45.46 43.01 
150594 3643 61 82 79 50 213 0 45.47 43.01 
150770 3643 61 82 79 50 213 2 45.47 43.03 
150946 3643 61 82 79 50 213 0 45.07 43.03 
151122 3643 61 82 79 50 213 0 45.47 43.03 
151298 3643 61 82 79 50 213 0 45.46 43.01 
151474 3643 61 82 79 50 213 0 45.05 43.03 
151650 3643 61 82 79 50 213 0 45.47 43.03 
151826 3643 61 82 79 50 213 0 45.46 43.01 
152002 3643 61 82 79 50 213 4 45.46 42.99 
152178 3643 61 82 79 50 213 0 45.07 43.03 
152354 3643 61 82 79 50 213 0 45.07 43.03 
152530 3643 61 82 79 50 213 0 45.07 43.03 
152706 3643 61 82 79 50 213 0 45.47 43.01 
152882 3643 61 82 79 50 213 0 45.46 43.03 
153058 3643 61 82 79 50 213 0 45.46 43.01 
153234 3643 61 82 79 50 213 3 45.46 43.01 
153410 3643 61 82 79 50 213 0 45.47 43.01 
153586 3643 61 82 79 50 213 0 45.46 43.03 
153762 3643 61 82 79 50 213 0 45.07 43.03 
153938 3643 61 82 79 50 213 0 45.47 43.01 
154114 3643 61 82 79 50 213 0 45.47 43.01 
154290 3643 61 82 79 50 213 0 45.46 43.03 
154466 3643 61 82 79 50 213 0 45.47 43.01 
154642 3643 61 82 79 50 213 0 45.47 43.01 
154818 3643 61 82 79 50 213 3 45.46 43.42 
154994 3643 61 82 79 50 213 0 45.47 43.01 
155170 3643 61 82 79 50 213 0 45.47 43.01 
155346 3643 61 82 79 50 213 0 45.46 43.42 
155522 3643 61 82 79 50 213 0 45.05 43.44 
155698 3643 61 82 79 50 213 0 45.46 43.01 
155874 3643 61 82 79 50 213 0 45.46 43.01 
156050 3643 61 82 79 50 213 4 45.46 43.01 
156226 3643 61 82 79 50 213 0 45.05 43.01 
156402 3643 61 82 79 50 213 0 45.47 43.01 
156578 3643 61 82 79 50 213 0 45.47 43.01 
156754 3643 61 82 79 50 213 0 45.46 43.03 
156930 3643 61 82 79 50 213 0 45.47 43.01 
157106 3643 61 82 79 50 213 0 45.46 43.01 
157282 3643 61 82 79 50 213 1 45.47 42.99 
157458 3643 61 82 79 50 213 0 45.05 43.01 
157634 3643 61 82 79 50 213 2 45.46 43.01 
157810 3643 61 82 79 50 213 0 45.46 43.03 
157986 3643 61 82 79 50 213 0 45.46 43.01 
158162 3643 61 82 79 50 213 0 45.47 43.01 
158338 3643 61 82 79 50 213 0 45.47 43.01 
158514 3643 61 82 79 50 213 0 45.47 43.01 
158690 3643 61 82 79 50 213 0 45.46 43.03 
158866 3643 61 82 79 50 213 5 45.07 43.03 
159042 3643 61 82 79 50 213 0 45.47 43.03 
159218 3643 61 82 79 50 213 0 45.47 43.03 
159394 3643 61 82 79 50 213 0 45.07 42.99 
159570 3643 61 82 79 50 213 0 45.47 43.03 
159746 3643 61 82 79 50 213 0 45.47 43.01 
159922 3643 61 82 79 50 213 0 45.47 43.42 
160098 3643 61 82 79 50 213 2 45.46 43.44 
160274 3643 61 82 79 50 213 0 45.47 43.42 
160450 3643 61 82 79 50 213 0 45.47 43.44 
160626 3643 61 82 79 50 213 0 45.47 43.42 
160802 3643 61 82 79 50 213 0 45.46 43.03 
160978 3643 61 82 79 50 213 0 45.47 43.03 
161154 3643 61 82 79 50 213 0 45.47 43.01 
161330 3643 61 82 79 50 213 0 45.47 43.03 
161506 3643 61 82 79 50 213 0 45.47 43.01 
161682 3643 61 82 79 50 213 3 45.46 43.03 
161858 3643 61 82 79 50 213 0 45.47 43.03 
162034 3643 61 82 79 50 213 0 45.46 43.03 
162210 3643 61 82 79 50 213 0 45.47 43.01 
162386 3643 61 82 79 50 213 0 45.47 43.01 
162562 3643 61 82 79 50 213 0 45.47 43.01 
162738 3643 61 82 79 50 213 0 45.46 43.01 
162914 3643 61 82 79 50 213 3 45.47 43.03 
163090 3643 61 82 79 50 213 0 45.47 43.44 
163266 3643 61 82 79 50 213 0 45.07 43.03 
163442 3643 61 82 79 50 213 0 45.07 43.44 
163618 3643 61 82 79 50 213 0 45.47 43.03 
163794 3643 61 82 79 50 213 0 45.46 43.03 
163970 3643 61 82 79 50 213 0 45.47 43.01 
164146 3643 61 82 79 50 213 0 45.46 43.01 
164322 3643 61 82 79 50 213 0 45.46 43.03 
164498 3643 61 82 79 50 213 4 45.05 43.42 
164674 3643 61 82 79 50 213 0 45.07 43.01 
164850 3643 61 82 79 50 213 0 45.47 43.01 
165026 3643 61 82 79 50 213 0 45.46 43.03 
165202 3643 61 82 79 50 213 0 45.46 43.01 
165378 3643 61 82 79 50 213 0 45.47 43.42 
165554 3643 61 82 79 50 213 0 45.07 43.03 
165730 3643 61 82 79 50 213 3 45.05 43.44 
165906 3643 61 82 79 50 213 0 45.46 43.03 
166082 3643 61 82 79 50 213 0 45.05 43.01 
166258 3643 61 82 79 50 213 0 45.47 43.01 
166434 3643 61 82 79 50 213 0 45.46 43.03 
166610 3643 61 82 79 50 213 0 45.05 43.03 
166786 3643 61 82 79 50 213 0 45.46 42.99 
166962 3643 61 82 79 50 213 0 45.46 43.42 
167138 3643 61 82 79 50 213 0 45.46 43.01 
167314 3643 61 82 79 50 213 2 45.46 43.42 
167490 3643 61 82 79 50 213 0 45.46 43.01 
167666 3643 61 82 79 50 213 0 45.47 43.01 
167842 3643 61 82 79 50 213 0 45.46 43.42 
168018 3643 61 82 79 50 213 0 45.46 43.03 
168194 3643 61 82 79 50 213 0 45.46 43.42 
168370 3643 61 82 79 50 213 0 45.46 43.03 
168546 3643 61 82 79 50 213 4 45.46 43.03 
168722 3643 61 82 79 50 213 0 45.05 43.01 
168898 3643 61 82 79 50 213 0 45.05 43.01 
169074 3643 61 82 79 50 213 0 45.05 43.42 
169250 3643 61 82 79 50 213 0 45.05 43.01 
169426 3643 61 82 79 50 213 0 45.46 43.03 
169602 3643 61 82 79 50 213 0 45.46 43.01 
169778 3643 61 82 79 50 213 4 45.05 43.01 
169954 3643 61 82 79 50 213 0 45.05 43.01 
170130 3643 61 82 79 50 213 0 45.46 43.03 
170306 3643 61 82 79 50 213 0 45.05 43.01 
170482 3643 61 82 79 50 213 0 45.05 43.44 
170658 3643 61 82 79 50 213 0 45.46 43.01 
170834 3643 61 82 79 50 213 0 45.47 43.04 
171010 3643 61 82 79 50 213 4 45.07 43.03 
171186 3643 61 82 79 50 213 0 45.46 43.01 
171362 3643 61 82 79 50 213 0 45.05 43.03 
171538 3643 61 82 79 50 213 0 45.05 43.01 
171714 3643 61 82 79 50 213 0 45.49 43.03 
171890 3643 61 82 79 50 213 0 45.49 43.01 
172066 3643 61 82 79 50 213 0 45.90 43.01 
172242 3643 61 82 79 50 213 3 45.49 43.03 
172418 3643 61 82 79 50 213 0 45.49 42.99 
172594 3643 61 82 79 50 213 0 45.49 43.01 
172770 3643 61 82 79 50 213 0 45.49 43.42 
172946 3643 61 82 79 50 213 0 45.47 43.01 
173122 3643 61 82 79 50 213 0 45.47 43.01 
173298 3643 61 82 79 50 213 0 45.47 43.01 
173474 3643 61 82 79 50 213 3 45.49 43.01 
173650 3643 61 82 79 50 213 0 45.49 43.01 
173826 3643 61 82 79 50 213 0 45.88 43.01 
174002 3643 61 82 79 50 213 0 45.88 43.01 
174178 3643 61 82 79 50 213 0 45.49 43.01 
174354 3643 61 82 79 50 213 0 45.49 43.03 
174530 3643 61 82 79 50 213 0 45.46 43.42 
174706 3643 61 82 79 50 213 4 45.07 43.03 
174882 3643 61 82 79 50 213 0 45.07 43.01 
175058 3643 61 82 79 50 213 0 45.05 43.03 
175234 3643 61 82 79 50 213 0 45.05 43.01 
175410 3643 61 82 79 50 213 0 45.05 43.42 
175586 3643 61 82 79 50 213 0 45.05 43.03 
175762 3643 61 82 79 50 213 0 45.05 43.01 
175938 3643 61 82 79 50 213 4 45.05 43.01 
176114 3643 61 82 79 50 213 0 45.07 43.03 
176290 3643 61 82 79 50 213 0 45.46 43.03 
176466 3643 61 82 79 50 213 0 45.46 43.03 
176642 3643 61 82 79 50 213 0 45.05 43.01 
176818 3643 61 82 79 50 213 0 45.46 43.03 
176994 3643 61 82 79 50 213 0 45.47 43.01 
177170 3643 61 82 79 50 213 5 45.07 43.01 
177346 3643 61 82 79 50 213 0 45.46 43.42 
177522 3643 61 82 79 50 213 0 45.47 43.03 
177698 3643 61 82 79 50 213 0 45.46 43.01 
177874 3643 61 82 79 50 213 0 45.46 43.03 
178050 3643 61 82 79 50 213 0 45.05 43.03 
178226 3643 61 82 79 50 213 0 45.46 43.01 
178402 3643 61 82 79 50 213 2 45.46 43.01 
178578 3643 61 82 79 50 213 0 45.46 43.42 
178754 3643 61 82 79 50 213 0 45.46 43.42 
178930 3643 61 82 79 50 213 0 45.46 43.42 
179106 3643 61 82 79 50 213 0 45.46 43.01 
179282 3643 61 82 79 50 213 0 45.44 43.01 
179458 3643 61 82 79 50 213 0 45.47 43.01 
179634 3643 61 82 79 50 213 2 45.46 43.01 
179810 3643 61 82 79 50 214 0 45.46 43.42 
179986 3643 61 82 79 50 214 0 45.46 43.42 
180162 3706 62 82 80 51 215 0 45.46 43.01 
180338 3706 62 82 80 51 215 0 45.90 43.01 
180514 3706 62 82 80 51 215 3 45.88 43.42 
180690 3666 61 83 80 51 215 0 43.71 43.42 
180866 3666 61 83 80 51 215 0 43.71 43.42 
181042 3706 62 82 80 51 215 0 45.47 43.42 
181218 3706 62 82 80 51 215 0 45.88 43.01 
181394 3706 62 82 80 51 215 0 45.88 43.42 
181570 3706 62 82 80 51 215 0 45.88 43.01 
181746 3706 62 82 80 51 215 4 45.88 43.42 
181922 3706 62 82 80 51 215 0 45.88 43.40 
182098 3706 62 82 80 51 215 0 45.88 43.01 
182274 3706 62 82 80 51 215 0 45.47 43.01 
182450 3706 62 82 80 51 215 0 45.47 43.42 
182626 3706 62 82 80 51 215 0 45.47 43.01 
182802 3706 62 82 80 51 215 0 45.47 43.03 
182978 3706 62 82 80 51 215 5 45.47 42.99 
183154 3706 62 82 80 51 215 0 45.05 43.42 
183330 3706 62 82 80 51 215 0 45.46 43.01 
183506 3706 62 82 80 51 215 0 45.46 43.01 
183682 3706 62 82 80 51 215 0 45.46 43.01 
183858 3706 62 82 80 51 215 0 45.46 43.01 
184034 3706 62 82 80 51 215 0 45.46 43.42 
184210 3706 62 82 80 51 215 4 45.46 42.99 
184386 3706 62 82 80 51 215 0 45.46 43.01 
184562 3706 62 82 80 51 215 0 45.46 43.03 
184738 3706 62 82 80 51 215 0 45.05 43.01 
184914 3706 62 82 80 51 215 0 45.46 43.01 
185090 3706 62 82 80 51 215 0 45.46 43.01 
185266 3706 62 82 80 51 215 0 45.47 43.03 
185442 3706 62 82 80 51 215 3 45.47 43.03 
185618 3706 62 82 80 51 215 0 45.46 43.01 
185794 3706 62 82 80 51 215 0 45.46 43.42 
185970 3706 62 82 80 51 215 0 45.47 43.03 
186146 3706 62 82 80 51 215 0 45.44 43.01 
186322 3706 62 82 80 51 215 0 45.46 43.42 
186498 3706 62 82 80 51 215 0 45.46 43.01 
186674 3706 62 82 80 51 215 4 45.46 43.03 
186850 3706 62 82 80 51 215 0 45.46 43.01 
187026 3706 62 82 80 51 215 0 45.46 43.03 
187202 3706 62 82 80 51 215 0 45.05 43.01 
187378 3706 62 82 80 51 215 0 45.05 43.03 
187554 3706 62 82 80 51 215 0 45.46 43.03 
187730 3706 62 82 80 51 215 0 45.46 43.03 
187906 3706 62 82 80 51 215 4 45.46 43.01 
188082 3706 62 82 80 51 215 0 45.46 43.01 
188258 3706 62 82 80 51 215 0 45.46 43.01 
188434 3706 62 82 80 51 215 0 45.46 43.42 
188610 3706 62 82 80 51 215 0 45.46 43.44 
188786 3706 62 82 80 51 215 0 45.46 43.03 
188962 3706 62 82 80 51 215 0 45.46 43.42 
189138 3706 62 82 80 51 215 4 45.46 43.01 
189314 3706 62 82 80 51 215 0 45.05 43.03 
189490 3706 62 82 80 51 215 0 45.46 43.01 
189666 3706 62 82 80 51 215 0 45.05 43.01 
189842 3706 62 82 80 51 215 0 45.47 43.01 
190018 3706 62 82 80 51 215 0 45.46 43.01 
190194 3706 62 82 80 51 215 0 45.47 43.01 
190370 3706 62 82 80 51 215 4 45.46 43.01 
190546 3706 62 82 80 51 215 0 45.47 43.03 
190722 3706 62 82 80 51 215 0 45.47 43.42 
190898 3706 62 82 80 51 215 0 45.46 43.01 
191074 3706 62 82 80 51 215 0 45.46 43.44 
191250 3706 62 82 80 51 215 0 45.46 43.44 
191426 3706 62 82 80 51 215 0 45.47 43.03 
191602 3706 62 82 80 51 215 3 45.47 43.03 
191778 3706 62 82 80 51 215 0 45.46 43.03 
191954 3706 62 82 80 51 215 0 45.46 43.42 
192130 3706 62 82 80 51 215 0 45.46 43.42 
192306 3706 62 82 80 51 215 0 45.46 43.01 
192482 3706 62 82 80 51 215 0 45.46 43.01 
192658 3706 62 82 80 51 215 0 45.46 43.44 
192834 3706 62 82 80 51 215 1 45.46 43.42 
193010 3706 62 82 80 51 215 0 45.46 43.42 
193186 3706 62 82 80 51 215 0 45.46 43.03 
193362 3706 62 82 80 51 215 0 45.46 43.42 
193538 3706 62 82 80 51 215 0 45.47 43.03 
193714 3706 62 82 80 51 215 0 45.46 43.01 
193890 3706 62 82 80 51 215 0 45.46 43.42 
194066 3706 62 82 80 51 215 0 45.46 43.01 
194242 3706 62 82 80 51 215 0 45.46 43.42 
194418 3706 62 82 80 51 215 2 45.46 43.01 
194594 3706 62 82 80 51 215 0 45.46 43.01 
194770 3706 62 82 80 51 215 0 45.46 43.01 
194946 3706 62 82 80 51 215 0 45.46 43.03 
195122 3706 62 82 80 51 215 0 45.46 43.01 
195298 3706 62 82 80 51 215 0 45.46 43.01 
195474 3706 62 82 80 51 215 0 45.46 43.01 
195650 3706 62 82 80 51 215 4 45.46 43.42 
195826 3706 62 82 80 51 215 0 45.46 43.01 
196002 3706 62 82 80 51 215 0 45.46 43.01 
196178 3706 62 82 80 51 215 0 45.47 43.03 
196354 3706 62 82 80 51 215 0 45.46 43.01 
196530 3706 62 82 80 51 215 0 45.05 43.01 
196706 3706 62 82 80 51 215 0 45.46 43.03 
196882 3706 62 82 80 51 215 4 45.46 43.03 
197058 3706 62 82 80 51 215 0 45.46 43.01 
197234 3706 62 82 80 51 215 0 45.46 43.01 
197410 3706 62 82 80 51 215 0 45.47 43.42 
197586 3706 62 82 80 51 215 0 45.46 43.03 
197762 3706 62 82 80 51 215 0 45.46 43.01 
197938 3706 62 82 80 51 215 0 45.46 43.03 
198114 3706 62 82 80 51 215 3 45.47 43.01 
198290 3706 62 82 80 51 215 0 45.46 43.42 
198466 3706 62 82 80 51 215 0 45.47 43.01 
198642 3706 62 82 80 51 215 0 45.46 43.42 
198818 3706 62 82 80 51 215 0 45.46 43.01 
198994 3706 62 82 80 51 215 0 45.47 43.42 
199170 3706 62 82 80 51 215 0 45.46 43.01 
199346 3706 62 82 80 51 215 2 45.46 43.42 
199522 3706 62 82 80 51 215 0 45.05 43.01 
199698 3706 62 82 80 51 215 0 45.46 43.01 
199874 3706 62 82 80 51 215 0 45.46 43.01 
200050 3706 62 82 80 51 215 0 45.47 43.42 
200226 3706 62 82 80 51 215 0 45.46 43.42 
200402 3706 62 82 80 51 215 0 45.47 43.42 
200578 3706 62 82 80 51 215 0 45.46 43.03 
200754 3706 62 82 80 51 215 0 45.46 43.03 
200930 3706 62 82 80 51 215 0 45.47 43.03 
201106 3706 62 82 80 51 215 0 45.46 43.42 
201282 3706 62 82 80 51 215 0 45.44 43.40 
201458 3666 61 83 80 51 215 0 45.46 43.01 
201634 3666 61 83 80 51 216 0 45.87 43.40 
201810 3666 61 83 80 51 216 0 45.46 43.01 
201986 3666 61 83 80 51 217 0 45.47 43.01 
202162 3666 61 83 80 51 217 1 45.46 43.40 
202338 3666 61 83 80 51 217 0 45.46 43.42 
202514 3666 61 83 80 51 217 0 45.46 43.42 
202690 3666 61 83 80 51 218 0 45.46 43.42 
202866 3689 62 84 81 52 219 0 45.46 43.42 
203042 3689 62 84 81 52 219 0 45.46 43.44 
203218 3669 63 83 81 51 218 0 45.46 43.42 
203394 3669 63 83 81 51 218 3 45.46 43.40 
203570 3669 63 83 81 51 218 0 45.46 43.40 
203746 3669 63 83 81 51 218 0 45.46 43.42 
203922 3669 63 83 81 51 218 0 45.87 43.42 
204098 3631 63 84 81 51 219 0 45.85 43.44 
204274 3631 63 84 81 51 219 0 45.85 42.42 
204450 3669 63 83 81 51 219 0 46.26 43.81 
204626 3729 62 83 81 52 221 8 45.85 43.81 
204802 3792 62 83 81 53 222 0 45.87 43.81 
204978 3751 61 84 81 53 222 0 45.87 43.42 
205154 3751 61 84 81 53 223 0 0.00 42.43 
206325 3751 61 84 81 53 223 6 0.00 42.42 
207496 4008 71 96 95 65 260 0 0.00 43.81 
208668 3946 67 90 89 60 241 0 44.06 42.99 
208844 3903 66 88 87 58 235 0 46.26 43.40 
209020 3775 63 85 83 54 224 0 44.06 43.42 
209196 3775 63 85 83 54 224 0 45.85 43.42 
209372 3775 63 85 83 54 224 4 44.08 43.42 
209548 3775 63 85 83 54 224 0 46.26 43.42 
209724 3775 63 85 83 54 224 0 44.08 43.42 
209900 3775 63 85 83 54 224 0 46.26 43.40 
210076 3775 63 85 83 54 224 0 44.08 15.81 
210251 3775 63 85 83 54 224 0 46.26 36.09 
210427 3775 63 85 83 54 224 0 45.85 43.40 
210603 3775 63 85 83 54 225 0 44.86 42.42 
210779 3775 63 85 83 54 225 0 44.88 42.82 
210955 3819 64 87 85 56 232 2 44.46 43.42 
211131 3827 69 93 91 60 247 0 43.66 43.04 
211307 3845 67 91 89 59 243 0 43.66 43.01 
211483 3698 64 87 84 54 229 0 44.05 42.99 
211659 3676 64 86 83 53 227 0 44.06 43.01 
211835 3676 64 86 83 53 227 0 44.06 43.40 
212011 3676 64 86 83 53 227 0 44.06 43.42 
212187 3641 65 87 84 53 228 3 44.08 43.42 
212363 3676 64 86 83 53 226 0 44.47 43.03 
212539 3676 64 86 83 53 226 0 44.88 43.42 
212715 3764 66 90 87 57 240 0 44.88 43.01 
212891 3693 68 92 89 57 241 0 45.27 42.99 
213067 3827 69 93 91 60 248 0 44.86 43.01 
213243 3713 69 93 90 58 244 0 44.08 42.62 
213419 3672 68 91 88 56 240 4 45.07 43.59 
213595 3741 64 89 85 56 235 0 43.28 42.62 
213771 3554 62 86 81 51 221 0 43.28 42.62 
213947 3493 65 88 83 51 226 0 43.28 42.62 
214123 3493 65 88 83 51 226 0 43.26 43.03 
214299 3493 65 88 83 51 226 0 43.26 42.62 
214475 3493 65 88 83 51 226 0 43.28 42.23 
214651 3493 65 88 83 51 225 0 48.82 43.03 
214828 3545 64 88 83 52 226 0 43.67 42.62 
215004 3626 65 89 85 54 231 0 35.67 42.55 
215180 3493 65 88 83 51 226 0 48.98 42.42 
215357 3523 63 87 82 51 224 0 49.66 43.01 
215534 3216 62 88 79 46 216 1 45.25 43.79 
215710 2912 67 99 84 45 231 0 46.46 42.42 
215886 3012 68 100 86 48 235 0 49.33 43.21 
216063 3247 70 100 90 53 245 0 10.10 42.81 
216237 3259 67 94 85 50 232 0 10.10 43.21 
216411 3319 62 88 80 48 219 0 10.10 43.20 
216585 3319 62 88 80 48 219 0 10.10 43.20 
216759 3319 62 88 80 48 219 0 10.10 43.21 
216933 3319 62 88 80 48 219 0 10.10 43.20 
217107 3319 62 88 80 48 219 0 8.40 43.21 
217281 3319 62 88 80 48 219 0 8.40 43.20 
217455 3355 62 87 80 48 217 0 8.38 42.23 
217629 3308 63 87 80 47 216 0 8.40 42.62 
217803 3332 62 86 79 47 214 0 8.38 42.62 
217977 3650 65 93 87 57 240 0 46.87 44.00 
218154 3579 67 92 87 55 234 0 49.52 44.59 
218331 3632 66 92 87 56 236 0 3.26 2.92 
218503 3296 62 87 79 47 215 0 2.28 1.97 
218674 3225 59 87 77 46 212 0 2.28 1.97 
218845 3160 61 88 78 45 214 0 1.97 2.92 
219016 3097 61 87 77 43 208 2 3.25 2.92 
219188 3081 60 87 76 43 208 0 2.30 1.97 
219359 3115 60 86 76 43 208 0 2.28 1.97 
219530 3115 60 86 76 43 208 0 2.28 1.97 
219701 3015 62 90 78 43 213 0 2.28 1.97 
219872 2933 66 96 82 44 225 0 3.25 2.92 
220044 2945 64 95 81 44 224 0 49.84 43.62 
220221 3030 61 89 77 43 212 0 49.50 42.81 
220398 3328 58 79 73 43 199 0 47.26 42.42 
220574 3238 57 83 74 44 203 0 49.67 42.43 
220751 3238 55 81 72 43 198 0 49.69 42.43 
220928 3165 56 80 71 41 195 0 47.24 44.20 
221105 3165 56 80 71 41 196 0 46.05 38.59 
221281 3168 57 82 73 42 198 0 50.18 42.84 
221458 3190 56 81 72 42 197 0 8.74 43.03 
221632 3144 57 81 72 41 196 0 5.81 43.21 
221806 3124 58 82 73 41 198 0 45.47 42.81 
221982 3277 56 80 72 43 198 0 47.24 43.42 
222158 3144 57 81 72 41 197 0 46.85 43.44 
222334 3131 57 83 73 42 200 0 0.00 43.42 
223505 3084 56 81 71 40 195 0 45.66 43.42 
223681 3084 56 81 71 40 196 0 29.27 43.42 
223856 3107 57 82 72 41 196 0 29.26 43.40 
224031 3128 55 81 71 41 196 0 45.85 