=~=~=~=~=~=~=~=~=~=~=~= PuTTY log 2025.11.26 14:25:08 =~=~=~=~=~=~=~=~=~=~=~=
ets Jul 29 2019 12:21:46

rst:0x1 (POWERON_RESET),boot:0x13 (SPI_FAST_FLASH_BOOT)
configsip: 0, SPIWP:0xee
clk_drv:0x00,q_drv:0x00,d_drv:0x00,cs0_drv:0x00,hd_drv:0x00,wp_drv:0x00
mode:DIO, clock div:1
load:0x3fff0030,len:4980
load:0x40078000,len:16612
load:0x40080400,len:3480
entry 0x400805b4
Found sensor
Milis - ColorTemp - Lux - R - G - B - C - Pot - UsensA - UsensB

399 4081 38 57 54 39 145 0 76.58 63.27 
578 4081 38 57 54 39 145 0 76.60 63.72 
757 4081 38 57 54 39 145 0 76.60 64.12 
936 4081 38 57 54 39 145 4 76.53 64.55 
1115 4081 38 57 54 39 145 0 76.58 64.51 
1294 4081 38 57 54 39 145 0 76.60 64.14 
1473 4081 38 57 54 39 145 0 68.54 51.31 
1651 4081 38 57 54 39 145 0 72.95 62.87 
1830 4081 38 57 54 39 145 0 74.83 63.29 
2009 4081 38 57 54 39 145 0 76.58 64.16 
2188 4081 38 57 54 39 145 4 76.60 63.72 
2367 4081 38 57 54 39 145 0 76.60 64.53 
2546 4081 38 57 54 39 145 0 76.52 60.10 
2725 4081 38 57 54 39 145 0 76.60 64.53 
2904 4081 38 57 54 39 145 1 76.62 64.12 
3083 4081 38 57 54 39 145 0 76.62 64.12 
3262 4081 38 57 54 39 145 0 76.60 64.14 
3441 4081 38 57 54 39 145 0 76.60 64.12 
3620 4081 38 57 54 39 145 0 76.58 65.40 
3800 4081 38 57 54 39 145 0 76.60 63.99 
3979 4081 38 57 54 39 145 0 76.58 63.56 
4158 4081 38 57 54 39 145 2 76.58 63.56 
4337 4081 38 57 54 39 145 0 76.62 57.19 
4516 4081 38 57 54 39 145 0 76.67 64.41 
4695 4081 38 57 54 39 145 0 76.60 64.00 
4874 4081 38 57 54 39 145 4 76.69 64.94 
5053 4081 38 57 54 39 145 0 42.30 36.07 
5229 4081 38 57 54 39 145 0 76.67 56.73 
5408 4081 38 57 54 39 145 2 76.60 64.96 
5587 4081 38 57 54 39 145 0 76.26 55.78 
5766 4081 38 57 54 39 145 0 76.70 63.58 
5945 4081 38 57 54 39 145 0 76.58 64.12 
6124 4068 39 57 55 39 146 0 60.04 55.91 
6302 4037 39 59 56 40 149 0 16.15 24.70 
6476 4119 38 58 55 40 147 3 76.58 55.51 
6655 4081 38 57 54 39 143 0 76.33 56.07 
6834 4081 38 57 54 39 144 0 0.00 64.70 
8007 4019 49 71 68 48 181 0 76.69 56.49 
8186 4059 45 66 63 45 168 0 76.77 64.28 
8365 3994 44 64 61 43 164 0 76.69 65.11 
8544 4087 44 64 62 44 165 0 76.77 55.79 
8723 4018 46 65 63 44 167 0 76.77 64.68 
8902 4059 45 66 63 45 168 0 76.42 62.88 
9081 4059 45 66 63 45 168 2 76.42 62.47 
9260 4119 45 65 63 45 167 0 76.79 55.64 
9439 4119 45 65 63 45 167 0 76.79 55.64 
9618 4119 45 65 63 45 167 0 76.70 56.75 
9797 4119 45 65 63 45 167 3 76.77 35.41 
9975 4119 45 65 63 45 167 0 76.77 43.21 
10153 4119 45 65 63 45 167 0 76.75 64.12 
10332 4119 45 65 63 45 167 3 76.77 64.67 
10511 4119 45 65 63 45 167 0 76.79 64.67 
10690 3986 45 64 62 43 164 0 76.77 64.14 
10869 4018 46 65 63 44 167 0 76.70 65.38 
11049 4027 44 65 62 44 166 2 76.75 64.67 
11228 3994 44 64 61 43 163 0 76.77 64.55 
11407 3994 44 64 61 43 164 0 76.77 65.09 
11587 4027 44 65 62 44 166 0 76.79 65.11 
11766 4027 44 65 62 44 166 3 76.79 64.70 
11945 4027 44 65 62 44 166 0 76.79 64.24 
12124 4018 46 65 63 44 166 0 76.79 64.55 
12303 4018 46 65 63 44 166 0 76.75 65.09 
12482 4018 46 65 63 44 166 0 76.77 64.67 
12661 4018 46 65 63 44 166 0 76.75 64.67 
12840 4018 46 65 63 44 166 0 76.77 65.09 
13020 4018 46 65 63 44 166 3 76.77 64.14 
13199 4018 46 65 63 44 166 0 76.69 65.52 
13379 4018 46 65 63 44 166 0 76.77 65.11 
13558 4018 46 65 63 44 166 0 76.79 64.14 
13737 4027 44 65 62 44 166 2 76.77 64.16 
13916 4027 44 65 62 44 166 0 76.77 65.11 
14096 4027 44 65 62 44 166 0 76.70 65.09 
14275 4027 44 65 62 44 166 0 76.70 65.09 
14454 4027 44 65 62 44 165 4 76.79 65.11 
14633 4027 44 65 62 44 165 0 76.79 63.83 
14812 4027 44 65 62 44 165 0 76.70 64.65 
14991 4027 44 65 62 44 165 0 76.77 64.26 
15170 4027 44 65 62 44 166 0 76.75 65.11 
15349 4027 44 65 62 44 166 0 76.79 64.55 
15528 4027 44 65 62 44 166 0 75.72 62.87 
15707 4087 44 64 62 44 164 0 76.25 43.81 
15885 4118 32 51 47 35 126 0 76.25 61.90 
16064 4072 31 50 46 34 123 0 76.25 43.40 
16242 4072 31 50 46 34 123 0 76.18 62.32 
16421 4072 31 50 46 34 123 0 76.25 62.32 
16600 4072 31 50 46 34 123 0 76.25 62.76 
16779 4072 31 50 46 34 123 0 76.25 43.81 
16957 4072 31 50 46 34 123 5 76.23 43.81 
17135 4159 31 49 46 34 123 0 76.18 43.03 
17313 4025 30 49 45 33 122 0 76.25 43.81 
17491 3967 32 48 45 32 121 5 76.16 62.32 
17670 4112 31 48 45 33 121 0 75.79 43.42 
17848 3967 32 48 45 32 121 0 75.82 43.81 
18026 3978 30 48 44 32 120 6 76.25 43.42 
18204 3978 30 48 44 32 120 0 76.18 61.88 
18383 3978 30 48 44 32 120 0 76.26 43.81 
18561 3978 30 48 44 32 120 1 76.18 62.32 
18740 3978 30 48 44 32 120 0 76.18 61.90 
18919 3978 30 48 44 32 120 0 76.25 62.32 
19098 3978 30 48 44 32 120 0 76.26 62.32 
19277 4066 30 47 44 32 120 4 76.25 43.40 
19455 4066 30 47 44 32 120 0 76.25 62.32 
19634 4066 30 47 44 32 120 0 76.18 62.75 
19813 4066 30 47 44 32 120 0 76.25 62.75 
19992 4066 30 47 44 32 120 0 76.25 61.78 
20171 4066 30 47 44 32 120 0 76.25 61.88 
20350 4066 30 47 44 32 120 0 76.25 61.88 
20529 4066 30 47 44 32 119 4 76.25 62.75 
20708 4066 30 47 44 32 119 0 76.25 62.20 
20887 4066 30 47 44 32 119 0 76.25 61.88 
21066 4066 30 47 44 32 119 0 76.26 62.32 
21245 4066 30 47 44 32 120 0 76.25 61.88 
21424 4066 30 47 44 32 120 0 76.25 62.31 
21603 4066 30 47 44 32 120 0 76.25 61.88 
21782 4066 30 47 44 32 120 2 76.25 62.32 
21961 4066 30 47 44 32 120 0 76.25 62.32 
22140 4066 30 47 44 32 120 0 76.23 62.75 
22319 3978 30 48 44 32 120 0 74.10 61.06 
22498 3978 30 48 44 32 120 1 69.68 58.84 
22677 3978 30 48 44 32 119 0 68.70 56.76 
22856 2589 139 199 162 70 432 0 68.39 56.73 
23035 2502 200 287 229 93 609 0 68.83 56.34 
23214 2503 198 286 228 93 607 0 68.41 56.75 
23393 2496 197 286 227 93 606 0 68.41 56.32 
23571 2498 197 284 226 92 603 0 68.83 56.76 
23750 2486 196 282 224 90 599 0 68.85 56.34 
23929 2486 196 282 224 90 599 0 68.39 56.34 
24107 2486 196 282 224 90 599 0 68.41 56.19 
24285 2478 194 282 223 90 597 2 65.33 55.01 
24463 2486 196 282 224 90 599 0 64.35 53.97 
24641 2498 199 284 227 91 604 0 61.30 50.78 
24819 2497 198 285 227 92 606 15 60.04 49.11 
24997 2688 99 147 120 58 319 0 60.20 48.57 
25175 4072 31 50 46 34 121 0 57.53 48.93 
25352 4048 86 117 116 80 309 0 57.12 55.78 
25530 3653 123 187 170 115 465 0 56.71 46.99 
25707 3729 91 137 126 86 343 0 55.08 55.35 
25885 4143 34 52 49 36 130 0 53.57 54.83 
26063 4159 31 49 46 34 121 0 53.57 54.99 
26241 4112 31 48 45 33 120 0 53.55 55.01 
26419 4112 31 48 45 33 121 5 51.36 52.29 
26596 4132 29 48 44 33 119 0 48.43 49.10 
26773 4066 30 47 44 32 118 1 47.65 49.23 
26950 4112 31 48 45 33 120 0 48.65 49.08 
27127 4112 31 48 45 33 121 0 48.86 50.12 
27304 3978 30 48 44 32 120 0 47.65 49.61 
27481 3929 29 47 43 31 117 0 47.24 48.55 
27658 3929 29 47 43 31 117 0 45.07 45.78 
27834 4066 30 47 44 32 119 0 43.88 44.39 
28010 4367 31 50 47 36 127 0 42.28 43.81 
28186 4367 31 50 47 36 127 0 41.60 43.01 
28362 3978 30 48 44 32 120 0 39.56 38.35 
28538 3967 32 48 45 32 121 0 29.02 30.79 
28713 4072 61 86 84 59 227 0 27.90 27.57 
28887 3877 64 95 89 62 241 0 25.89 25.84 
29061 4159 31 49 46 34 121 0 23.60 32.83 
29235 4159 31 49 46 34 121 0 31.35 31.53 
29410 4159 31 49 46 34 121 4 29.53 30.00 
29585 4025 30 49 45 33 120 0 27.32 30.00 
29760 4066 30 47 44 32 117 1 27.61 30.00 
29935 4032 28 46 42 31 114 0 25.89 27.57 
30109 3969 29 45 42 30 113 0 22.73 25.28 
30283 3969 29 45 42 30 114 0 22.15 28.71 
30457 3969 29 45 42 30 113 0 19.64 22.69 
30631 3969 29 45 42 30 114 0 305.74 795.01 
30867 3880 102 139 136 91 366 0 125.65 206.67 
31058 3674 127 183 171 113 468 0 303.86 795.07 
31294 3882 54 78 74 51 203 0 796.18 794.95 
31559 4032 28 46 42 31 117 2 300.02 106.42 
31754 3969 29 45 42 30 115 0 300.58 106.59 
31949 3980 28 45 41 30 114 0 102.53 104.02 
32132 3980 28 45 41 30 113 0 97.10 68.95 
32313 3980 28 45 41 30 113 0 72.69 55.78 
32492 3880 29 46 42 30 114 0 70.50 55.62 
32671 3836 90 130 123 84 336 0 56.58 55.74 
32849 3774 130 192 179 122 491 0 60.49 56.17 
33027 4107 46 65 64 45 173 0 56.00 53.31 
33205 3920 29 44 41 29 112 0 66.88 69.11 
33384 3932 65 92 89 61 242 0 60.89 87.96 
33564 13335 32 54 63 67 179 0 62.85 56.07 
33742 26628 34 60 75 88 219 0 62.83 61.22 
33920 22303 35 60 74 85 216 0 62.81 60.66 
34098 11163 32 55 61 63 174 0 56.00 57.44 
34276 16609 33 57 68 75 196 0 46.85 49.61 
34453 30847 34 62 78 93 229 0 55.73 48.76 
34630 27538 36 62 79 93 231 0 55.73 48.91 
34807 32210 36 64 81 97 240 0 55.85 49.10 
34984 31651 36 64 82 98 241 0 54.89 51.80 
35161 28780 37 64 82 97 240 0 43.88 43.83 
35337 9619 32 54 59 59 169 2 28.75 38.57 
35512 3969 29 45 42 30 114 0 23.31 23.85 
35686 3780 59 88 82 56 225 0 18.05 55.78 
35861 3921 31 47 44 31 120 0 16.13 17.70 
36034 4503 29 46 44 34 122 0 28.19 25.84 
36208 5959 32 49 51 44 142 0 16.46 17.07 
36381 6272 31 49 51 45 145 0 32.88 105.72 
36560 6118 30 49 50 44 142 0 796.18 139.08 
36786 4460 31 46 45 34 124 0 796.11 69.68 
37008 3920 29 44 41 29 113 0 117.13 70.38 
37190 4024 27 43 40 29 111 0 85.19 72.78 
37370 4018 30 46 43 31 118 0 29.02 43.21 
37545 4018 30 46 43 31 117 0 101.37 84.35 
37727 3969 29 45 42 30 116 0 85.37 84.56 
37908 4107 30 45 43 31 118 0 102.22 84.17 
38090 4018 30 46 43 31 117 0 86.17 84.08 
38271 4018 30 46 43 31 117 0 84.92 84.12 
38452 4018 30 46 43 31 117 0 86.60 84.07 
38633 4018 30 46 43 31 117 0 103.67 84.07 
38815 4018 30 46 43 31 117 0 62.83 86.00 
38995 4018 30 46 43 31 117 0 90.44 89.49 
39177 9154 32 52 58 57 165 0 92.11 77.62 
39358 29396 37 62 81 96 237 0 90.68 90.78 
39540 28479 38 63 83 98 241 0 108.77 110.53 
39724 28479 38 63 83 98 242 0 108.70 124.18 
39909 30638 38 64 84 100 245 0 107.46 107.64 
40093 31731 37 63 82 98 241 0 89.10 87.89 
40275 29396 37 62 81 96 237 0 89.27 80.92 
40456 13234 34 56 66 70 189 0 89.73 81.33 
40637 9150 33 53 59 58 168 0 88.84 81.31 
40818 9150 33 53 59 58 167 0 85.36 85.70 
40999 6118 30 49 50 44 141 0 81.92 81.51 
41180 4107 30 45 43 31 117 0 76.79 78.78 
41360 4018 30 46 43 31 118 0 73.76 81.68 
41540 4163 43 63 61 44 168 0 87.94 89.03 
41722 3767 55 82 76 52 207 0 72.78 75.48 
41902 3969 29 45 42 30 115 0 76.50 72.13 
42082 3969 29 45 42 30 114 0 71.74 71.62 
42262 3980 28 45 41 30 114 0 63.95 74.44 
42441 3980 28 45 41 30 114 0 87.41 83.83 
42622 3920 29 44 41 29 112 0 83.52 77.18 
42803 4018 30 46 43 31 228 0 80.24 78.49 
42983 3880 29 46 42 30 116 0 72.23 58.56 
43162 4551 30 47 45 35 126 0 72.69 55.62 
43341 8312 31 51 55 53 158 0 68.14 68.60 
43520 8058 47 75 82 78 234 0 67.71 67.90 
43699 2357 69 192 124 87 398 0 72.42 73.64 
43879 1787 23 166 75 56 289 1 70.38 72.50 
44059 1787 23 166 75 56 288 5 68.68 58.85 
44238 1809 22 160 72 54 278 0 40.46 41.31 
44414 1783 22 157 71 53 273 0 37.72 36.07 
44589 1623 24 138 67 50 247 0 37.96 37.67 
44765 1762 23 165 75 56 286 0 36.58 37.67 
44941 2283 27 83 52 38 168 0 35.46 36.07 
45116 3969 29 45 42 30 114 0 48.84 34.12 
45292 2390 29 82 53 38 169 0 44.47 48.76 
45469 1869 22 173 77 58 300 0 46.46 48.37 
45646 1874 23 178 79 59 308 0 45.88 49.08 
45823 1874 23 178 79 59 307 0 45.46 49.08 
46000 1905 23 179 79 59 308 0 44.08 49.10 
46177 1905 23 179 79 59 308 0 43.88 48.93 
46354 1970 22 178 78 59 306 0 47.65 48.93 
46531 1905 23 179 79 59 309 0 44.66 48.93 
46708 1905 23 179 79 59 309 0 47.65 48.93 
46885 1939 23 180 79 59 309 0 44.28 48.93 
47062 1939 23 180 79 59 309 0 44.27 48.94 
47239 1939 23 180 79 59 309 4 46.05 48.77 
47416 1939 23 180 79 59 309 0 45.85 49.28 
47593 1939 23 180 79 59 310 0 46.87 48.93 
47770 1939 23 180 79 59 310 0 46.44 48.91 
47947 1939 23 180 79 59 310 0 46.85 48.93 
48124 1966 22 180 79 60 310 0 46.85 49.28 
48301 1966 22 180 79 60 310 0 46.85 48.93 
8478 1939 23 180 79 59 310 0 46.85 48.93 
48655 1939 23 180 79 59 310 0 57.97 49.44 
48832 1939 23 180 79 59 310 0 49.52 48.77 
49009 1905 23 179 79 59 309 0 796.13 63.33 
49231 1905 23 179 79 59 308 0 796.16 50.78 
49452 1874 23 178 79 59 307 0 48.82 50.63 
49629 1933 22 177 78 59 304 0 49.33 51.12 
49806 1908 23 177 78 58 304 0 48.84 51.46 
49983 1970 22 178 78 59 305 0 49.33 50.10 
50160 1905 23 179 79 59 307 0 49.50 48.94 
50337 1970 22 178 78 59 306 0 49.35 49.44 
50514 1846 23 175 78 58 302 0 64.09 51.44 
50692 1933 22 177 78 59 305 0 55.74 38.13 
50869 1620 34 185 91 67 334 0 55.88 49.08 
51046 2133 64 202 123 87 405 0 56.00 55.64 
51224 1622 27 152 74 55 275 0 43.49 41.09 
51400 3838 31 48 44 31 120 1 45.46 43.60 
51576 3717 29 51 44 32 124 0 49.86 45.58 
51753 3241 30 62 48 35 140 0 49.84 46.77 
51930 3880 29 46 42 30 116 0 49.67 46.39 
52107 4018 30 46 43 31 117 0 49.86 48.40 
52284 3929 29 47 43 31 118 0 51.53 50.10 
52461 3344 30 59 47 34 136 0 51.53 49.95 
52638 2542 29 80 53 39 166 0 51.53 50.44 
52815 2664 30 77 53 38 163 0 51.54 50.80 
52992 2659 29 78 53 39 164 0 39.56 53.48 
53169 1671 26 125 65 48 229 0 53.23 55.91 
53347 1760 24 169 77 58 294 0 49.18 56.47 
53524 1696 42 184 97 70 344 0 48.99 50.78 
53701 2250 70 203 128 89 415 0 61.85 59.96 
53879 3524 128 199 177 118 493 0 61.73 59.81 
54057 3918 99 133 131 88 352 0 58.26 57.05 
54235 3164 117 216 173 117 504 0 58.51 58.14 
54413 1637 30 176 84 62 314 0 56.29 55.66 
54591 1768 24 172 78 58 301 0 55.73 52.63 
54769 1709 25 165 76 56 289 0 61.17 55.90 
54947 2402 27 79 51 37 163 0 56.01 54.98 
55125 3969 29 45 42 30 114 0 49.01 59.38 
55303 1782 26 108 59 43 204 0 53.89 55.79 
55481 1658 27 170 80 59 302 0 57.14 58.02 
55659 3025 126 239 187 124 550 12 55.73 49.27 
55836 3553 184 264 244 157 667 0 53.58 53.65 
56013 3414 182 261 238 148 649 0 55.73 52.29 
56191 2435 77 201 133 92 418 0 796.28 302.06 
56427 1631 26 154 74 55 273 0 299.69 275.59 
56632 1629 35 181 91 67 330 0 83.86 66.33 
56812 2599 89 218 150 104 467 0 92.12 55.49 
56992 2589 85 216 147 104 456 0 91.56 56.17 
57172 1656 27 173 82 63 298 0 88.82 55.62 
57352 1741 26 181 83 63 312 0 77.76 63.70 
57531 1631 27 166 80 61 292 0 74.82 76.57 
57711 3712 32 59 50 37 137 0 74.21 144.33 
57895 4025 30 49 45 33 120 0 74.29 77.79 
58075 4112 31 48 45 33 120 0 72.69 69.48 
58255 4112 31 48 45 33 120 0 69.16 71.86 
58434 4112 31 48 45 33 119 0 66.04 86.39 
58614 4112 31 48 45 33 118 0 62.41 86.29 
58794 4072 31 50 46 34 121 0 63.38 85.48 
58974 3895 99 137 133 90 358 0 63.78 85.41 
59154 3812 136 190 182 122 493 0 61.30 86.38 
59334 3812 136 190 182 122 494 0 58.92 86.00 
59514 3737 110 159 149 100 404 0 55.86 55.62 
59692 4072 31 50 46 34 123 0 55.85 54.15 
59870 4159 31 49 46 34 122 0 53.04 53.29 
60047 4159 31 49 46 34 121 1 55.86 92.94 
60227 4159 31 49 46 34 122 0 49.01 48.57 
60404 4159 31 49 46 34 121 0 133.02 45.20 
60586 4166 44 66 63 46 166 0 148.14 46.99 
60769 3748 113 157 150 99 398 0 173.42 46.58 
60953 3619 143 198 187 120 500 0 45.07 45.20 
61129 3644 142 198 187 121 501 0 46.05 45.61 
61306 3592 156 218 205 131 551 0 45.47 43.81 
61482 3522 179 255 236 150 638 0 44.47 42.82 
61658 3520 178 255 235 150 635 0 43.67 41.31 
61834 3522 181 263 241 155 657 0 65.93 36.29 
62011 3807 135 195 184 125 501 0 66.18 29.24 
62188 4002 57 80 78 54 209 0 65.19 48.37 
62366 3967 32 48 45 32 120 0 90.00 59.69 
62546 3929 29 47 43 31 117 0 88.04 56.61 
62726 3880 29 46 42 30 115 0 100.18 55.78 
62906 3880 29 46 42 30 115 0 98.75 56.20 
63086 3929 29 47 43 31 118 0 90.68 61.90 
63266 3929 29 47 43 31 118 0 85.37 55.64 
63445 4018 30 46 43 31 116 0 97.46 56.73 
63625 4018 30 46 43 31 117 0 93.16 58.56 
63805 4018 30 46 43 31 117 0 95.30 56.90 
63985 4018 30 46 43 31 117 0 88.82 55.64 
64165 3929 29 47 43 31 118 0 107.56 57.73 
64346 4018 30 46 43 31 117 0 108.15 55.64 
64527 3958 33 48 46 32 123 0 103.84 55.78 
64708 3841 29 48 43 31 124 0 91.85 92.26 
64890 3929 29 47 43 31 118 0 89.27 88.59 
65072 3929 29 47 43 31 118 0 88.30 75.26 
65253 4018 30 46 43 31 118 0 101.15 69.22 
65434 3923 33 50 47 33 128 0 100.28 97.29 
65617 3716 106 152 143 95 391 0 80.67 98.68 
65799 3921 31 47 44 31 120 2 43.23 89.30 
65978 3880 29 46 42 30 117 0 87.23 83.64 
66159 3880 29 46 42 30 116 0 79.78 81.43 
66340 3969 29 45 42 30 114 0 80.22 82.21 
66521 3969 29 45 42 30 115 0 80.21 68.97 
66701 3880 29 46 42 30 117 0 80.58 66.78 
66881 3880 29 46 42 30 117 0 78.37 64.12 
67061 3880 29 46 42 30 117 0 59.89 61.20 
67239 3880 29 46 42 30 116 0 60.03 58.14 
67417 3775 60 63 70 40 171 0 60.47 56.88 
67595 4018 30 46 43 31 117 0 56.42 56.75 
67773 4018 30 46 43 31 117 0 56.00 51.95 
67951 3969 29 45 42 30 116 0 76.25 49.10 
68130 5874 1 45 41 66 113 0 75.24 48.18 
68308 3928 27 44 40 29 111 2 75.72 69.92 
68488 3928 27 44 40 29 111 0 76.14 55.90 
68667 3920 29 44 41 29 112 0 61.57 76.40 
68846 3928 27 44 40 29 111 0 57.54 70.89 
69025 3980 28 45 41 30 114 0 55.08 55.78 
69203 3969 29 45 42 30 115 0 55.42 58.28 
69381 3880 29 46 42 30 116 0 54.57 55.78 
69559 3880 29 46 42 30 116 10 48.84 49.25 
69736 3980 28 45 41 30 114 0 120.84 43.79 
69917 3822 60 87 82 56 224 0 39.78 53.47 
70094 4018 30 46 43 31 117 0 36.58 49.11 
70270 4018 30 46 43 31 116 0 43.69 52.28 
70447 3929 29 47 43 31 118 0 40.92 60.11 
70624 3942 39 51 51 34 132 0 62.85 56.90 
70802 3771 70 71 80 45 192 0 62.81 43.60 
70979 3721 114 94 119 58 269 1 62.13 44.61 
71156 3750 121 99 126 62 282 0 61.18 44.40 
71333 3773 120 101 127 64 286 0 60.20 52.99 
71511 3788 110 94 117 60 264 0 57.83 55.33 
71689 3916 35 50 48 33 126 0 59.08 55.79 
71867 4018 30 46 43 31 115 0 58.51 53.81 
72045 4066 30 47 44 32 118 0 55.73 53.48 
72223 4066 30 47 44 32 118 0 55.73 53.14 
72401 4116 68 92 92 64 247 0 55.73 53.14 
72579 3922 167 236 227 156 618 6 55.88 55.64 
72757 3798 182 258 245 165 670 0 55.57 54.84 
72935 3869 136 198 187 129 513 0 55.06 55.66 
73113 4129 43 62 60 43 162 0 55.08 55.51 
73291 4090 35 54 51 37 139 0 83.95 52.82 
73470 4012 32 49 46 33 125 0 51.20 51.12 
73647 4018 30 46 43 31 117 0 51.19 51.63 
73824 4082 29 47 43 32 118 0 50.52 50.47 
74001 3929 29 47 43 31 117 0 49.33 49.27 
74178 3929 29 47 43 31 118 0 47.84 48.18 
74355 3978 30 48 44 32 120 0 71.54 55.91 
74534 3929 29 47 43 31 118 0 45.07 44.01 
74710 4066 30 47 44 32 119 0 42.30 41.97 
74886 4025 30 49 45 33 121 0 72.95 75.92 
75066 4118 32 51 47 35 125 0 77.83 62.75 
75245 4076 37 54 52 37 135 0 78.27 61.91 
75424 3785 101 91 110 58 253 0 75.11 64.41 
75603 3769 113 98 121 62 276 0 70.65 65.23 
75782 4067 45 58 59 40 149 0 69.41 71.08 
75961 4143 34 52 49 36 128 0 69.92 70.74 
76140 4163 32 52 48 36 126 0 84.32 66.61 
76320 4163 32 52 48 36 127 0 81.82 82.77 
76501 4249 32 51 48 36 126 0 79.88 82.25 
76682 4072 31 50 46 34 123 0 76.77 78.51 
76862 3794 75 108 102 69 277 0 73.39 73.92 
77042 3930 44 54 56 36 143 0 57.12 55.93 
77220 3788 114 94 120 60 270 0 56.42 56.75 
77398 3523 134 120 141 67 323 0 56.42 56.76 
77576 3472 136 125 144 68 333 0 56.42 57.19 
77754 3455 136 126 144 68 334 0 56.42 56.75 
77932 3459 138 126 145 68 334 0 56.42 56.75 
78110 3459 138 126 145 68 335 0 56.85 58.02 
78288 3459 138 126 145 68 335 0 56.41 56.34 
78466 3459 138 126 145 68 335 0 56.42 55.93 
78644 3459 138 126 145 68 335 0 56.42 56.30 
78822 3459 138 126 145 68 335 0 56.83 57.17 
79000 3459 138 126 145 68 335 0 56.42 57.17 
79178 3459 138 126 145 68 335 0 56.83 57.58 
79356 3459 138 126 145 68 335 0 56.83 56.32 
79534 3459 138 126 145 68 335 0 56.42 56.76 
79712 3459 138 126 145 68 335 0 56.42 56.75 
79890 3448 137 125 144 67 334 0 56.85 56.75 
80068 3424 135 123 141 65 329 0 56.42 56.34 
80246 3424 135 123 141 65 329 0 56.42 56.76 
80424 3441 135 122 141 65 328 0 56.42 56.75 
80602 3441 135 122 141 65 327 0 56.42 56.76 
80780 3441 135 122 141 65 327 0 56.42 55.79 
80958 3441 135 122 141 65 328 0 56.42 55.93 
81136 3441 135 122 141 65 328 0 56.41 56.34 
81314 3424 135 123 141 65 329 0 56.42 57.17 
81492 3424 135 123 141 65 329 0 56.42 56.76 
81670 3441 135 122 141 65 328 0 56.42 56.30 
81848 3441 135 122 141 65 328 0 56.41 56.75 
82026 3441 135 122 141 65 327 0 56.42 57.17 
82204 3441 135 122 141 65 328 0 56.42 57.17 
82382 3441 135 122 141 65 328 0 56.42 56.75 
82560 3462 136 124 143 67 333 0 56.42 56.75 
82738 3428 136 123 142 65 330 0 56.41 56.73 
82916 3441 135 122 141 65 329 1 56.83 56.73 
83094 3424 135 123 141 65 329 0 56.85 56.75 
83272 3451 135 123 142 66 331 0 56.42 57.15 
83450 3428 136 123 142 65 330 2 56.42 56.73 
83628 3438 137 124 143 66 332 0 56.42 56.75 
83806 3465 137 124 144 67 333 0 56.42 56.75 
83984 3448 137 125 144 67 334 2 56.42 56.76 
84162 3448 137 125 144 67 334 0 56.83 57.17 
84340 3448 137 125 144 67 335 0 56.42 57.17 
84518 3475 138 125 145 68 335 3 56.44 57.15 
84696 3448 137 125 144 67 335 0 56.42 57.60 
84874 3475 138 125 145 68 335 0 56.42 57.17 
85052 3475 138 125 145 68 335 2 56.41 57.61 
85230 3475 138 125 145 68 335 0 56.42 56.73 
85408 3448 137 125 144 67 335 0 56.42 57.17 
85586 3448 137 125 144 67 334 2 56.42 56.34 
85764 3448 137 125 144 67 334 0 56.41 57.17 
85942 3448 137 125 144 67 334 0 56.41 56.34 
86120 3465 137 124 144 67 333 2 56.41 57.58 
86298 3465 137 124 144 67 333 0 56.42 56.75 
86476 3462 136 124 143 67 333 0 56.42 56.73 
86654 3462 136 124 143 67 333 1 56.42 56.34 
8