=~=~=~=~=~=~=~=~=~=~=~= PuTTY log 2025.11.26 14:56:59 =~=~=~=~=~=~=~=~=~=~=~=
ets Jul 29 2019 12:21:46

rst:0x1 (POWERON_RESET),boot:0x13 (SPI_FAST_FLASH_BOOT)
configsip: 0, SPIWP:0xee
clk_drv:0x00,q_drv:0x00,d_drv:0x00,cs0_drv:0x00,hd_drv:0x00,wp_drv:0x00
mode:DIO, clock div:1
load:0x3fff0030,len:4980
load:0x40078000,len:16612
load:0x40080400,len:3480
entry 0x400805b4
Found sensor
Milis - ColorTemp - Lux - R - G - B - C - Pot - UsensA - UsensB

399 6748 53 54 73 61 185 10 57.68 42.82 
576 6748 53 54 73 61 185 0 57.70 42.64 
753 6748 53 54 73 61 185 0 57.68 40.87 
930 6748 53 54 73 61 185 0 57.82 43.42 
1107 6748 53 54 73 61 185 0 57.70 41.31 
1284 6748 53 54 73 61 185 0 57.70 42.64 
1461 6748 53 54 73 61 185 0 57.68 42.62 
1638 6748 53 54 73 61 185 6 57.68 42.62 
1815 6748 53 54 73 61 185 0 57.70 42.62 
1992 6748 53 54 73 61 185 0 57.70 42.62 
2169 6748 53 54 73 61 185 0 58.11 40.87 
2346 6748 53 54 73 61 185 0 57.70 41.33 
2523 6748 53 54 73 61 185 0 57.82 42.42 
2700 6748 53 54 73 61 185 0 57.70 42.21 
2877 6748 53 54 73 61 185 0 57.70 42.62 
3054 6748 53 54 73 61 185 5 58.09 42.60 
3231 6748 53 54 73 61 185 0 58.11 40.88 
3408 6748 53 54 73 61 185 0 57.82 42.43 
3585 6748 53 54 73 61 185 0 58.09 42.21 
3762 6748 53 54 73 61 185 0 57.82 44.20 
3939 6748 53 54 73 61 185 3 57.68 42.64 
4116 6535 53 54 73 60 185 0 57.68 42.21 
4293 6535 53 54 73 60 185 0 57.82 42.43 
4470 6657 52 54 72 60 184 6 57.82 44.22 
4647 6657 52 54 72 60 184 0 57.82 42.43 
4824 6535 53 54 73 60 185 0 57.82 42.43 
5001 6748 53 54 73 61 185 0 58.11 42.62 
5178 6748 53 54 73 61 185 0 58.11 41.33 
5355 6748 53 54 73 61 185 5 58.11 41.31 
5532 6748 53 54 73 61 185 0 57.82 43.79 
5709 6748 53 54 73 61 185 0 58.11 40.88 
5886 6748 53 54 73 61 185 0 57.70 42.64 
6063 6748 53 54 73 61 185 0 58.12 42.62 
6240 6748 53 54 73 61 185 0 58.11 42.62 
6417 6675 52 55 73 61 186 0 58.09 42.64 
6594 6675 52 55 73 61 186 0 58.11 42.62 
6771 6675 52 55 73 61 186 6 58.11 42.60 
6948 6675 52 55 73 61 186 0 58.09 42.62 
7125 6748 53 54 73 61 185 0 57.70 42.62 
7302 6748 53 54 73 61 185 0 58.09 42.23 
7479 6748 53 54 73 61 186 0 58.07 42.62 
7656 6748 53 54 73 61 186 1 57.68 43.03 
7833 6748 53 54 73 61 185 0 58.24 42.62 
8010 6675 52 55 73 61 186 0 57.82 43.01 
8187 6675 52 55 73 61 186 1 57.82 43.42 
8364 6675 52 55 73 61 186 0 57.94 49.57 
8541 6748 53 54 73 61 185 0 57.95 42.42 
8718 6535 53 54 73 60 185 0 57.95 42.42 
8895 6748 53 54 73 61 185 0 57.95 49.44 
9072 6675 52 55 73 61 186 2 57.95 42.82 
9249 6675 52 55 73 61 186 0 58.24 42.64 
9426 6675 52 55 73 61 186 0 57.95 42.43 
9603 6675 52 55 73 61 186 0 57.95 42.42 
9780 6675 52 55 73 61 186 0 57.83 43.01 
9957 6675 52 55 73 61 186 0 57.54 43.21 
10134 6675 52 55 73 61 186 0 56.15 50.10 
10311 6535 53 54 73 60 184 0 56.98 55.66 
10489 4378 35 60 55 43 154 2 66.61 55.81 
10667 3271 34 75 57 43 171 0 66.89 57.31 
10845 3403 33 76 58 45 176 0 63.95 54.99 
11023 3288 34 78 59 45 180 0 62.56 55.49 
11201 3317 32 74 56 43 169 0 63.39 59.14 
11379 3393 44 92 72 54 213 0 63.82 58.68 
11557 3575 52 108 86 66 257 0 63.10 58.28 
11735 3677 53 109 88 68 259 0 60.60 60.03 
11913 3452 40 84 66 50 194 0 60.33 55.91 
12091 3203 32 74 55 42 168 0 58.11 59.24 
12269 3372 36 77 60 45 178 0 18.04 57.31 
12445 3779 51 88 77 56 217 0 54.93 57.02 
12623 3452 78 113 103 65 276 0 54.26 56.88 
12801 3172 64 93 82 48 219 0 51.88 54.83 
12978 3249 51 78 68 42 185 0 49.67 52.63 
13155 3111 64 92 81 46 217 3 47.65 48.93 
13332 3029 80 113 99 54 263 0 46.05 48.37 
13509 2991 72 104 90 49 241 0 20.59 21.18 
13683 2858 93 132 113 57 300 0 20.89 19.92 
13857 2858 96 135 116 58 307 0 42.06 17.07 
14032 2896 75 111 94 50 252 0 42.89 16.12 
14207 4063 72 107 102 73 279 0 18.68 16.75 
14380 4134 102 150 144 104 395 0 16.46 15.79 
14553 4168 113 163 158 114 432 0 16.15 15.79 
14726 4226 123 178 173 126 475 0 16.15 15.79 
14899 4238 123 179 174 127 479 0 16.13 16.12 
15072 4273 124 179 175 128 480 4 40.26 16.12 
15246 4238 123 179 174 127 479 0 37.50 8.38 
15420 4203 122 176 171 124 470 0 36.82 37.67 
15596 4116 104 152 146 105 401 0 29.02 5.81 
15769 3551 21 96 61 60 211 0 7.11 35.85 
15943 3132 17 122 71 75 261 0 4.86 31.02 
16116 3298 19 115 69 71 249 0 18.68 3.25 
16288 8855 62 81 101 96 275 5 13.80 4.86 
16460 2520 35 116 74 59 243 0 15.83 5.81 
16632 3557 97 141 130 84 354 0 24.74 7.41 
16805 3613 180 198 210 118 528 6 16.15 4.52 
16977 4059 88 118 118 81 314 0 10.78 9.74 
17149 10351 39 89 84 88 257 0 14.48 11.76 
17322 10266 37 88 82 86 252 5 16.46 15.81 
17495 10351 39 89 84 88 256 0 16.15 18.02 
17668 3749 113 135 139 85 358 0 15.83 18.33 
17841 3395 103 149 135 84 367 0 31.59 28.71 
18016 6553 58 105 102 94 296 0 24.45 30.77 
18190 9173 72 91 116 111 314 0 25.33 26.71 
18364 8004 65 83 102 94 275 0 23.60 26.13 
18538 7455 52 67 81 73 219 5 23.87 25.57 
18712 8125 53 69 84 78 229 0 23.31 25.84 
18886 7738 52 68 82 75 223 0 22.15 22.98 
19060 8302 63 79 99 92 267 0 19.62 18.65 
19233 10805 85 103 140 139 380 0 19.94 18.65 
19406 11027 85 105 141 141 384 0 19.94 18.65 
19579 11041 84 104 140 140 380 0 20.26 21.50 
19753 10749 85 104 140 139 379 0 22.73 25.84 
19927 10793 86 104 141 140 382 0 27.90 32.57 
20102 8368 53 80 90 86 253 0 33.66 35.39 
20277 3424 19 103 63 64 224 0 38.64 43.60 
20453 4095 100 158 146 108 409 0 50.35 46.97 
20630 3344 91 132 119 73 321 0 48.82 49.61 
20807 2847 90 134 112 59 303 0 51.54 51.12 
20984 2458 30 104 65 53 215 0 54.42 51.78 
21161 2941 29 79 55 43 172 0 45.47 47.17 
21338 3744 33 68 55 43 162 3 15.50 39.05 
21512 4578 39 60 58 45 160 0 16.78 16.12 
21685 3687 32 64 52 40 153 0 16.78 15.79 
21858 2779 31 95 63 51 200 0 16.78 15.49 
22031 2711 33 102 67 54 212 0 16.78 15.49 
22204 2697 34 103 68 54 215 5 16.78 15.49 
22377 2697 34 103 68 54 215 0 49.35 16.44 
22552 2697 34 103 68 54 215 0 47.04 45.99 
22729 2743 31 99 65 53 205 0 44.27 41.79 
22905 6022 63 77 91 75 235 0 38.64 36.74 
23081 7274 89 86 123 105 308 0 36.58 10.08 
23255 7129 92 92 128 109 323 1 16.15 15.15 
23428 3018 39 86 64 46 190 0 62.70 18.95 
23604 2493 35 89 60 41 185 4 76.42 41.31 
23782 2257 36 101 64 44 205 0 35.68 36.07 
23957 2344 36 97 63 43 199 0 30.82 33.61 
24132 2491 36 96 64 45 200 0 70.02 46.19 
24310 6783 83 84 115 96 293 0 62.00 48.76 
24488 6983 105 101 143 120 362 0 59.91 47.57 
24665 7003 102 100 140 118 355 0 60.20 51.78 
24843 6463 86 89 118 97 302 0 57.95 47.36 
25020 6939 100 98 137 115 347 2 33.39 57.03 
25196 7333 114 108 157 134 395 0 55.08 47.97 
25373 7225 115 109 158 134 397 0 53.23 53.81 
25550 7110 104 102 144 122 364 0 19.94 57.05 
25726 3241 35 96 68 56 214 0 14.82 55.93 
25901 1965 25 119 67 57 234 0 11.78 16.12 
26074 2627 43 104 72 50 221 0 44.66 6.12 
26248 2643 122 178 145 67 388 0 37.04 1.97 
26421 3266 106 153 137 82 370 0 35.44 6.77 
26595 4189 129 188 182 132 501 0 7.75 36.52 
26769 4163 130 189 183 132 503 3 10.44 4.52 
26941 4151 130 188 182 131 500 0 51.37 35.14 
27117 4107 89 140 130 96 362 3 15.83 16.12 
27290 3674 23 81 55 51 182 0 15.83 14.79 
27463 3252 18 115 68 71 246 0 25.60 15.81 
27637 3238 17 118 69 73 253 0 21.84 16.12 
27810 3206 20 105 64 64 225 0 18.36 17.37 
27983 2772 19 126 73 75 266 4 17.73 16.12 
28156 2121 16 135 74 77 277 0 17.10 11.42 
28329 1997 14 141 76 81 289 0 16.46 10.08 
28502 2030 16 142 77 81 291 0 16.15 9.40 
28675 2071 15 142 77 82 292 0 13.80 10.76 
28848 2231 16 132 73 76 273 0 8.74 4.20 
29020 4058 87 137 127 93 352 0 5.49 6.14 
29192 4139 150 211 207 147 566 0 6.78 8.38 
29364 4222 119 163 163 116 443 0 9.42 47.40 
29538 4051 185 264 255 180 700 0 16.46 16.12 
29711 3125 127 181 160 91 432 0 15.83 17.07 
29884 2527 172 245 197 81 524 0 21.52 20.54 
30058 2524 173 248 199 82 532 0 23.89 19.91 
30232 2523 174 249 200 82 533 4 22.15 18.95 
30406 2514 174 250 200 82 534 0 21.52 18.02 
30579 2513 168 243 194 80 518 0 23.02 22.41 
30753 2503 161 236 187 78 501 0 22.15 45.97 
30928 2525 174 247 199 81 530 0 22.15 42.01 
31103 2527 179 253 204 83 542 0 17.71 20.54 
31276 2529 176 251 202 83 539 0 15.16 15.79 
31449 2523 174 249 200 82 533 3 10.78 41.33 
31623 3761 153 218 206 138 563 0 5.81 37.89 
31797 4187 114 162 159 114 436 0 6.78 16.42 
31970 4049 138 206 195 140 536 0 7.75 16.12 
32143 2973 30 127 80 74 275 0 10.10 15.79 
32316 1624 14 158 81 85 315 1 10.42 16.12 
32489 1640 15 159 82 85 316 0 13.12 15.47 
32662 1697 15 153 80 83 307 0 20.57 17.07 
32835 4078 116 174 165 119 456 0 17.10 17.39 
33008 3483 141 203 186 118 508 0 14.82 16.12 
33181 2519 170 245 196 81 523 2 8.40 35.38 
33355 3532 149 215 198 127 541 0 6.14 37.21 
33529 3946 94 170 147 112 426 0 40.00 15.79 
33703 1623 14 164 84 88 327 0 8.06 16.44 
33876 1624 14 160 82 86 318 0 9.08 10.08 
34048 2503 22 127 74 72 266 0 8.38 35.62 
34222 2407 21 129 74 73 270 0 7.75 9.74 
34394 1736 16 150 79 81 302 4 8.06 35.14 
34568 1630 13 168 85 90 334 0 6.46 35.85 
34742 1623 14 164 84 88 326 0 6.14 35.62 
34916 1668 15 152 79 82 305 0 11.78 11.10 
35088 1696 16 153 80 82 306 0 7.75 9.40 
35260 3889 81 149 127 97 368 0 8.06 10.74 
35432 4104 100 145 140 100 384 0 15.50 14.47 
35605 4010 155 230 218 155 599 0 18.36 15.47 
35778 4051 185 264 255 180 699 5 16.78 16.75 
35951 4076 193 274 266 188 729 0 23.60 15.47 
36124 4060 194 275 267 188 731 0 18.38 15.81 
36297 4060 194 275 267 188 731 0 18.04 16.75 
36470 4060 194 275 267 188 732 0 17.41 15.49 
36643 4060 194 275 267 188 732 4 14.82 14.79 
36816 4060 194 275 267 188 732 0 15.83 17.37 
36989 4052 194 274 266 187 729 0 21.22 44.98 
37164 2665 131 188 155 71 415 0 55.88 49.25 
37341 2367 70 152 104 61 315 0 56.01 35.62 
37518 1847 24 124 68 58 241 0 54.76 50.95 
37695 3055 30 79 56 44 174 0 53.41 54.15 
37872 3685 36 83 64 52 194 0 64.24 55.52 
38050 2404 27 103 63 53 212 0 59.36 57.58 
38228 1627 21 142 72 63 266 0 58.96 52.29 
38406 1622 21 145 73 64 271 0 58.94 55.93 
38584 1620 20 144 72 63 269 0 57.41 56.20 
38762 2109 30 125 73 60 250 0 53.24 49.93 
38939 2430 52 136 90 62 282 0 48.45 46.97 
39116 2633 119 171 140 63 373 0 44.27 42.64 
39292 2590 143 204 166 72 441 0 19.31 39.47 
39467 2819 73 109 91 47 245 0 18.68 17.05 
39640 3178 58 85 75 44 202 3 40.94 16.42 
39815 4164 99 140 137 98 372 0 41.62 15.79 
39990 4219 119 171 167 121 457 2 41.21 15.79 
40165 4208 119 173 168 122 459 0 39.12 42.62 
40341 4274 119 172 168 123 461 2 39.10 7.09 
40515 4211 102 152 146 107 403 0 49.33 5.81 
40689 3774 25 77 55 49 177 4 49.86 8.38 
40864 3674 23 92 61 58 205 0 16.15 11.10 
41037 3865 25 73 53 47 169 0 15.52 35.39 
41211 3454 22 97 62 60 213 0 16.46 35.38 
41385 3530 21 104 65 65 229 0 11.10 35.38 
41559 3530 21 104 65 65 230 7 7.43 32.56 
41733 3504 23 106 67 66 234 0 30.82 30.50 
41908 3638 24 83 57 52 187 0 4.54 29.22 
42081 3621 25 91 61 57 203 0 4.86 29.48 
42254 3628 24 94 62 59 209 0 4.86 29.50 
42427 3537 25 95 63 59 211 0 4.86 29.50 
42600 3537 25 95 63 59 211 0 4.86 29.50 
42773 3537 25 95 63 59 211 0 4.86 29.48 
42946 3692 24 95 63 60 212 0 4.86 29.48 
43119 3692 24 95 63 60 212 0 30.57 31.28 
43294 3584 24 96 63 60 212 0 8.74 33.86 
43468 3537 25 95 63 59 212 0 15.83 36.82 
43642 3621 25 91 61 57 204 0 15.16 16.12 
43815 3520 25 103 67 64 229 0 13.82 16.44 
43988 3788 26 80 57 51 183 3 13.80 16.44 
44161 3832 26 78 56 50 180 0 13.82 16.44 
44334 3679 27 78 56 49 179 0 13.80 16.44 
44507 3679 27 78 56 49 179 0 38.88 35.85 
44683 3679 27 78 56 49 179 0 5.81 31.79 
44856 3880 25 87 60 56 198 0 6.14 25.55 
45029 3541 24 98 64 61 218 0 27.03 9.74 
45202 3672 25 78 55 49 177 2 17.08 16.12 
45375 6162 35 55 57 50 159 0 40.48 23.27 
45550 6266 35 54 57 50 158 0 40.48 18.33 
45725 6266 35 54 57 50 158 0 40.92 16.75 
45900 6266 35 54 57 50 158 0 26.74 16.12 
46074 6266 35 54 57 50 158 0 29.27 15.79 
46248 6266 35 54 57 50 158 0 16.15 16.12 
46421 5885 33 55 55 48 154 0 16.13 24.12 
46595 4587 30 56 50 41 145 0 12.12 13.45 
46768 4873 32 56 52 43 148 1 15.83 9.74 
46941 4873 32 56 52 43 148 0 26.18 7.09 
47114 4873 32 56 52 43 148 0 29.02 29.48 
47289 5991 34 54 55 48 153 0 38.18 41.09 
47465 5599 35 50 53 44 144 0 17.08 16.12 
47638 5286 33 49 50 41 137 0 38.64 21.18 
47813 5286 33 49 50 41 137 0 45.85 57.31 
47990 5286 33 49 50 41 138 0 39.56 35.39 
48166 5534 32 49 50 42 138 0 39.56 37.89 
48342 5534 32 49 50 42 138 0 21.52 36.29 
48517 5534 32 49 50 42 138 0 19.94 20.55 
48691 5143 32 49 49 40 135 0 17.41 20.86 
48864 5143 32 49 49 40 135 0 16.13 16.75 
49037 5143 32 49 49 40 135 0 28.48 15.49 
49211 7076 37 53 60 54 165 0 26.47 27.86 
49385 7618 40 57 65 60 180 0 26.76 27.86 
49559 7734 41 57 66 61 182 0 25.60 28.42 
49733 7734 41 57 66 61 182 3 24.45 4.52 
49906 7408 42 58 67 61 183 0 30.55 8.06 
50079 3943 41 76 65 50 187 0 20.89 10.42 
50252 3075 43 97 72 53 217 0 28.76 6.78 
50425 2995 42 97 71 52 216 0 21.84 6.77 
50598 2902 37 91 65 48 201 0 28.76 6.77 
50771 2902 37 91 65 48 200 0 28.48 6.77 
50944 2902 37 91 65 48 200 0 21.22 4.84 
51117 3137 41 92 69 51 208 4 18.36 1.97 
51289 3144 32 72 54 40 163 0 17.41 4.20 
51461 3571 38 63 55 38 153 0 19.64 6.77 
51634 3773 48 63 62 40 163 2 16.13 14.79 
51807 3840 36 51 49 33 131 0 18.05 20.54 
51980 3848 37 54 51 35 138 0 17.73 17.70 
52153 3848 37 54 51 35 138 0 16.78 22.69 
52326 3848 37 54 51 35 138 0 16.15 18.65 
52499 3742 38 54 51 34 137 5 15.83 18.95 
52672 3800 36 50 48 32 128 0 16.13 64.84 
52848 3756 43 57 56 36 147 0 16.47 58.29 
53024 3660 46 62 60 38 157 0 15.83 64.55 
53200 4206 36 54 52 38 142 0 12.46 62.73 
53376 7250 27 55 52 50 155 0 16.15 37.67 
53550 7277 28 56 53 51 158 0 58.38 8.38 
53725 6254 32 61 58 53 169 0 9.42 9.74 
53897 5803 31 57 54 48 157 4 8.38 16.44 
54070 7443 31 63 60 58 179 0 56.30 15.49 
54245 7485 32 65 62 60 183 0 55.73 4.20 
54420 7505 33 66 63 61 187 0 55.59 4.52 
54595 7814 27 57 54 53 161 0 6.46 50.95 
54770 6276 27 52 49 45 144 0 8.07 47.99 
54944 9250 27 57 55 56 165 0 7.43 49.25 
55118 9250 27 57 55 56 165 0 51.54 51.63 
55295 7222 27 54 51 49 151 0 16.46 29.50 
55469 10725 26 59 56 59 170 0 18.68 29.46 
55643 10685 26 60 57 60 175 0 19.31 23.56 
55817 10685 26 60 57 60 175 0 20.91 53.48 
55993 10685 26 60 57 60 175 0 15.83 18.02 
56166 7814 27 57 54 53 162 0 15.50 18.33 
56339 4076 40 82 68 55 203 0 15.83 22.98 
56512 4192 38 76 64 52 190 1 19.31 22.41 
56686 4209 29 52 46 36 132 0 40.02 16.44 
56860 3735 34 76 60 48 182 0 16.46 16.44 
57033 3546 48 127 93 78 294 0 16.46 16.12 
57206 3495 53 135 100 82 314 0 19.31 15.49 
57379 3445 48 126 92 76 291 4 38.88 36.75 
57555 3495 51 130 96 79 302 0 38.42 37.45 
57731 3291 46 121 87 71 275 3 36.82 36.31 
57906 3287 40 109 78 64 246 0 35.68 34.37 
58081 3400 41 107 78 64 245 0 32.37 10.74 
58255 3787 36 80 63 51 192 0 30.55 8.36 
58428 3993 35 71 59 47 175 3 21.22 4.52 
58601 3777 35 77 61 49 185 0 16.78 8.72 
58774 3260 53 153 107 90 345 0 14.82 9.74 
58947 3252 55 149 106 87 337 3 14.48 15.49 
59120 3176 62 178 124 103 400 0 17.73 21.81 
59293 3274 56 155 110 91 351 0 30.04 33.08 
59468 3323 51 148 104 88 336 0 37.74 15.49 
59642 7128 30 63 58 56 174 0 38.64 14.47 
59816 8313 30 65 61 61 184 0 40.70 37.43 
59992 9048 32 68 65 66 196 0 56.58 55.91 
60170 9686 31 68 65 67 196 0 56.30 55.51 
60348 7884 30 61 58 57 173 0 63.12 52.99 
60526 11577 26 62 59 63 181 0 77.91 56.90 
60705 12725 27 63 61 66 187 0 60.74 60.64 
60883 4196 35 78 63 53 191 0 59.36 63.70 
61061 3451 45 116 85 70 266 0 59.48 42.99 
61238 3472 44 117 85 71 267 0 59.48 61.91 
61416 3376 40 112 80 67 255 0 59.06 59.69 
61594 3376 40 112 80 67 255 0 59.48 60.49 
61772 3336 42 113 81 67 257 0 68.00 52.67 
61950 3460 43 114 83 69 262 0 51.20 70.74 
62128 5197 31 68 58 52 175 0 62.83 43.21 
62305 5707 49 79 79 68 224 0 56.00 49.11 
62482 3629 118 130 138 78 346 0 52.55 54.31 
62659 2163 29 101 61 46 203 0 45.46 49.44 
62836 8309 80 99 125 116 338 0 44.08 46.77 
63012 5986 43 107 89 85 277 0 19.94 16.42 
63185 2012 14 139 75 80 286 0 16.15 15.47 
63358 1901 14 144 77 82 294 0 16.46 15.49 
63531 1802 12 140 74 80 285 0 15.16 14.45 
63704 1982 15 143 77 82 293 0 12.46 13.11 
63877 2089 15 140 76 81 288 5 11.12 13.79 
64050 2625 20 110 65 63 231 0 8.74 10.42 
64222 1852 16 142 76 78 288 0 7.43 8.36 
64394 1662 14 156 81 86 313 2 8.38 8.36 
64566 1662 14 156 81 86 313 0 8.38 8.36 
64738 1662 14 156 81 86 313 0 8.38 8.36 
64910 1662 14 156 81 86 313 4 8.40 8.38 
65082 1662 14 156 81 86 313 0 8.38 8.36 
65254 1662 14 156 81 86 313 0 8.40 8.36 
65426 1662 14 156 81 86 313 5 9.08 9.42 
65598 1662 14 156 81 86 313 0 11.78 10.08 
65770 1667 13 152 79 84 304 0 14.14 14.13 
65943 2144 16 127 70 72 261 2 16.15 17.07 
66116 1913 14 142 76 81 290 0 17.08 17.70 
66289 3249 25 95 62 57 208 0 15.83 15.47 
66462 2980 22 108 66 64 233 0 10.78 11.76 
66634 2095 15 134 73 77 275 0 9.76 8.06 
66806 1816 15 141 75 78 285 0 9.08 8.38 
66978 1640 13 153 79 84 306 0 9.08 8.36 
67150 1640 13 153 79 84 307 0 9.08 8.38 
67322 1665 14 154 80 85 308 0 8.06 7.09 
67494 1665 14 154 80 85 308 0 6.46 5.80 
67666 1756 15 144 76 79 289 0 4.86 7.41 
67838 3162 24 91 59 54 199 0 4.86 7.41 
68010 3324 25 88 59 53 195 0 6.14 8.06 
68182 3355 24 89 59 54 196 0 15.83 13.11 
68355 1715 14 145 76 80 292 0 16.47 14.81 
68528 3337 44 140 96 84 313 0 18.04 14.13 
68701 4004 169 248 236 167 649 0 16.15 14.47 
68874 4051 185 264 255 180 699 1 16.78 14.13 
69047 4059 185 265 256 181 702 0 13.48 16.44 
69220 4003 174 254 242 171 666 0 13.48 20.23 
69393 3966 159 237 223 158 614 0 8.38 18.00 
69566 3941 90 150 134 99 379 0 6.78 16.12 
69739 1707 14 149 78 82 300 6 8.74 16.12 
69912 2298 19 118 67 66 245 0 9.76 9.74 
70084 2645 20 102 61 58 216 0 10.44 9.42 
70256 2629 21 103 62 58 217 1 9.08 7.09 
70428 2629 21 103 62 58 217 0 6.46 31.02 
70601 2975 23 93 59 54 200 0 16.15 7.09 
70774 4849 45 99 83 73 252 0 29.00 2.92 
70947 7321 118 143 178 158 477 0 27.05 2.92 
71120 7362 125 149 187 166 501 4 29.53 3.25 
71293 7368 125 150 188 167 504 0 25.89 4.52 
71466 7444 124 151 188 168 505 0 8.07 4.22 
71638 7324 124 149 186 165 498 3 10.42 3.57 
71810 6149 75 102 114 97 308 0 9.08 3.57 
71982 5451 57 84 87 72 240 0 6.14 1.97 
72154 4066 45 91 76 61 224 4 6.14 5.49 
72326 1620 29 162 80 61 294 0 6.14 6.77 
72498 1981 18 155 68 52 266 0 10.10 9.72 
72670 1768 22 162 74 57 284 2 11.44 15.79 
72843 4513 55 107 93 77 274 0 19.64 36.52 
73017 6923 77 131 133 123 382 0 37.98 37.21 
73193 2390 22 138 79 78 287 0 21.22 37.43 
73368 4007 162 239 227 161 626 1 18.36 37.43 
73542 4050 190 273 263 186 723 0 38.88 37.43 
73718 4050 190 273 263 186 722 3 38.88 37.43 
73894 4050 190 273 263 186 722 0 38.86 37.43 
74070 4050 190 273 263 186 722 0 18.04 37.43 
74244 4050 190 273 263 186 722 0 38.88 37.43 
74420 4050 190 273 263 186 722 0 15.83 37.43 
74594 4042 189 272 262 185 721 0 38.86 37.43 
74770 4050 190 273 263 186 721 0 38.88 37.43 
74946 4050 190 273 263 186 722 0 38.88 37.43 
75122 4040 191 272 263 185 721 0 38.88 37.43 
75298 4042 189 272 262 185 721 0 38.86 37.45 
75474 4042 189 272 262 185 721 0 38.88 38.59 
75650 4042 189 272 262 185 720 3 38.88 38.59 
75826 4034 189 271 261 184 717 0 38.88 38.57 
76002 4051 188 270 260 184 715 0 38.88 38.57 
76178 4027 188 270 260 183 714 0 38.88 38.57 
76354 4029 187 270 259 183 714 0 38.88 38.13 
76530 4029 187 270 259 183 713 0 38.88 38.13 
76706 4029 187 270 259 183 713 0 38.88 38.13 
76882 4029 187 270 259 183 713 1 38.88 38.15 
77058 4046 185 269 258 183 711 0 38.88 38.13 
