=~=~=~=~=~=~=~=~=~=~=~= PuTTY log 2025.11.28 01:07:56 =~=~=~=~=~=~=~=~=~=~=~=
ets Jul 29 2019 12:21:46

rst:0x1 (POWERON_RESET),boot:0x13 (SPI_FAST_FLASH_BOOT)
configsip: 0, SPIWP:0xee
clk_drv:0x00,q_drv:0x00,d_drv:0x00,cs0_drv:0x00,hd_drv:0x00,wp_drv:0x00
mode:DIO, clock div:1
load:0x3fff0030,len:4980
load:0x40078000,len:16612
load:0x40080400,len:3480
entry 0x400805b4
Found sensor
Milis - ColorTemp - Lux - R - G - B - C - Pot - UsensA - UsensB

399 5504 113 129 154 120 408 0 6.46 4.54 
571 5504 113 129 154 120 408 0 6.46 4.52 
743 5504 113 129 154 120 408 0 6.48 4.52 
915 5504 113 129 154 120 408 0 6.46 4.52 
1087 5504 113 129 154 120 408 5 6.48 4.54 
1259 5504 113 129 154 120 408 6 6.48 4.52 
1431 5504 113 129 154 120 408 0 6.46 4.52 
1603 5504 113 129 154 120 408 4 6.46 4.52 
1775 5504 113 129 154 120 407 0 6.46 4.52 
1947 5504 113 129 154 120 407 0 6.46 4.52 
2119 5504 113 129 154 120 407 17 6.46 4.52 
2291 5504 113 129 154 120 407 0 6.46 4.52 
2463 5504 113 129 154 120 407 0 6.46 4.52 
2635 5504 113 129 154 120 408 0 6.46 4.52 
2807 5504 113 129 154 120 407 0 6.46 4.52 
2979 5504 113 129 154 120 407 3 6.46 4.52 
3151 5504 113 129 154 120 407 0 6.46 4.52 
3323 5504 113 129 154 120 407 0 6.46 4.52 
3495 5504 113 129 154 120 407 0 6.48 4.52 
3667 5504 113 129 154 120 407 0 6.48 4.52 
3839 5504 113 129 154 120 407 12 6.46 4.52 
4011 5504 113 129 154 120 407 0 6.46 4.52 
4183 5504 113 129 154 120 407 0 6.46 4.52 
4355 5515 113 130 155 121 410 8 6.46 4.52 
4527 5485 113 131 155 121 411 0 6.46 4.52 
4699 5444 114 130 155 120 409 7 6.46 4.52 
4871 5444 114 130 155 120 409 14 6.46 4.52 
5043 5444 114 130 155 120 409 0 6.46 4.52 
5215 5444 114 130 155 120 409 0 6.46 4.52 
5387 5444 114 130 155 120 409 9 6.46 4.54 
5559 5474 113 130 154 120 408 4 6.46 4.52 
5731 5474 113 130 154 120 408 0 6.48 4.52 
5903 5474 113 130 154 120 408 8 6.46 4.52 
6075 5474 113 130 154 120 408 0 6.48 4.52 
6247 5444 114 130 155 120 408 0 6.46 4.52 
6419 5444 114 130 155 120 408 19 6.46 4.52 
6591 5474 113 130 154 120 408 0 6.46 4.52 
6763 5474 113 130 154 120 408 0 6.46 4.52 
6935 5504 113 129 154 120 408 2 6.48 4.52 
7107 5504 113 129 154 120 408 0 6.46 4.52 
7279 5504 113 129 154 120 408 4 6.46 4.54 
7451 5504 113 129 154 120 408 0 6.46 4.52 
7623 5504 113 129 154 120 408 0 6.46 4.52 
7795 5504 113 129 154 120 408 0 6.46 4.52 
7967 5504 113 129 154 120 408 0 6.46 4.52 
8139 5504 113 129 154 120 408 10 6.46 4.52 
8311 5504 113 129 154 120 408 0 6.46 4.52 
8483 5504 113 129 154 120 407 0 6.46 4.54 
8655 5504 113 129 154 120 408 1 6.46 4.52 
8827 5504 113 129 154 120 408 0 6.46 4.52 
8999 5504 113 129 154 120 408 7 6.46 4.52 
9171 5504 113 129 154 120 408 4 6.46 4.52 
9343 5504 113 129 154 120 408 0 6.46 4.52 
9515 5504 113 129 154 120 408 0 6.14 4.52 
9687 5504 113 129 154 120 407 7 6.46 5.81 
9859 5198 118 140 161 123 429 5 6.14 4.52 
10031 4717 133 162 178 130 476 0 4.84 4.52 
10203 4886 131 156 176 130 468 6 8.74 4.52 
10375 4913 130 157 176 131 470 0 6.46 5.80 
10547 4731 131 162 177 130 475 0 6.46 4.52 
10719 4722 137 170 185 136 497 18 8.74 4.52 
10891 4707 139 173 188 138 505 0 6.46 5.81 
11063 5495 115 131 157 122 413 0 5.81 4.52 
11235 6021 106 112 144 115 373 0 6.46 5.49 
11407 6736 98 94 132 109 337 0 7.43 4.54 
11579 7393 89 81 121 103 308 2 7.75 4.52 
11751 7354 83 77 114 97 289 0 6.14 4.52 
11923 7471 71 65 97 83 246 0 4.84 4.52 
12095 2957 34 76 56 40 171 0 4.86 4.52 
12267 3274 36 60 51 33 144 0 5.81 4.52 
12439 3769 58 60 67 38 166 14 4.86 4.52 
12611 3607 42 58 55 35 148 0 5.81 4.52 
12783 2749 35 76 55 37 167 0 4.86 4.52 
12955 2748 33 77 55 38 169 3 6.46 4.52 
13127 2718 35 80 57 39 174 0 6.46 4.52 
13299 2718 35 80 57 39 174 7 5.81 4.52 
13471 2718 35 80 57 39 174 6 6.14 4.52 
13643 2692 36 83 59 40 181 0 6.14 4.52 
13815 2644 36 84 59 40 183 0 6.14 4.52 
13987 2644 36 84 59 40 182 7 4.86 4.52 
14159 2644 36 84 59 40 182 5 4.86 5.80 
14331 2668 35 81 57 39 176 0 4.86 4.54 
14503 2436 36 93 62 42 195 5 4.54 6.46 
14675 3105 56 110 86 59 256 0 5.81 4.52 
14847 3704 67 65 75 40 182 0 8.07 5.49 
15019 3752 92 75 96 47 221 18 8.06 4.52 
15191 3751 91 75 95 47 219 0 20.25 3.25 
15364 3752 92 75 96 47 220 0 8.74 3.25 
15536 3752 92 75 96 47 221 5 10.42 7.41 
15708 3776 68 63 75 40 180 0 9.42 5.80 
15880 3776 67 63 74 40 179 0 30.04 4.52 
16053 3756 80 70 86 44 202 7 4.86 4.52 
16225 3735 90 74 94 46 217 0 4.86 4.52 
16397 3687 59 62 68 38 169 0 4.86 5.49 
16569 3854 79 92 97 60 251 3 4.86 4.52 
16741 3767 71 68 79 43 192 0 4.86 5.49 
16913 3786 74 69 82 44 197 0 5.81 4.52 
17085 3767 72 68 80 43 193 0 4.86 4.52 
17257 3767 72 68 80 43 194 0 5.81 4.54 
17429 3733 72 69 80 43 194 0 5.81 4.52 
17601 3787 71 69 80 44 194 0 4.86 4.52 
17773 3767 72 68 80 43 194 0 5.81 4.52 
17945 3767 72 68 80 43 193 0 5.81 4.52 
18117 3786 73 69 81 44 195 0 4.86 4.52 
18289 3691 51 60 62 37 159 0 5.81 4.52 
18461 3175 38 67 55 36 158 0 6.14 4.52 
18633 2508 34 86 58 40 183 0 5.81 4.52 
18805 3113 32 63 49 34 146 0 4.86 4.52 
18977 3048 31 64 49 34 147 0 6.14 4.52 
19149 2983 31 65 49 34 148 0 4.86 4.52 
19321 3304 35 67 54 38 159 3 4.84 4.52 
19493 5305 114 131 154 118 407 0 4.86 4.52 
19665 4668 136 166 182 132 487 0 4.86 4.52 
19837 4691 135 167 182 133 489 6 5.81 4.54 
20009 4678 137 167 183 133 490 0 4.86 4.52 
20181 5121 127 148 171 129 453 0 4.86 4.52 
20353 5478 121 135 163 126 429 7 4.86 4.52 
20525 5395 122 137 164 126 432 0 4.86 4.52 
20697 5604 117 130 159 124 418 0 4.86 5.49 
20869 6595 75 76 103 85 265 5 4.84 4.52 
21041 2635 27 88 57 46 189 0 4.86 4.52 
21213 2995 27 71 50 39 159 0 5.81 4.52 
21385 6177 68 78 96 79 254 4 4.86 4.52 
21557 6096 71 90 104 87 282 0 4.86 5.49 
21729 2322 39 111 71 50 230 0 4.86 4.52 
21901 2887 76 112 95 50 259 0 4.84 4.52 
22073 4069 55 82 78 56 219 0 4.86 4.52 
22245 3808 21 72 50 46 168 0 4.84 4.52 
22417 3755 22 74 51 47 170 0 4.86 9.06 
22589 3704 22 76 52 48 175 0 4.84 3.25 
22761 8456 42 72 76 74 223 0 5.81 5.49 
22933 4549 37 86 70 61 216 0 16.78 6.77 
23106 3401 86 113 107 63 284 0 5.81 4.52 
23278 3589 135 146 156 86 392 0 4.86 4.52 
23450 3569 126 140 147 82 373 0 6.14 15.79 
23622 4770 45 70 68 54 192 0 4.86 6.44 
23794 12263 27 66 62 67 195 0 4.86 10.08 
23966 4127 45 109 85 73 267 0 4.86 4.52 
24138 3354 54 129 96 76 302 0 9.08 4.52 
24310 4304 44 105 83 72 260 0 4.86 4.52 
24482 12343 26 65 61 66 193 0 4.86 5.49 
24654 3898 71 91 92 60 245 0 4.86 7.41 
24826 3578 135 145 155 85 391 0 6.14 4.52 
24998 3604 134 145 155 86 391 0 5.81 4.52 
25170 3593 134 144 154 85 388 2 5.81 4.54 
25342 3576 133 145 154 85 388 0 5.81 4.54 
25514 3589 135 146 156 86 392 0 17.08 4.52 
25686 3589 135 146 156 86 392 1 4.86 4.52 
25858 3589 135 146 156 86 393 0 4.86 4.54 
26030 3627 92 108 111 65 287 0 4.86 4.52 
26202 4575 43 62 62 47 172 6 5.81 4.52 
26374 5746 34 59 57 50 167 0 4.86 4.20 
26546 7464 32 64 61 59 191 0 5.81 5.81 
26718 3306 54 135 99 79 193 7 4.54 4.52 
26890 3290 54 137 100 80 317 0 4.86 4.52 
27062 6100 32 69 61 57 187 0 5.81 4.52 
27234 12716 26 62 59 64 185 4 4.86 5.49 
27406 5240 39 64 62 52 179 0 4.86 3.25 
27578 3681 57 73 72 45 191 0 4.84 5.81 
27750 3731 58 75 74 47 195 1 4.86 5.49 
27922 3640 62 79 78 48 205 0 4.86 4.52 
28094 3570 96 109 113 64 288 0 4.86 4.52 
28266 3538 110 126 130 73 331 0 4.86 4.54 
28438 3543 116 131 136 76 346 0 4.86 16.12 
28610 3576 133 145 154 85 389 0 4.86 6.77 
28782 3573 137 147 157 86 395 0 16.13 9.06 
28955 3565 133 144 153 84 387 0 9.42 10.42 
29127 3565 133 144 153 84 386 0 9.42 10.40 
29299 3576 133 145 154 85 388 0 6.46 5.49 
29471 3576 133 145 154 85 389 0 4.86 1.97 
29643 3478 101 123 122 70 319 0 4.86 4.20 
29815 2034 29 106 62 47 213 0 4.86 4.52 
29987 2310 38 118 74 55 246 0 4.86 5.49 
30159 2109 31 109 65 49 220 0 4.86 4.52 
30331 2180 33 112 68 51 230 0 4.86 4.52 
30503 2100 33 110 66 48 222 0 4.86 4.52 
30675 2119 32 110 66 49 223 0 4.86 4.52 
30847 2083 32 111 66 49 224 0 4.86 4.52 
31019 2129 33 111 67 49 225 16 4.86 4.52 
31191 2129 33 111 67 49 226 0 5.81 4.52 
31363 2112 32 112 67 50 227 0 4.86 5.49 
31535 4078 35 81 64 54 198 4 4.86 4.52 
31707 11912 58 74 99 101 275 0 4.86 4.52 
31879 11965 59 74 100 102 277 7 4.86 4.52 
32051 11965 59 74 100 102 278 6 4.86 4.52 
32223 11965 59 74 100 102 278 0 5.81 4.52 
32395 12466 58 74 100 103 278 0 5.81 4.52 
32567 12514 59 74 101 104 280 6 5.81 4.52 
32739 5860 29 71 59 56 186 5 4.86 5.49 
32911 3373 20 88 56 54 197 0 6.14 4.52 
33083 3905 62 107 94 70 272 4 5.81 3.25 
33255 3647 98 142 132 87 365 0 9.08 4.52 
33427 2557 103 153 122 54 333 0 5.81 4.52 
33599 2617 84 129 103 49 283 16 5.81 4.52 
33771 2869 24 67 46 36 148 0 6.46 5.49 
33943 2977 24 64 45 35 144 0 4.86 4.52 
34115 3047 26 62 45 34 140 0 4.86 4.54 
34287 2864 23 62 43 33 139 0 4.86 4.52 
34459 2942 25 65 46 35 146 2 4.86 4.52 
34631 2967 25 63 45 34 143 0 4.84 4.52 
34803 2889 25 64 45 34 144 0 4.86 4.52 
34975 2836 24 63 44 33 141 0 4.84 4.54 
35147 2921 24 63 44 34 141 0 6.46 4.52 
35319 2921 24 63 44 34 142 11 7.43 4.52 
35491 4156 33 63 54 43 160 0 6.46 4.52 
35663 7193 89 81 120 101 304 0 6.46 6.78 
35835 3212 40 84 65 47 196 0 6.46 4.52 
36007 1978 32 100 59 39 197 0 4.84 4.52 
36179 1947 33 108 63 42 211 7 4.86 4.52 
36351 1932 36 117 68 45 228 3 6.14 4.54 
36523 1959 36 116 68 45 227 0 6.14 4.52 
36695 1963 36 114 67 44 223 0 5.81 4.52 
36867 1946 35 115 67 45 225 6 4.86 4.52 
37039 1986 37 115 68 45 226 2 4.86 4.52 
37211 4746 50 70 72 55 198 0 6.14 4.52 
37383 6939 89 86 122 102 311 6 4.86 4.52 
37555 6404 73 76 100 82 258 0 4.86 4.52 
37727 6834 71 70 97 81 250 0 4.86 5.49 
37899 7065 79 77 109 92 279 21 6.14 4.54 
38071 4164 42 82 70 56 208 0 4.86 3.25 
38243 2405 29 105 65 53 221 0 4.84 4.52 
38415 2365 29 104 64 52 217 6 4.86 4.54 
38587 2431 30 102 64 51 215 0 4.86 4.52 
38759 2451 35 108 69 53 230 5 4.84 4.52 
38931 2451 35 108 69 53 231 3 4.84 4.52 
39103 2451 35 108 69 53 231 0 4.86 4.52 
39275 2500 34 106 68 53 226 0 7.43 3.25 
39447 2631 27 82 54 42 177 2 5.81 4.52 
39619 2926 62 90 77 41 210 6 5.81 4.52 
39791 2816 89 126 107 53 289 0 5.81 4.52 
39963 2816 89 126 107 53 290 0 5.81 3.25 
40135 2837 89 125 107 53 287 0 4.54 3.25 
40307 2837 86 122 104 52 281 0 4.86 4.52 
40479 2966 70 101 87 47 236 7 4.84 4.52 
40651 3435 56 79 73 45 199 0 4.86 4.52 
40823 3395 56 80 73 45 200 0 4.86 4.52 
40995 3062 65 94 82 46 223 0 4.86 4.52 
41167 2727 102 148 123 59 334 0 4.86 4.52 
41339 2747 66 110 87 48 247 0 4.54 4.52 
41511 2118 26 106 62 51 216 0 4.86 4.52 
41683 4221 43 89 74 61 223 0 6.14 5.81 
41855 6710 109 111 150 125 388 0 4.86 4.52 
42027 6172 74 83 104 85 275 0 15.50 4.52 
42199 6694 104 107 144 120 374 0 16.46 4.52 
42371 6639 103 106 142 118 368 0 15.83 4.52 
42543 6796 90 93 125 105 325 0 4.86 4.52 
42715 5710 57 69 81 65 214 1 4.86 5.49 
42887 4378 35 57 53 41 151 0 4.86 4.52 
43059 4349 36 57 54 41 152 6 4.86 4.52 
43231 4901 43 58 61 47 166 3 4.86 6.77 
43403 5560 49 60 69 55 184 0 4.86 4.52 
43575 7415 70 66 97 83 247 0 4.86 44.40 
43749 7762 81 71 110 95 276 0 4.86 4.52 
43921 8055 81 70 111 97 280 0 4.86 4.52 
44093 7601 72 65 99 85 250 0 5.81 4.52 
44265 5931 47 52 65 52 171 0 4.86 4.52 
44437 6356 49 53 68 56 178 0 4.86 4.54 
44609 6885 55 57 77 65 201 0 4.86 4.52 
44781 6768 61 60 83 69 214 0 4.86 4.52 
44953 5906 48 55 67 54 177 0 4.86 4.52 
45125 6003 49 55 68 55 178 0 4.84 4.52 
45297 6227 61 63 83 67 214 0 4.86 4.54 
45469 2766 28 86 57 46 187 0 4.86 4.52 
45641 2374 26 94 58 47 196 0 4.86 4.52 
45813 2711 41 116 78 60 252 1 4.86 4.52 
45985 2915 51 129 91 69 279 0 6.14 4.52 
46157 2785 51 127 89 65 271 0 5.81 6.77 
46329 2821 43 122 83 65 267 2 6.14 3.25 
46501 2280 29 105 64 51 218 0 6.14 15.79 
46673 2643 32 92 61 47 198 0 6.14 9.74 
46845 2993 49 78 65 38 182 2 4.86 6.78 
47017 2951 54 83 70 39 193 0 4.86 5.49 
47189 2698 102 148 122 58 332 0 6.14 3.25 
47361 2738 91 132 110 53 298 6 6.14 3.25 
47533 3055 40 73 58 38 168 0 6.14 9.74 
47705 3141 40 73 59 39 170 0 6.14 1.97 
47877 2871 77 116 97 52 267 7 4.86 3.25 
48049 2685 112 161 133 62 360 0 4.86 4.20 
48221 2685 107 157 129 61 351 0 4.84 4.52 
48393 2686 109 156 129 60 349 7 4.86 5.81 
48565 2694 111 157 131 60 353 0 4.86 3.25 
48737 2701 113 159 133 61 358 0 4.84 3.25 
48909 2704 111 159 132 62 356 6 4.84 3.25 
49081 2681 106 153 126 59 342 0 4.86 4.52 
49253 2665 105 154 126 59 342 0 4.86 4.52 
49425 2717 108 155 129 61 349 5 7.43 3.25 
49597 2762 110 159 133 65 360 0 6.14 3.25 
49769 2720 111 158 132 62 355 0 6.46 3.25 
49941 2726 112 161 134 64 361 4 6.14 5.81 
50113 2727 113 160 134 63 361 0 4.86 4.52 
50285 2693 110 158 131 61 354 0 4.86 5.49 
50457 2694 107 153 127 59 343 3 4.86 4.52 
50629 3796 65 97 90 62 250 0 4.84 5.49 
50801 4050 49 94 80 63 238 0 4.84 25.57 
50974 3556 23 79 54 49 181 5 4.86 5.49 
51146 3573 23 71 50 44 165 0 4.86 4.52 
51318 3449 22 83 55 51 187 0 4.86 4.52 
51490 3489 24 75 52 46 172 4 4.86 4.54 
51662 3454 21 100 63 62 224 0 4.84 4.52 
51834 3629 37 109 78 68 252 0 4.86 6.78 
52006 4435 32 68 57 48 173 3 4.86 4.52 
52178 6555 38 55 60 53 168 0 4.84 4.52 
52350 11489 56 70 94 95 260 0 4.86 4.52 
52522 12505 57 73 99 102 276 1 4.86 4.52 
52694 12049 59 73 100 102 277 0 6.14 4.52 
52866 12049 59 73 100 102 277 0 5.81 4.52 
53038 8569 46 62 75 71 209 0 5.81 4.52 
53210 5726 36 58 58 50 166 0 5.81 4.52 
53382 5715 34 62 59 52 174 0 5.81 4.52 
53554 5715 34 62 59 52 174 0 5.81 4.54 
53726 5715 34 62 59 52 174 0 5.81 4.52 
53898 5105 38 67 63 53 184 0 4.86 4.52 
54070 3769 48 107 84 68 259 0 4.86 4.52 
54242 3636 24 72 51 45 167 0 4.86 4.52 
54414 3645 23 75 52 47 173 0 4.84 4.52 
54586 3681 23 70 50 44 163 0 4.86 4.52 
54758 3593 24 74 52 46 171 0 5.81 4.52 
54930 5171 30 51 49 41 141 0 5.81 4.52 
55102 4474 27 61 50 43 154 0 5.81 4.52 
55274 3619 24 80 55 50 184 0 4.86 4.54 
55446 3809 35 75 60 48 183 0 4.84 5.49 
55618 3992 67 103 96 69 270 0 4.84 4.52 
55790 3913 44 92 75 60 227 0 4.86 4.52 
55962 3723 28 76 56 48 179 0 4.54 4.52 
56134 3939 42 65 60 43 168 0 6.14 4.52 
56306 3813 43 67 61 43 172 0 7.11 5.49 
56478 3342 42 63 56 35 156 0 5.81 3.25 
56650 3375 42 64 57 36 156 0 5.51 9.06 
56822 3470 38 60 53 35 147 0 7.74 5.80 
56994 3566 34 58 50 35 143 0 11.46 4.52 
57166 3536 35 57 50 34 142 0 10.44 4.52 
57338 3403 40 60 54 34 148 0 5.81 4.52 
57510 3747 43 65 60 41 167 0 5.81 4.52 
57682 4000 53 82 76 55 214 0 5.81 4.52 
57854 3751 29 71 54 45 169 2 5.81 4.52 
58026 3573 23 71 50 44 165 0 4.86 4.52 
58198 3406 22 85 56 52 191 0 5.81 4.52 
58370 3519 22 87 57 54 197 4 4.86 4.52 
58542 3519 22 87 57 54 196 0 5.81 4.52 
58714 3431 23 88 58 54 198 0 5.81 4.52 
58886 3051 22 95 60 56 213 5 5.81 4.52 
59058 3945 58 111 94 73 206 0 5.81 4.52 
59230 4113 123 178 172 123 477 0 7.11 4.52 
59402 4076 112 162 156 111 432 6 5.81 5.80 
59574 2710 89 131 108 52 296 0 5.81 4.20 
59746 2650 106 154 126 58 342 0 5.81 4.52 
59918 2624 108 159 129 59 351 6 5.81 4.52 
60090 2687 39 89 63 43 195 0 5.81 4.52 
60262 2177 27 106 63 51 217 0 6.14 4.52 
60434 2702 26 75 50 39 162 5 4.86 4.52 
60606 2504 28 91 58 46 193 0 4.84 4.52 
60778 2658 104 151 124 57 336 0 4.86 4.52 
60950 2623 118 170 139 62 375 3 5.81 4.52 
61122 2621 110 160 130 59 353 0 5.81 4.52 
61294 2777 74 108 90 45 247 0 4.84 4.52 
61466 2733 76 113 93 46 257 1 4.86 4.52 
61638 2670 95 137 113 52 306 0 4.84 4.52 
61810 2577 115 169 136 60 369 0 4.86 4.52 
61982 2587 111 164 132 59 359 0 5.81 4.52 
62154 2575 121 176 142 62 384 0 4.86 4.52 
62326 2690 100 146 120 57 326 0 4.86 5.49 
62498 2621 96 144 116 54 318 0 4.84 4.52 
62670 2599 109 158 128 57 349 0 4.86 4.52 
62842 2670 95 137 113 52 307 0 4.86 4.52 
63014 2857 34 75 55 38 168 0 4.86 4.52 
63186 1775 22 115 62 52 225 0 4.86 4.52 
63358 1643 18 117 60 52 225 0 4.86 4.52 
63530 1656 19 122 63 55 236 0 4.86 4.52 
63702 2429 51 117 80 50 245 0 4.86 16.75 
63874 2517 121 183 144 63 393 0 6.14 4.52 
64046 2618 90 134 108 50 296 0 6.14 4.52 
64218 2648 78 120 96 47 266 2 5.81 4.52 
64390 2534 127 187 149 64 405 0 4.86 4.52 
64562 2801 75 106 90 44 245 0 4.84 5.49 
64734 3108 51 74 65 37 179 3 4.86 4.52 
64906 3366 72 104 94 58 259 0 6.14 4.54 
65078 4070 116 168 162 115 450 0 5.81 4.52 
65250 4033 121 177 169 120 470 6 4.86 4.52 
65422 3497 20 87 56 54 195 0 4.54 4.52 
65594 3965 22 88 59 57 202 0 5.51 4.52 
65766 9549 48 65 80 78 223 7 4.86 4.52 
65938 5222 43 89 78 69 236 0 4.86 4.52 
66110 2236 33 107 66 49 220 0 5.81 4.52 
66282 2519 31 90 59 44 191 5 4.86 4.52 
66454 3636 76 91 93 55 241 0 4.86 5.49 
66626 3605 100 111 117 66 296 0 4.86 4.52 
66798 3639 78 91 94 55 243 2 4.86 4.52 
66970 3632 109 123 129 74 329 0 16.15 4.52 
67142 3608 114 126 133 75 337 0 5.81 4.52 
67314 3703 117 131 139 81 353 0 4.86 4.52 
67486 3663 118 133 140 81 356 0 4.86 4.52 
67658 3647 96 109 114 66 291 0 8.06 4.52 
67830 4099 55 72 73 50 196 0 5.18 4.52 
68002 7734 25 53 50 49 152 0 9.42 4.52 
68174 7193 26 53 50 48 151 0 11.78 4.52 
68346 5735 26 48 45 40 134 0 16.78 4.52 
68518 9104 23 52 49 50 151 0 4.84 4.52 
68690 3842 59 74 75 48 198 0 4.84 4.52 
68862 3623 83 95 99 57 253 0 4.86 6.77 
69034 2485 28 81 53 39 171 0 4.86 6.77 
69206 2499 43 122 80 59 260 0 4.86 6.77 
69378 2339 33 101 64 47 211 0 16.13 4.52 
69550 3249 54 96 79 53 228 0 4.84 4.52 
69722 3629 112 128 133 77 342 0 4.86 4.52 
69894 3615 104 114 121 68 307 0 4.86 4.52 
70066 3615 104 114 121 68 307 2 4.86 4.52 
70238 3615 104 114 121 68 307 0 4.86 4.52 
70410 3376 74 115 101 65 282 0 4.86 4.52 
70582 3502 35 81 62 49 191 4 4.86 4.54 
70754 9297 42 60 72 70 203 0 4.86 4.52 
70926 3531 23 73 51 45 168 0 4.86 4.52 
71098 3524 25 67 49 41 156 5 4.86 4.52 
71270 3610 24 66 48 41 154 0 4.86 4.52 
71442 3610 24 66 48 41 154 0 5.81 4.52 
71614 3730 30 65 52 41 158 4 5.81 4.52 
71786 4122 67 103 97 71 272 0 5.81 4.52 
71958 4137 70 107 101 74 284 0 5.81 4.52 
72130 4150 73 111 105 77 295 2 5.81 4.52 
72302 4142 74 111 106 77 296 0 4.86 4.52 
72474 4142 74 111 106 77 295 0 4.86 4.52 
72646 4122 74 110 105 76 292 0 5.81 4.52 
72818 4150 73 111 105 77 294 0 5.81 4.52 
72990 4161 75 112 107 78 299 0 5.81 4.52 
73162 4124 75 113 107 78 300 0 5.81 4.52 
73334 4116 76 113 108 78 301 0 5.81 4.52 
73506 4161 75 112 107 78 298 0 5.81 4.52 
73678 4105 74 112 106 77 298 0 5.81 4.52 
73850 4097 76 112 107 77 298 0 5.81 4.54 
74022 4097 76 112 107 77 298 0 5.81 4.52 
74194 4097 76 112 107 77 298 0 5.81 4.52 
74366 4097 76 112 107 77 298 0 5.81 4.52 
74538 4097 76 112 107 77 298 0 5.81 4.52 
74710 3972 62 96 89 64 250 0 5.81 4.52 
74882 3925 59 91 84 60 235 0 4.86 4.52 
75054 3972 62 96 89 64 250 0 4.86 4.52 
75226 4130 72 110 104 76 291 0 4.86 4.52 
75398 3971 64 99 92 66 257 3 4.86 4.52 
75570 4001 61 97 89 65 252 0 4.86 4.54 
75742 4019 63 98 91 66 255 0 4.86 4.52 
75914 4019 63 98 91 66 255 5 4.86 4.52 
76086 4019 63 98 91 66 255 0 4.86 4.52 
76258 3891 53 81 75 53 210 0 4.84 4.52 
76430 3918 53 82 76 54 213 5 4.86 5.49 
76602 3918 53 82 76 54 213 0 4.86 4.52 
76774 3582 49 70 65 42 178 0 6.14 4.52 
76946 3472 45 64 59 37 162 5 4.86 6.77 
77118 3433 46 65 60 37 164 0 6.14 4.52 
77290 3322 45 64 58 35 158 0 6.14 4.52 
77462 3254 48 71 63 38 172 3 4.86 4.54 
77634 3224 46 68 60 36 165 0 4.84 4.52 
77806 3226 49 72 64 38 174 0 4.86 4.52 
77978 3149 54 80 70 41 191 0 4.86 4.52 
78150 3172 53 79 69 41 189 0 6.14 4.52 
78322 3152 56 82 72 42 196 0 6.14 4.52 
78494 3069 60 89 77 44 212 0 4.86 4.52 
78666 3110 59 89 77 45 212 0 4.86 4.52 
78838 3110 59 89 77 45 212 0 4.86 4.54 
79010 3069 60 89 77 44 212 0 4.86 4.52 
79182 3103 60 88 77 44 211 0 4.84 4.52 
79354 3139 63 94 82 48 225 0 4.86 4.52 
79526 3124 66 97 85 49 232 0 4.86 4.52 
79698 3124 66 97 85 49 232 0 4.86 4.52 
79870 3124 66 97 85 49 232 0 4.86 4.52 
80042 3124 66 97 85 49 232 0 4.86 4.52 
80214 3124 66 97 85 49 232 0 4.86 4.52 
80386 3124 66 97 85 49 232 0 5.81 4.54 
80558 3124 66 97 85 49 232 0 5.81 4.52 
80730 3155 67 96 85 49 231 0 5.81 4.52 
80902 3089 63 91 80 45 218 0 4.86 4.52 
81074 3584 48 73 66 44 184 0 4.86 4.52 
81246 4059 45 66 63 45 176 2 4.84 4.52 
81418 4059 45 66 63 45 176 0 4.86 4.52 
81590 3906 43 67 62 44 173 0 4.84 4.52 
81762 3805 42 64 59 41 164 3 4.84 4.52 
81934 3771 43 63 59 40 163 0 4.86 4.52 
82106 3172 53 79 69 41 190 0 4.86 4.52 
82278 3128 55 81 71 41 194 5 4.84 4.54 
82450 3152 56 82 72 42 196 0 4.86 4.52 
82622 3074 62 91 79 45 216 0 4.86 4.52 
82794 3096 62 92 80 46 220 4 4.86 4.52 
82966 3096 62 92 80 46 218 0 4.86 4.52 
83138 3085 62 89 78 44 213 0 4.54 4.52 
83310 3091 60 90 78 45 214 2 4.86 4.52 
83482 3107 62 90 79 45 216 0 4.86 4.52 
83654 3078 63 93 81 46 221 0 4.86 4.54 
83826 3078 63 93 81 46 222 1 4.86 4.52 
83998 3074 62 91 79 45 217 0 4.86 6.77 
84170 3125 61 89 78 45 214 0 5.81 4.52 
84342 3107 62 90 79 45 215 0 4.86 4.52 
84514 3114 61 91 79 46 217 0 4.86 4.52 
84686 3107 62 90 79 45 214 0 14.14 4.52 
84858 3165 58 87 76 45 208 0 5.81 4.52 
85030 3094 35 77 58 42 176 0 4.84 4.52 
85202 3063 36 87 63 48 196 0 4.86 4.52 
85374 3790 31 58 49 37 144 0 4.86 4.52 
85546 6190 46 50 64 52 167 0 4.86 4.52 
85718 6709 55 54 75 62 191 0 5.81 4.52 
85890 7844 71 62 97 84 244 0 6.14 4.52 
86062 7908 72 62 98 85 245 0 4.86 4.52 
86234 8034 74 62 100 87 250 0 6.14 4.52 
86406 7971 73 62 99 86 248 0 6.14 4.52 
86578 8029 73 61 99 86 246 0 4.86 4.52 
86750 8029 73 61 99 86 246 0 4.86 4.52 
86922 7966 72 61 98 85 246 0 4.86 4.52 
87094 7971 73 62 99 86 248 3 4.86 4.52 
87266 8034 74 62 100 87 250 0 4.86 4.52 
87438 7771 70 61 95 82 240 0 4.86 4.52 
87610 7704 69 61 94 81 237 5 4.86 4.52 
87782 7417 65 60 89 76 224 0 4.86 4.52 
87954 6748 53 54 73 61 189 0 4.86 4.52 
88126 6459 56 56 76 62 195 6 4.86 6.77 
88298 7358 73 66 99 84 250 0 4.86 4.52 
88470 7935 79 69 108 94 271 0 4.86 6.78 
88642 7992 80 69 109 95 274 5 6.14 4.52 
88814 7870 77 68 106 92 268 0 6.14 4.52 
88986 7749 76 68 104 90 263 0 6.14 4.52 
89158 7688 75 68 103 89 262 3 6.14 4.52 
89330 7810 77 68 105 91 266 0 4.86 4.52 
89502 7034 65 63 89 75 228 0 4.86 4.52 
89674 6658 64 65 88 73 227 0 4.86 4.52 
89846 7587 88 79 120 103 304 0 4.86 4.52 
90018 6415 99 99 134 109 345 0 4.86 4.52 
90190 5060 120 142 162 122 430 0 4.86 4.52 
90362 4623 136 171 184 134 495 0 4.86 4.52 
90534 4577 143 179 192 139 518 0 4.86 4.52 
90706 4778 137 166 184 135 492 0 4.86 4.52 
90878 5221 124 143 167 127 444 0 4.86 4.54 
91050 5698 112 121 151 118 395 0 4.86 4.52 
91222 5797 111 119 150 118 392 0 4.86 4.52 
91394 5766 111 120 150 118 393 0 4.86 4.52 
91566 5728 113 120 151 118 394 0 4.86 4.52 
91738 5797 111 119 150 118 393 0 4.86 4.52 
91910 6560 105 101 141 115 361 0 4.86 4.52 
92082 6843 104 98 140 116 357 0 4.54 4.52 
92254 6703 105 100 141 116 361 0 4.84 4.52 
92426 3771 71 82 86 52 239 3 4.86 4.52 
92598 1810 23 102 56 43 216 0 4.84 4.52 
92770 2310 27 98 60 48 203 0 5.81 4.52 
92942 2992 55 88 73 43 205 4 9.08 4.52 
93114 2759 106 151 127 61 342 0 4.86 6.77 
93286 4050 111 160 154 109 426 0 4.86 4.52 
93458 4181 113 164 159 115 440 5 4.86 4.52 
93630 4163 103 152 146 106 407 0 41.21 4.52 
93804 3636 24 72 51 45 167 0 4.54 5.49 
93976 3773 24 77 54 49 179 2 5.81 4.52 
94148 9997 42 58 72 71 201 0 5.81 4.52 
94320 6709 35 54 58 52 164 0 5.81 4.52 
94492 2578 33 88 59 43 188 5 4.22 4.52 
94664 3285 36 66 54 37 157 0 3.25 4.52 
94836 3646 59 74 74 45 194 0 5.18 4.52 
95008 4502 38 61 58 45 165 4 5.81 4.52 
95180 5175 28 49 46 39 134 0 15.83 4.52 
95352 5107 28 51 47 40 137 0 16.13 4.52 
95524 5107 28 51 47 40 137 4 12.80 4.52 
95696 5107 28 51 47 40 137 0 12.80 4.52 
95868 5107 28 51 47 40 137 0 12.80 4.52 
96040 5107 28 51 47 40 137 1 12.78 4.52 
96212 5107 28 51 47 40 137 0 12.78 4.52 
96384 5107 28 51 47 40 137 0 12.78 4.52 
96556 5018 29 51 48 40 137 0 12.78 4.52 
96728 5018 29 51 48 40 137 0 12.80 4.52 
96900 5018 29 51 48 40 138 0 12.80 4.52 
97072 5018 29 51 48 40 138 0 12.78 4.52 
97244 5018 29 51 48 40 138 0 12.78 4.52 
97416 5018 29 51 48 40 138 0 12.80 4.52 
97588 5018 29 51 48 40 138 0 12.80 4.52 
97760 5018 29 51 48 40 138 0 12.80 4.52 
97932 5018 29 51 48 40 138 0 12.80 4.52 
98104 5018 29 51 48 40 138 0 12.80 4.52 
98276 5018 29 51 48 40 138 0 12.78 4.52 
98448 5018 29 51 48 40 138 0 12.80 4.52 
98620 5018 29 51 48 40 138 0 12.80 4.52 
98792 5018 29 51 48 40 138 0 12.78 4.52 
98964 5018 29 51 48 40 138 0 12.78 4.52 
99136 5018 29 51 48 40 138 0 12.80 4.52 
99308 5018 29 51 48 40 138 4 12.78 4.52 
99480 5018 29 51 48 40 138 0 12.80 4.52 
99652 5018 29 51 48 40 138 0 12.80 4.52 
99824 5018 29 51 48 40 138 4 12.80 4.52 
99996 5018 29 51 48 40 138 0 12.80 4.52 
100168 5018 29 51 48 40 138 0 12.78 4.52 
100340 5018 29 51 48 40 138 4 12.78 4.52 
100512 5018 29 51 48 40 138 0 12.80 4.52 
100684 5018 29 51 48 40 138 0 12.80 4.52 
100856 5018 29 51 48 40 138 2 12.78 4.52 
101028 5018 29 51 48 40 138 0 12.78 4.52 
101200 5018 29 51 48 40 138 0 12.80 4.52 
101372 5018 29 51 48 40 138 0 12.80 4.52 
101544 5018 29 51 48 40 138 0 12.80 4.52 
101716 5018 29 51 48 40 138 0 12.80 4.52 
101888 5018 29 51 48 40 138 0 12.78 4.52 
102060 5018 29 51 48 40 138 0 12.80 4.52 
102232 5018 29 51 48 40 138 0 12.80 4.52 
102404 5018 29 51 48 40 138 0 12.80 4.54 
