=~=~=~=~=~=~=~=~=~=~=~= PuTTY log 2025.11.28 01:36:01 =~=~=~=~=~=~=~=~=~=~=~=
ets Jul 29 2019 12:21:46

rst:0x1 (POWERON_RESET),boot:0x3 (DOWNLOAD_BOOT(UART0/UART1/SDIO_REI_REO_V2))
waiting for download
ets Jul 29 2019 12:21:46

rst:0x1 (POWERON_RESET),boot:0x13 (SPI_FAST_FLASH_BOOT)
configsip: 0, SPIWP:0xee
clk_drv:0x00,q_drv:0x00,d_drv:0x00,cs0_drv:0x00,hd_drv:0x00,wp_drv:0x00
mode:DIO, clock div:1
load:0x3fff0030,len:4980
load:0x40078000,len:16612
load:0x40080400,len:3480
entry 0x400805b4
Found sensor
Milis - ColorTemp - Lux - R - G - B - C - Pot - UsensA - UsensB

399 2476 178 258 204 82 554 0 5.81 34.10 
573 2485 178 257 204 82 554 0 5.81 34.10 
747 2476 178 258 204 82 554 0 5.81 34.10 
921 2476 178 258 204 82 554 0 5.81 34.10 
1095 2476 178 258 204 82 554 0 5.81 34.10 
1269 2476 178 258 204 82 554 7 5.81 34.12 
1443 2476 178 258 204 82 554 0 5.81 34.10 
1617 2476 178 258 204 82 554 0 5.81 34.12 
1791 2476 178 258 204 82 554 0 7.11 34.10 
1965 2476 178 258 204 82 554 0 5.81 34.10 
2139 2476 178 258 204 82 554 0 5.81 34.10 
2313 2476 178 258 204 82 554 0 7.11 34.12 
2487 2476 178 258 204 82 554 0 7.11 34.10 
2661 2476 178 258 204 82 554 0 7.11 34.10 
2835 2476 178 258 204 82 554 7 7.11 34.10 
3009 2476 178 258 204 82 554 0 7.11 34.10 
3183 2476 178 258 204 82 554 0 5.81 34.10 
3357 2476 178 258 204 82 554 0 7.11 34.08 
3531 2476 178 258 204 82 554 0 5.81 34.08 
3705 2476 178 258 204 82 554 0 7.11 34.10 
3879 2476 178 258 204 82 554 5 7.11 34.10 
4053 2476 178 258 204 82 554 3 7.11 34.10 
4227 2485 178 257 204 82 553 0 7.11 34.10 
4401 2485 178 257 204 82 553 2 7.11 34.10 
4575 2485 178 257 204 82 553 0 7.11 34.10 
4749 2476 176 257 203 82 552 0 5.81 34.10 
4923 2476 176 257 203 82 552 0 7.11 34.10 
5097 2485 178 257 204 82 553 0 7.11 34.10 
5271 2485 178 257 204 82 553 0 7.11 34.12 
5445 2485 178 257 204 82 553 0 7.11 34.10 
5619 2485 178 257 204 82 553 21 7.11 34.10 
5793 2485 178 257 204 82 553 0 7.11 34.10 
5967 2485 178 257 204 82 553 0 7.11 34.12 
6141 2485 178 257 204 82 553 0 7.11 34.10 
6315 2485 178 257 204 82 553 0 7.11 34.08 
6489 2485 178 257 204 82 553 0 7.11 34.10 
6663 2485 178 257 204 82 553 0 5.81 34.10 
6837 2485 178 257 204 82 553 2 7.11 34.10 
7011 2485 178 257 204 82 552 0 7.11 34.10 
7185 2485 178 257 204 82 552 5 7.11 34.12 
7359 2476 176 257 203 82 552 4 7.11 34.10 
7533 2485 178 257 204 82 552 0 7.11 34.10 
7707 2485 178 257 204 82 553 0 7.11 34.10 
7881 2476 178 258 204 82 554 0 7.11 34.10 
8055 2476 178 258 204 82 554 0 7.11 34.12 
8229 2476 178 258 204 82 554 0 7.11 34.12 
8403 2476 178 258 204 82 554 6 7.11 34.10 
8577 2476 178 258 204 82 554 0 7.11 34.08 
8751 2476 178 258 204 82 554 0 7.11 34.10 
8925 2476 178 258 204 82 554 0 7.11 34.10 
9099 2476 178 258 204 82 554 5 7.11 34.10 
9273 2476 178 258 204 82 554 0 7.11 34.12 
9447 2476 178 258 204 82 554 0 7.11 34.12 
9621 2476 178 258 204 82 554 2 7.11 34.12 
9795 2485 178 257 204 82 552 0 7.11 34.12 
9969 2476 178 258 204 82 553 19 7.11 34.12 
10143 2476 178 258 204 82 554 0 7.11 34.10 
10317 2485 178 257 204 82 552 0 7.11 34.10 
10491 2485 178 257 204 82 552 0 7.11 34.10 
10665 2485 178 257 204 82 553 0 7.11 34.10 
10839 2485 178 257 204 82 553 10 7.11 33.59 
11013 2476 178 258 204 82 554 0 5.83 33.61 
11186 2476 178 258 204 82 554 5 5.81 34.87 
11360 2476 178 258 204 82 554 0 5.81 35.39 
11534 2476 178 258 204 82 554 0 5.81 32.81 
11707 2476 178 258 204 82 554 0 32.88 36.29 
11882 2476 178 258 204 82 554 0 6.46 56.32 
12057 2476 178 258 204 82 554 0 109.90 49.95 
12238 2476 178 258 204 82 554 0 109.50 49.44 
12419 2476 178 258 204 82 554 1 109.48 49.42 
12600 2476 178 258 204 82 554 0 109.45 49.44 
12781 2476 178 258 204 82 554 0 109.48 49.40 
12961 2476 178 258 204 82 554 0 48.99 57.58 
13138 2476 178 258 204 82 554 0 41.14 42.40 
13314 2476 178 258 204 82 554 0 41.82 38.13 
13490 2485 178 257 204 82 553 0 42.48 49.57 
13667 2485 178 257 204 82 553 0 109.46 82.74 
13849 2485 178 257 204 82 553 0 109.45 65.08 
14030 2476 178 258 204 82 554 0 109.50 100.64 
14214 2476 178 258 204 82 554 0 109.50 67.63 
14396 2485 178 257 204 82 553 0 109.50 61.20 
14577 2476 178 258 204 82 554 0 109.48 82.74 
14759 2476 178 258 204 82 554 0 109.46 83.16 
14941 2485 178 257 204 82 553 0 109.46 65.50 
15122 2476 178 258 204 82 553 0 109.45 61.63 
15303 2476 178 258 204 82 553 0 109.46 81.87 
15485 2476 178 258 204 82 554 1 109.46 82.74 
15667 2476 178 258 204 82 553 0 109.46 62.03 
15848 2476 178 258 204 82 553 0 109.45 61.20 
16029 2476 178 258 204 82 554 0 109.46 63.82 
16210 2476 178 258 204 82 554 0 109.41 82.82 
16392 2476 178 258 204 82 553 0 109.94 105.86 
16576 2470 177 257 203 81 551 0 109.84 104.97 
16760 2463 177 256 202 80 548 0 109.90 105.86 
16944 2469 178 258 204 81 552 0 109.82 105.42 
17128 2469 178 258 204 81 552 0 109.80 105.35 
17312 2469 178 258 204 81 553 0 109.43 105.40 
17496 2469 178 258 204 81 553 0 109.89 104.97 
17680 2469 178 258 204 81 553 0 109.89 105.40 
17864 2469 178 258 204 81 553 0 109.89 105.38 
18048 2469 178 258 204 81 552 0 109.82 105.40 
18232 2469 178 258 204 81 553 0 110.26 105.40 
18416 2469 178 258 204 81 553 0 109.82 105.40 
18600 2469 178 258 204 81 553 0 109.85 105.40 
18784 2469 178 258 204 81 553 0 109.82 105.77 
18968 2469 178 258 204 81 553 0 109.84 105.42 
19152 2469 178 258 204 81 554 0 109.84 105.40 
19336 2469 178 258 204 81 553 1 109.84 105.33 
19520 2469 178 258 204 81 554 0 109.84 104.94 
19704 2469 178 258 204 81 554 0 109.84 105.40 
19888 2469 178 258 204 81 554 0 109.85 105.40 
20072 2469 178 258 204 81 554 0 109.82 105.42 
20256 2469 178 258 204 81 554 0 109.84 104.97 
20440 2469 178 258 204 81 554 0 109.82 105.35 
20624 2469 178 258 204 81 554 0 109.80 105.37 
20808 2469 178 258 204 81 554 0 110.28 105.43 
20992 2469 178 258 204 81 554 0 110.26 104.96 
21176 2469 178 258 204 81 553 0 109.82 105.38 
21360 2469 178 258 204 81 553 0 109.65 104.86 
21544 2469 178 258 204 81 553 0 109.38 104.69 
21728 2469 178 258 204 81 552 0 109.21 104.89 
21912 2461 178 259 204 81 554 0 108.77 85.85 
22095 2461 178 259 204 81 553 0 112.59 100.10 
22279 2634 87 122 101 44 272 3 117.71 83.54 
22462 4043 30 30 35 21 87 0 114.61 114.63 
22647 4104 22 24 27 17 69 0 114.63 116.98 
22832 3903 33 33 38 22 94 0 115.77 81.77 
23015 3752 35 35 40 22 98 0 111.23 83.61 
23198 3230 50 55 56 27 140 0 104.86 89.76 
23381 2481 137 198 157 63 426 0 105.21 88.93 
23564 2463 184 266 210 83 569 0 104.79 89.83 
23747 2463 184 266 210 83 569 0 104.41 91.05 
23930 2463 184 266 210 83 569 0 104.43 90.17 
24113 2455 184 267 210 83 570 0 104.79 90.20 
24296 2455 184 267 210 83 570 0 104.81 88.94 
24479 2455 184 267 210 83 570 5 104.79 88.93 
24662 2463 184 266 210 83 570 0 104.79 89.39 
24845 2463 185 267 211 83 571 0 104.43 90.18 
25028 2463 185 267 211 83 571 0 104.40 89.76 
25211 2463 185 267 211 83 571 0 104.43 89.74 
25394 2463 185 267 211 83 571 0 104.40 90.20 
25577 2463 185 267 211 83 571 0 104.43 89.79 
25760 2463 185 267 211 83 571 0 104.41 90.18 
25943 2463 185 267 211 83 571 0 104.41 90.20 
26126 2463 185 267 211 83 571 0 103.96 90.59 
26309 2463 185 267 211 83 571 0 104.43 89.74 
26492 2463 185 267 211 83 571 0 104.41 90.18 
26675 2463 185 267 211 83 571 0 104.41 90.20 
26858 2463 185 267 211 83 571 0 104.41 91.43 
27041 2463 185 267 211 83 571 0 111.59 82.76 
27224 2463 185 267 211 83 571 0 106.90 107.73 
27408 2469 186 268 212 84 574 0 93.86 81.18 
27589 6882 47 75 79 72 227 0 87.92 86.99 
27770 7464 58 90 98 91 281 0 85.36 88.86 
27951 23600 36 61 77 89 228 1 89.01 88.06 
28133 23726 36 60 77 89 227 0 81.09 86.22 
28314 25840 35 61 77 90 229 0 78.52 74.78 
28494 5618 52 78 81 68 230 0 65.45 70.70 
28673 3875 30 46 43 30 120 0 61.57 69.04 
28852 7764 30 48 52 49 150 0 55.73 68.17 
29030 29669 34 58 75 89 223 0 61.28 56.75 
29208 26864 35 58 75 88 221 0 50.00 47.55 
29385 5036 47 69 70 56 196 4 48.82 49.28 
29562 3668 129 185 173 114 477 0 56.69 77.71 
29741 3790 74 105 100 67 278 0 74.00 69.48 
29921 3920 29 44 41 29 115 0 67.57 68.29 
30100 4121 28 42 40 29 111 0 60.60 61.76 
30278 21753 32 56 69 79 205 0 55.06 55.62 
30456 8267 65 101 112 107 323 0 54.40 49.61 
30633 28780 37 64 82 97 245 1 54.57 53.14 
30810 5104 108 154 159 127 447 0 35.68 53.97 
30986 4043 138 200 192 136 535 0 46.04 48.91 
31163 4703 114 164 165 127 462 0 29.78 49.95 
31339 15761 46 72 89 97 260 2 24.46 44.59 
31514 3972 27 42 39 28 109 0 40.70 39.95 
31690 3818 28 42 39 27 109 0 37.50 39.73 
31866 3821 26 42 38 27 107 0 34.68 35.62 
32041 4121 28 42 40 29 111 0 28.48 29.73 
32216 4152 61 89 86 62 238 0 22.13 25.84 
32390 10757 32 51 59 60 172 0 29.27 29.46 
32565 19876 34 55 70 79 205 0 74.02 72.28 
32745 4952 27 43 42 34 120 0 70.38 75.00 
32925 4952 27 43 42 34 120 0 65.18 66.45 
33104 22708 36 57 74 85 217 0 234.84 227.07 
33302 26517 35 58 76 89 224 0 230.59 201.74 
33499 7281 66 99 109 100 311 9 221.29 119.71 
33690 21818 36 61 76 87 224 0 207.88 215.54 
33886 16779 33 56 67 74 197 0 183.70 186.25 
34079 22440 35 59 74 85 218 2 50.01 51.61 
34256 3717 118 99 124 61 289 0 51.20 49.44 
34433 3709 137 158 165 98 426 1 50.86 46.58 
34610 3695 112 92 116 56 267 0 47.43 47.57 
34787 3704 112 90 115 55 264 0 45.25 44.79 
34963 6237 67 73 93 76 244 0 42.48 41.31 
35139 26282 35 60 76 89 227 0 36.58 34.88 
35314 12347 32 53 61 64 178 0 95.11 28.42 
35492 3967 32 48 45 32 125 0 38.17 24.12 
35667 3760 54 79 74 50 204 5 17.39 19.60 
35840 3918 26 41 38 27 107 0 19.62 18.02 
36013 3972 27 42 39 28 109 0 29.53 26.42 
36187 3779 28 44 40 28 112 0 77.20 25.26 
36364 3779 28 44 40 28 112 0 77.54 26.18 
36541 3779 28 44 40 28 112 0 49.49 28.14 
36717 3779 28 44 40 28 112 5 35.67 32.78 
36892 3870 28 43 40 28 112 0 41.82 39.95 
37068 3875 27 43 39 28 110 0 48.81 44.59 
37245 2226 51 154 96 68 316 0 51.87 48.93 
37422 1620 24 133 65 48 243 0 42.48 40.39 
37598 3870 28 43 40 28 112 0 43.47 42.42 
37774 3920 29 44 41 29 113 0 44.86 44.01 
37950 3759 68 98 92 62 255 4 95.79 55.64 
38130 3875 27 43 39 28 110 0 123.15 55.74 
38312 2155 25 82 50 36 167 0 72.59 70.87 
38492 1792 22 160 72 53 280 0 140.51 65.64 
38675 1765 23 161 73 54 283 0 143.63 35.85 
38857 1709 25 165 76 56 292 0 82.87 86.89 
39038 2030 55 184 109 77 368 0 87.11 49.42 
39217 1750 24 163 74 54 287 1 157.98 58.40 
39401 1819 22 161 72 53 281 0 42.67 48.74 
39578 1788 23 164 74 55 288 0 43.47 45.17 
39754 1879 22 165 73 54 288 0 45.07 42.60 
39930 1847 22 164 73 54 286 0 45.25 42.81 
40106 1620 24 130 64 47 237 0 50.52 47.97 
40283 3830 28 45 41 29 115 3 60.88 58.28 
40461 3679 116 165 155 102 429 0 62.13 59.38 
40639 3684 52 79 72 49 201 0 64.63 78.49 
40819 3870 28 43 40 28 110 6 63.38 78.51 
40998 3875 27 43 39 28 110 0 78.69 61.61 
41177 3875 27 43 39 28 110 0 73.56 70.64 
41357 3870 28 43 40 28 110 0 67.42 66.08 
41536 3821 26 42 38 27 107 0 86.14 58.28 
41716 3828 53 76 72 49 198 1 73.01 81.86 
41896 3870 28 43 40 28 111 0 55.85 56.75 
42074 3846 111 159 151 103 417 0 60.45 50.61 
42252 3700 116 128 137 79 349 0 56.13 55.62 
42430 3671 69 66 76 40 184 0 56.27 50.10 
42607 3870 28 43 40 28 111 0 43.47 41.75 
42783 3762 54 57 63 36 159 0 272.08 476.75 
42998 3891 119 119 137 79 341 0 201.74 211.40 
43193 4150 162 226 223 158 616 0 195.74 77.35 
43380 3898 121 128 143 85 362 0 72.68 61.05 
43559 3663 101 82 104 49 238 0 53.21 55.62 
43737 3773 45 52 55 33 141 0 69.12 59.38 
43916 4001 34 49 47 33 130 0 68.24 70.02 
44095 3870 28 43 40 28 112 0 65.47 65.08 
44274 3829 37 48 48 31 128 0 63.10 65.52 
44453 3687 126 129 143 79 356 0 182.00 70.91 
44639 3695 112 92 116 56 268 0 185.01 194.21 
44832 3697 116 103 124 63 295 0 198.32 175.90 
45025 3703 110 90 114 55 263 0 183.41 184.09 
45218 3760 67 65 75 41 182 0 197.83 194.21 
45412 3825 32 45 43 29 117 0 256.36 196.01 
45610 3870 28 43 40 28 112 0 252.59 252.99 
45811 3870 28 43 40 28 111 0 184.11 83.28 
45998 3762 38 49 49 31 131 0 56.13 56.03 
46176 3865 30 43 41 28 113 0 170.22 75.75 
46362 3818 28 42 39 27 108 0 117.57 59.65 
46544 3742 56 81 76 51 209 0 94.06 82.42 
46726 3767 27 41 38 26 105 0 159.77 165.84 
46916 4501 66 41 68 37 106 0 158.68 43.03 
47099 3781 52 55 61 35 151 0 85.44 49.27 
47278 3918 26 41 38 27 106 0 151.67 75.31 
47463 3817 29 42 40 27 110 0 161.19 160.04 
47653 3681 90 76 94 46 218 0 157.98 161.74 
47843 3685 107 86 110 52 251 0 118.63 86.28 
48026 3685 107 86 110 52 252 0 162.54 121.45 
48214 3692 104 84 107 51 245 0 109.29 79.88 
48396 3823 51 62 64 40 166 0 105.04 79.73 
48578 3720 92 106 111 66 287 0 177.14 174.34 
48770 3684 106 86 109 52 251 0 173.16 163.18 
48961 3713 82 73 88 45 209 0 165.07 56.46 
49145 3736 77 69 83 43 197 0 148.65 57.87 
49328 3713 91 78 96 48 223 0 158.41 55.91 
49512 3753 143 165 173 104 449 0 164.56 161.13 
49702 3710 107 88 111 54 256 0 161.24 159.12 
49892 3697 106 87 110 53 254 0 158.44 146.83 
50081 3690 109 89 113 54 259 0 132.02 136.95 
50268 3719 105 86 109 53 252 0 127.67 133.93 
50455 3761 68 65 76 41 185 0 65.47 49.08 
50633 3866 34 46 45 30 122 0 48.42 48.16 
50810 3870 28 43 40 28 111 2 45.85 49.40 
50987 3870 28 43 40 28 112 0 43.47 48.16 
51164 3870 28 43 40 28 112 0 41.14 48.16 
51340 3920 29 44 41 29 114 0 38.17 50.63 
51516 3739 66 64 74 40 180 0 35.44 35.62 
51691 3713 123 115 135 71 326 0 30.29 35.62 
51866 3698 92 88 102 54 247 0 71.43 73.36 
52046 3918 26 41 38 27 106 0 107.61 73.97 
52228 3818 28 42 39 27 108 0 67.97 68.71 
52407 3360 37 54 49 30 133 0 64.48 63.70 
52586 2468 181 260 206 81 557 0 63.36 63.70 
52765 2459 170 250 196 79 533 0 29.00 42.60 
52940 2461 132 203 157 67 433 0 23.00 46.39 
53115 2456 136 208 161 68 443 0 68.68 64.11 
53294 2467 137 207 161 68 442 0 63.78 65.09 
53473 2467 137 207 161 68 442 0 63.65 56.17 
53651 2467 137 207 161 68 442 0 42.67 65.09 
53828 2456 136 208 161 68 443 0 31.59 25.84 
54003 2456 136 208 161 68 444 0 23.58 20.86 
54177 2456 136 208 161 68 444 0 49.16 25.28 
54353 2456 136 208 161 68 443 0 69.11 68.43 
54532 2456 136 208 161 68 443 0 26.16 16.42 
54706 2456 136 208 161 68 443 8 26.18 26.13 
54880 2456 136 208 161 68 443 0 26.18 27.00 
55054 2456 136 208 161 68 443 0 26.16 26.13 
55228 2456 136 208 161 68 443 0 26.16 26.13 
55402 2456 136 208 161 68 443 0 26.16 27.00 
55576 2456 136 208 161 68 443 0 26.16 26.13 
55750 2456 136 208 161 68 443 0 26.18 26.98 
