=~=~=~=~=~=~=~=~=~=~=~= PuTTY log 2025.11.28 02:36:50 =~=~=~=~=~=~=~=~=~=~=~=
ets Jul 29 2019 12:21:46

rst:0x1 (POWERON_RESET),boot:0x13 (SPI_FAST_FLASH_BOOT)
configsip: 0, SPIWP:0xee
clk_drv:0x00,q_drv:0x00,d_drv:0x00,cs0_drv:0x00,hd_drv:0x00,wp_drv:0x00
mode:DIO, clock div:1
load:0x3fff0030,len:4980
load:0x40078000,len:16612
load:0x40080400,len:3480
entry 0x400805b4
Found sensor
Milis - ColorTemp - Lux - R - G - B - C - Pot - UsensA - UsensB

399 7220 63 62 88 75 225 0 3.25 3.25 
571 7220 63 62 88 75 225 0 3.25 3.25 
743 7220 63 62 88 75 225 0 3.25 3.25 
915 7220 63 62 88 75 225 6 3.26 3.25 
1087 7220 63 62 88 75 225 0 3.25 3.25 
1259 7220 63 62 88 75 225 6 3.25 3.25 
1431 7220 63 62 88 75 225 0 3.26 3.25 
1603 7220 63 62 88 75 225 1 3.25 3.25 
1775 7220 63 62 88 75 225 0 3.26 3.25 
1947 7220 63 62 88 75 225 0 3.25 3.25 
2119 7220 63 62 88 75 225 20 3.25 3.25 
2291 7220 63 62 88 75 225 0 3.26 3.25 
2463 7220 63 62 88 75 225 0 3.25 3.25 
2635 7220 63 62 88 75 225 12 3.25 3.25 
2807 7220 63 62 88 75 225 0 3.25 3.25 
2979 7220 63 62 88 75 225 7 3.25 3.25 
3151 7220 63 62 88 75 225 16 3.26 3.25 
3323 7220 63 62 88 75 225 0 3.26 3.25 
3495 7220 63 62 88 75 225 0 3.26 3.25 
3667 7220 63 62 88 75 225 13 3.26 3.25 
3839 7220 63 62 88 75 225 7 3.25 3.25 
4011 7220 63 62 88 75 224 0 3.26 3.25 
4183 7220 63 62 88 75 224 6 3.26 3.25 
4355 7220 63 62 88 75 224 0 3.26 3.25 
4527 7220 63 62 88 75 225 0 3.25 3.25 
4699 7220 63 62 88 75 224 10 3.25 3.25 
4871 7220 63 62 88 75 225 1 3.25 3.25 
5043 7220 63 62 88 75 225 0 3.26 3.25 
5215 7220 63 62 88 75 224 0 3.25 3.25 
5387 7220 63 62 88 75 224 8 3.26 3.25 
5559 7220 63 62 88 75 225 4 3.25 3.25 
5731 7220 63 62 88 75 225 0 3.25 3.25 
5903 7220 63 62 88 75 225 11 3.26 3.25 
6075 7220 63 62 88 75 225 0 3.25 3.25 
6247 7220 63 62 88 75 225 0 3.26 3.25 
6419 7220 63 62 88 75 225 30 3.26 3.25 
6591 7220 63 62 88 75 225 0 3.25 3.25 
6763 7220 63 62 88 75 225 0 3.25 3.25 
6935 7220 63 62 88 75 225 13 3.26 3.25 
7107 7220 63 62 88 75 225 0 3.26 3.25 
7279 7220 63 62 88 75 225 8 3.26 3.25 
7451 7220 63 62 88 75 225 7 3.26 3.25 
7623 7220 63 62 88 75 225 0 3.26 3.25 
7795 7220 63 62 88 75 225 0 3.26 3.25 
7967 7220 63 62 88 75 225 0 3.25 3.25 
8139 7220 63 62 88 75 225 14 3.26 3.25 
8311 7220 63 62 88 75 225 0 3.26 3.25 
8483 7220 63 62 88 75 225 0 3.25 3.25 
8655 7220 63 62 88 75 225 6 3.26 3.25 
8827 7220 63 62 88 75 225 0 3.26 3.25 
8999 7220 63 62 88 75 225 7 3.25 3.25 
9171 7220 63 62 88 75 225 10 3.26 3.25 
9343 7220 63 62 88 75 225 0 3.26 3.25 
9515 7220 63 62 88 75 225 0 3.25 3.25 
9687 7220 63 62 88 75 225 15 3.25 3.25 
9859 7220 63 62 88 75 225 6 3.25 3.25 
10031 7220 63 62 88 75 225 0 3.25 3.25 
10203 7220 63 62 88 75 225 13 3.26 3.25 
10375 7220 63 62 88 75 225 0 3.25 3.25 
10547 7220 63 62 88 75 225 0 3.25 3.25 
10719 7220 63 62 88 75 225 22 3.26 3.25 
10891 7095 65 62 89 75 225 0 3.26 3.25 
11063 7022 64 62 88 74 224 0 3.25 3.25 
11235 7220 63 62 88 75 225 2 3.26 3.25 
11407 7220 63 62 88 75 225 5 3.25 3.25 
11579 7220 63 62 88 75 225 5 3.25 3.25 
11751 7220 63 62 88 75 225 0 3.26 3.25 
11923 7293 64 62 89 76 226 3 3.26 3.25 
12095 7293 64 62 89 76 225 0 3.25 3.25 
12267 7293 64 62 89 76 226 0 3.25 3.25 
12439 7293 64 62 89 76 225 21 3.25 3.25 
12611 7293 64 62 89 76 225 0 3.26 3.25 
12783 7293 64 62 89 76 226 0 3.26 3.25 
12955 7293 64 62 89 76 225 12 3.25 3.25 
13127 7293 64 62 89 76 226 0 3.25 3.25 
13299 7293 64 62 89 76 225 7 3.26 3.25 
13471 7293 64 62 89 76 225 16 3.25 3.25 
13643 7293 64 62 89 76 226 0 3.25 3.25 
13815 7293 64 62 89 76 226 0 3.25 3.25 
13987 7293 64 62 89 76 226 10 3.26 3.25 
14159 7430 63 62 88 76 225 7 3.26 3.25 
14331 7430 63 62 88 76 225 0 3.26 3.25 
14503 7293 64 62 89 76 225 7 3.25 3.25 
14675 7293 64 62 89 76 226 0 3.26 3.25 
14847 7293 64 62 89 76 226 0 3.25 3.25 
15019 7293 64 62 89 76 226 16 3.25 3.25 
15191 7293 64 62 89 76 226 0 3.26 3.25 
15363 7293 64 62 89 76 226 0 3.26 3.25 
15535 7293 64 62 89 76 226 0 3.26 3.25 
15707 7293 64 62 89 76 226 0 3.26 3.25 
15879 7483 62 60 87 75 222 5 3.26 3.25 
16051 7204 58 56 80 68 204 0 3.25 3.25 
16223 7254 55 55 77 66 196 2 3.26 3.25 
16395 7682 60 57 84 73 214 0 3.26 3.25 
16567 5613 47 59 67 54 179 0 3.25 3.25 
16739 3200 39 90 67 51 206 20 3.26 3.25 
16911 3236 43 95 72 54 221 0 3.25 3.25 
17083 3418 47 92 74 54 221 0 3.25 3.25 
17255 3235 63 94 83 50 227 9 3.25 3.25 
17427 3092 66 98 85 49 233 0 3.26 3.25 
17599 3147 71 107 93 55 255 7 3.26 3.25 
17771 3128 71 106 92 54 252 12 3.26 3.25 
17943 3177 72 106 93 55 254 0 3.26 3.25 
18115 3158 71 105 92 54 253 0 3.25 3.25 
18287 3072 65 97 84 48 230 12 3.26 3.25 
18459 3057 64 97 83 48 230 7 3.25 3.25 
18631 3109 65 97 84 49 230 0 3.25 3.25 
18803 3098 65 99 85 50 235 8 3.25 3.25 
18975 3244 66 99 87 53 238 0 3.26 3.25 
19147 3244 66 99 87 53 238 0 3.25 3.25 
19319 3244 66 99 87 53 238 18 3.26 3.25 
19491 3244 66 99 87 53 238 0 3.26 3.25 
19663 3244 66 99 87 53 238 0 3.25 3.25 
19835 3244 66 99 87 53 238 0 3.26 3.25 
20007 3244 66 99 87 53 238 0 3.26 3.25 
20179 3244 66 99 87 53 238 5 3.25 3.25 
20351 3244 66 99 87 53 238 0 3.26 3.25 
20523 3244 66 99 87 53 238 0 3.26 3.25 
20695 3244 66 99 87 53 238 0 3.26 3.25 
20867 3244 66 99 87 53 238 0 3.26 3.25 
21039 3287 65 99 87 54 238 16 3.25 3.25 
21211 3287 65 99 87 54 238 0 3.25 3.25 
21383 3287 65 99 87 54 238 0 3.25 3.25 
21555 3287 65 99 87 54 238 6 3.25 3.25 
21727 3287 65 99 87 54 238 0 3.25 4.52 
21899 3287 65 99 87 54 238 7 3.25 3.25 
22071 3153 68 101 88 52 242 9 3.25 3.25 
22243 3155 69 103 90 53 247 0 3.26 3.25 
22415 3158 71 105 92 54 252 0 3.25 3.25 
22587 3177 72 106 93 55 255 11 3.26 3.25 
22759 3213 69 104 91 55 249 5 3.25 3.25 
22931 3067 64 95 82 47 226 0 3.25 3.25 
23103 3120 65 95 83 48 228 11 3.25 3.25 
23275 3321 81 120 107 66 294 0 3.25 3.25 
23447 3234 75 111 98 59 269 0 3.26 3.25 
23619 3067 64 95 82 47 224 24 3.26 3.25 
23791 3041 60 87 76 42 205 0 3.25 3.25 
23963 3008 60 88 76 42 206 0 3.25 3.25 
24135 3008 60 88 76 42 206 6 3.25 3.25 
24307 3008 60 88 76 42 206 0 3.25 3.25 
24479 3008 60 88 76 42 206 6 3.25 3.25 
24651 3008 60 88 76 42 206 3 3.25 3.25 
24823 3008 60 88 76 42 206 0 3.25 3.25 
24995 3008 60 88 76 42 206 0 3.25 3.25 
25167 3008 60 88 76 42 206 0 3.25 3.25 
25339 3008 60 88 76 42 206 10 3.26 3.25 
25511 3008 60 88 76 42 206 0 3.25 3.25 
25683 3008 60 88 76 42 206 0 3.25 3.25 
25855 3008 60 88 76 42 206 0 3.25 3.25 
26027 3008 60 88 76 42 206 0 3.25 3.25 
26199 3008 60 88 76 42 206 7 3.25 3.25 
26371 3008 60 88 76 42 206 2 3.25 3.25 
26543 3088 64 96 83 48 226 0 3.25 3.25 
26715 3070 69 103 89 51 244 0 3.25 3.25 
26887 3070 69 103 89 51 243 5 3.25 3.25 
27059 3070 69 103 89 51 243 4 3.26 3.25 
27231 3070 69 103 89 51 244 0 3.25 3.25 
27403 3070 69 103 89 51 244 6 3.25 3.25 
27575 3070 69 103 89 51 244 0 3.25 3.25 
27747 3070 69 103 89 51 244 0 3.25 3.25 
27919 3070 69 103 89 51 244 23 3.26 3.25 
28091 3070 69 103 89 51 244 0 3.25 3.25 
28263 3070 69 103 89 51 244 0 3.26 3.25 
28435 3070 69 103 89 51 244 11 3.25 3.25 
28607 3070 69 103 89 51 244 0 3.25 3.25 
28779 3070 69 103 89 51 244 7 3.25 3.25 
28951 3070 69 103 89 51 244 11 3.25 3.25 
29123 3070 69 103 89 51 244 0 3.25 3.25 
29295 3070 69 103 89 51 244 0 3.25 3.25 
29467 3070 69 103 89 51 244 10 3.26 3.25 
29639 3070 69 103 89 51 244 6 3.25 3.25 
29811 3083 65 95 83 47 225 0 3.26 3.25 
29983 3041 54 80 69 39 190 8 4.54 5.80 
30155 3579 45 65 60 39 166 0 4.54 3.25 
30327 4112 62 96 90 66 252 0 3.26 3.25 
30499 4181 64 99 93 69 263 19 3.26 3.25 
30671 4006 55 99 86 66 252 0 3.25 3.25 
30843 3803 26 72 53 46 170 0 3.25 3.25 
31015 7637 37 58 63 59 180 3 3.25 3.25 
31187 5636 37 63 61 53 178 0 3.25 3.25 
31359 2784 40 92 66 46 203 6 3.25 3.25 
31531 3624 97 110 115 66 294 0 3.25 3.25 
31703 4373 73 107 105 78 292 0 3.25 3.25 
31875 7376 30 60 57 55 172 0 3.25 3.25 
32047 13877 27 64 62 68 195 0 3.25 3.25 
32219 8261 27 60 56 56 172 9 3.26 3.25 
32391 3257 50 140 99 82 321 0 3.25 3.25 
32563 3410 41 99 74 59 233 0 3.26 4.52 
32735 3618 38 81 64 50 195 0 3.25 4.52 
32907 3618 38 81 64 50 195 0 3.25 4.52 
33079 3618 38 81 64 50 195 7 3.25 4.52 
33251 3618 38 81 64 50 195 0 3.25 3.25 
33423 3299 43 114 82 67 263 0 3.26 3.25 
33595 3217 53 154 107 90 351 0 3.25 3.25 
33767 3202 53 156 108 91 354 2 3.25 3.25 
33939 3245 53 155 108 91 353 4 3.25 3.25 
34111 3245 53 155 108 91 353 0 3.25 3.25 
34283 3175 52 155 107 90 351 3 3.26 3.25 
34455 3192 54 155 108 90 352 0 3.26 3.25 
34627 3192 54 155 108 90 352 0 3.25 3.25 
34799 3192 54 155 108 90 352 18 3.25 3.25 
34971 3175 52 155 107 90 352 0 3.26 3.25 
35143 3175 52 155 107 90 352 0 3.25 3.25 
35315 3175 52 155 107 90 352 7 3.25 3.25 
35487 3175 52 155 107 90 352 0 3.26 3.25 
35659 3175 52 155 107 90 352 7 3.25 3.25 
35831 3175 52 155 107 90 351 9 3.25 3.25 
36003 3175 52 155 107 90 351 0 3.25 3.25 
36175 3175 52 155 107 90 351 0 3.25 3.25 
36347 3175 52 155 107 90 351 11 3.25 3.25 
36519 3217 53 154 107 90 351 5 3.25 3.25 
36691 3217 53 154 107 90 351 0 3.25 3.25 
36863 3217 53 154 107 90 351 12 3.26 3.25 
37035 3217 53 154 107 90 351 0 3.25 3.25 
37207 3217 53 154 107 90 351 0 3.25 3.25 
37379 3217 53 154 107 90 351 26 3.25 3.25 
37551 3217 53 154 107 90 351 0 3.25 3.25 
37723 3229 50 139 98 81 317 0 3.25 3.25 
37895 3399 40 110 79 66 254 11 3.25 3.25 
38067 7524 33 67 64 62 193 0 3.26 3.25 
38239 8419 28 59 56 56 172 6 3.26 3.25 
38411 3704 64 79 80 49 209 9 3.25 3.25 
38583 3656 62 77 77 47 202 0 3.25 3.25 
38755 2940 35 83 60 44 185 0 3.26 3.25 
38927 3799 36 61 54 39 154 6 3.25 3.25 
39099 3747 34 57 50 36 144 7 3.25 3.25 
39271 3267 39 81 63 46 189 0 3.26 3.25 
39443 3001 39 88 65 47 199 2 3.25 3.25 
39615 3449 40 70 59 41 170 0 3.25 3.25 
39787 3647 50 64 63 39 167 0 3.26 3.25 
39959 3649 76 89 92 54 237 13 3.25 3.25 
40131 3629 80 93 96 56 247 0 3.25 3.25 
40303 3637 72 86 88 52 227 0 3.25 3.25 
40475 3531 38 59 53 35 148 0 3.25 3.25 
40647 3293 31 60 48 34 141 0 3.25 3.25 
40819 2817 31 71 51 36 157 5 3.25 3.25 
40991 2903 30 69 50 36 154 0 3.25 3.25 
41163 3696 34 53 48 33 134 0 3.26 3.25 
41335 3698 43 58 56 36 151 0 3.25 3.25 
41507 3753 51 65 65 41 173 0 4.54 3.25 
41679 3696 62 76 77 47 203 17 3.25 3.25 
41851 3673 61 75 76 46 200 0 3.26 3.25 
42023 3690 54 68 68 42 180 0 3.25 3.25 
42195 3617 47 66 62 40 170 6 3.25 3.25 
42367 2452 32 94 61 45 197 0 3.25 3.25 
42539 2243 30 95 59 43 195 7 3.25 3.25 
42711 2326 32 96 61 44 196 9 3.26 3.25 
42883 2326 32 96 61 44 195 0 3.25 3.25 
43055 2312 31 97 61 45 199 0 3.25 3.25 
43227 2367 30 93 59 44 194 10 3.25 3.25 
43399 2330 30 92 58 43 190 4 3.25 3.25 
43571 2330 30 92 58 43 189 0 3.26 3.25 
43743 2330 30 92 58 43 189 11 3.25 3.25 
43915 2330 30 92 58 43 189 0 3.25 3.25 
44087 2330 30 92 58 43 189 0 3.25 3.25 
44259 2330 30 92 58 43 189 25 3.25 3.25 
44431 2330 30 92 58 43 189 0 3.25 3.25 
44603 2330 30 92 58 43 189 0 3.25 3.25 
44775 2330 30 92 58 43 189 9 3.25 3.25 
44947 2330 30 92 58 43 190 0 3.25 3.25 
45119 2330 30 92 58 43 189 6 3.25 3.25 
45291 2330 30 92 58 43 189 6 3.25 3.25 
45463 2330 30 92 58 43 189 0 3.25 3.25 
45635 2330 30 92 58 43 189 0 3.26 3.25 
45807 2330 30 92 58 43 189 2 3.25 3.25 
45979 2330 30 92 58 43 189 8 3.25 3.25 
46151 2330 30 92 58 43 189 0 3.26 3.25 
46323 2330 30 92 58 43 189 0 3.25 3.25 
46495 2330 30 92 58 43 189 0 3.26 3.25 
46667 2330 30 92 58 43 189 0 3.25 3.25 
46839 2330 30 92 58 43 189 7 3.25 3.25 
47011 2330 30 92 58 43 189 0 3.26 3.25 
47183 2330 30 92 58 43 189 0 3.26 3.25 
47355 2330 30 92 58 43 189 0 3.25 3.25 
47527 2330 30 92 58 43 189 2 3.25 3.25 
47699 2330 30 92 58 43 189 5 3.26 3.25 
47871 2330 30 92 58 43 189 0 3.26 4.84 
48043 2330 30 92 58 43 189 4 3.25 42.40 
48217 2330 30 92 58 43 189 0 3.25 4.84 
48389 2330 30 92 58 43 189 0 3.25 3.25 
48561 2330 30 92 58 43 189 0 3.25 3.25 
48733 2330 30 92 58 43 189 0 3.26 3.25 
48905 2330 30 92 58 43 189 0 3.25 3.25 
49077 2330 30 92 58 43 190 0 3.25 3.25 
49249 2330 30 92 58 43 190 0 3.25 3.25 
49421 2330 30 92 58 43 190 0 3.25 3.25 
49593 2330 30 92 58 43 190 1 3.25 3.25 
49765 2330 30 92 58 43 190 0 3.26 3.25 
49937 2330 30 92 58 43 190 0 3.25 3.25 
50109 2330 30 92 58 43 190 3 3.25 3.25 
50281 2330 30 92 58 43 190 0 3.25 3.25 
50453 2330 30 92 58 43 189 0 3.25 3.25 
50625 2333 31 93 59 43 192 5 3.25 3.25 
50797 2355 30 95 60 45 198 0 3.26 3.25 
50969 2272 30 95 59 44 196 0 3.26 3.25 
51141 2580 35 94 63 46 201 8 3.25 3.25 
51313 2702 30 79 54 40 171 0 3.26 3.25 
51485 2220 32 108 66 50 221 0 3.25 3.25 
51657 2163 29 101 61 46 206 11 3.26 3.25 
51829 2438 36 105 68 50 221 0 3.25 1.97 
52000 2701 34 83 58 41 181 0 3.25 3.25 
52172 3611 83 97 100 58 258 10 3.25 3.25 
52344 3580 148 157 169 92 423 0 3.25 3.25 
52516 3608 158 170 182 101 459 0 3.25 3.25 
52688 3572 117 139 141 82 364 7 3.25 3.25 
52860 3810 72 95 94 61 252 0 3.25 3.25 
53032 3780 78 99 99 63 263 0 3.26 3.25 
53204 3749 79 100 100 63 265 4 3.25 3.25 
53376 3749 79 100 100 63 265 0 3.25 4.52 
53548 3749 79 100 100 63 265 0 3.25 3.25 
53720 3749 79 100 100 63 265 0 3.25 3.25 
53892 3749 79 100 100 63 265 0 3.25 3.25 
54064 3749 79 100 100 63 265 0 3.25 3.25 
54236 3749 79 100 100 63 265 0 3.25 3.25 
54408 3717 78 101 100 63 266 0 3.25 3.25 
54580 3767 78 101 100 64 266 0 3.25 3.25 
54752 3717 78 101 100 63 266 0 3.26 3.25 
54924 3674 86 109 108 67 286 0 3.26 3.25 
55096 3593 139 157 164 93 419 0 3.26 35.84 
55269 3574 136 150 158 88 402 2 3.26 3.25 
55441 2132 30 103 62 46 210 0 3.26 3.25 
55613 4144 37 83 67 56 205 0 3.26 3.25 
55785 10881 58 74 97 97 268 0 3.25 3.25 
55957 4611 29 75 59 53 186 0 3.25 3.25 
56129 3815 28 75 56 48 178 0 3.25 3.25 
56301 4062 60 91 86 62 240 0 3.25 3.25 
56473 3643 49 75 68 46 190 1 3.26 3.25 
56645 3238 54 79 70 42 191 0 3.25 3.25 
56817 3587 41 63 57 38 159 0 3.25 3.25 
56989 4046 55 84 79 57 220 4 3.25 3.25 
57161 4092 62 98 91 67 256 0 3.25 3.25 
57333 4089 62 95 89 65 250 0 3.25 3.25 
57505 4095 56 83 79 57 220 6 3.25 3.25 
57677 4102 73 109 104 75 289 0 3.25 3.25 
57849 4085 74 111 105 76 294 0 3.26 3.25 
58021 4081 76 114 108 78 301 9 3.25 3.25 
58193 4100 76 115 109 79 304 0 3.26 3.25 
58365 4119 77 116 110 80 308 0 3.25 3.25 
58537 4137 77 117 111 81 311 11 3.26 3.25 
58709 4100 76 115 109 79 305 0 3.25 3.25 
58881 4111 78 116 111 80 309 0 3.26 3.25 
59053 4119 77 116 110 80 308 12 3.25 3.25 
59225 4113 69 103 98 71 273 0 3.25 3.25 
59397 3502 56 82 75 48 207 0 3.26 3.25 
59569 2838 91 129 110 55 296 11 3.25 3.25 
59741 2824 93 131 112 55 301 0 3.26 3.25 
59913 2875 82 115 99 50 266 0 3.25 3.25 
60085 2701 109 155 129 60 348 8 3.25 3.25 
60257 2698 110 156 130 60 350 0 3.25 3.25 
60429 2682 110 157 130 60 350 0 3.25 3.25 
60601 2682 110 157 130 60 350 4 3.26 3.25 
60773 2690 112 159 132 61 356 0 3.25 3.25 
60945 2690 112 159 132 61 356 0 3.25 4.52 
61117 2690 112 159 132 61 356 2 3.25 3.25 
61289 2690 112 159 132 61 356 0 3.25 3.25 
61461 2690 112 159 132 61 356 0 3.25 3.25 
61633 2693 110 158 131 61 353 0 3.25 3.25 
61805 2682 110 157 130 60 352 0 3.25 3.25 
61977 2682 110 157 130 60 352 0 3.25 3.25 
62149 2682 110 157 130 60 352 0 3.25 3.25 
62321 2682 110 157 130 60 352 0 3.25 3.25 
62493 2682 110 157 130 60 352 0 3.25 3.25 
62665 2697 109 157 130 61 352 0 3.25 3.25 
62837 2693 110 158 131 61 354 3 3.25 3.25 
63009 2693 110 158 131 61 355 0 3.25 3.25 
63181 2693 110 158 131 61 355 0 3.25 3.25 
63353 2693 110 158 131 61 355 6 3.25 3.25 
63525 2693 110 158 131 61 355 0 3.26 3.25 
63697 2693 110 158 131 61 355 0 3.25 3.25 
63869 2693 110 158 131 61 355 8 3.25 3.25 
64041 2693 110 158 131 61 355 0 3.25 3.25 
64213 2693 110 158 131 61 355 0 3.25 3.25 
64385 2693 110 158 131 61 355 11 3.25 3.25 
64557 2693 110 158 131 61 355 0 3.25 3.25 
64729 2693 110 158 131 61 355 0 3.25 3.25 
64901 2693 110 158 131 61 355 11 3.25 3.25 
65073 2693 110 158 131 61 355 0 3.26 3.25 
65245 2693 110 158 131 61 355 0 4.54 3.25 
65417 2693 110 158 131 61 355 9 4.54 3.25 
65589 2693 110 158 131 61 355 0 4.52 3.25 
65761 2693 110 158 131 61 355 0 4.54 3.25 
65933 2693 110 158 131 61 355 6 3.26 3.25 
66105 2693 110 158 131 61 355 0 4.54 3.25 
66277 2693 110 158 131 61 355 0 4.54 3.25 
66449 2693 110 158 131 61 355 2 4.54 3.25 
66621 2693 110 158 131 61 355 0 3.25 3.25 
66793 2693 110 158 131 61 355 0 4.54 3.25 
66965 2693 110 158 131 61 355 0 4.54 3.25 
67137 2693 110 158 131 61 355 0 4.54 3.25 
67309 2693 110 158 131 61 355 0 4.54 3.25 
67481 2693 110 158 131 61 355 0 4.54 3.25 
67653 2693 110 158 131 61 355 0 4.54 3.25 
67825 2693 110 158 131 61 355 0 4.54 3.25 
67997 2693 110 158 131 61 355 0 4.54 3.25 
68169 2693 110 158 131 61 355 4 4.54 3.25 
68341 2693 110 158 131 61 355 0 4.54 3.25 
68513 2693 110 158 131 61 355 0 4.54 3.25 
68685 2693 110 158 131 61 355 7 4.54 3.25 
68857 2693 110 158 131 61 355 0 4.54 3.25 
69029 2693 110 158 131 61 355 0 4.54 3.25 
69201 2693 110 158 131 61 355 10 4.54 3.25 
69373 2693 110 158 131 61 355 0 4.54 3.25 
69545 2693 110 158 131 61 355 0 4.54 3.25 
69717 2693 110 158 131 61 355 11 4.54 3.25 
69889 2693 110 158 131 61 355 0 4.54 3.25 
70061 2693 110 158 131 61 355 0 4.54 3.25 
70233 2693 110 158 131 61 355 9 4.54 3.25 
70405 2693 110 158 131 61 355 0 4.54 3.25 
70577 2693 110 158 131 61 355 0 4.54 3.25 
70749 2693 110 158 131 61 355 5 4.54 3.25 
70921 2693 110 158 131 61 355 0 4.54 3.25 
71093 2693 110 158 131 61 354 0 4.54 3.25 
71265 2693 110 158 131 61 354 0 3.25 3.25 
71437 2693 110 158 131 61 354 0 3.25 3.25 
71609 2693 110 158 131 61 354 0 4.54 3.25 
71781 2693 110 158 131 61 354 0 4.54 3.25 
71953 2693 110 158 131 61 354 0 4.54 3.25 
72125 2693 110 158 131 61 354 0 4.54 3.25 
72297 2693 110 158 131 61 354 0 4.54 3.25 
72469 2693 110 158 131 61 354 4 3.26 3.25 
72641 2711 103 148 123 58 334 0 4.54 3.25 
72813 2791 93 131 111 54 300 0 4.54 3.25 
72985 2704 111 159 132 62 356 7 3.25 3.25 
73157 2726 112 161 134 64 363 0 3.25 3.25 
73329 2709 106 153 127 60 343 0 4.54 3.25 
73501 2735 104 150 125 60 338 11 4.54 3.25 
73673 2783 89 131 109 55 299 0 4.54 3.25 
73845 2720 87 129 106 52 291 0 4.54 3.25 
74017 2725 106 153 127 61 344 11 4.54 3.25 
74189 2726 107 152 127 60 343 0 4.54 3.25 
74361 2781 95 139 116 58 315 0 3.26 3.25 
74533 3026 66 99 85 48 236 8 4.54 3.25 
74705 3059 55 80 70 39 191 0 3.25 3.25 
74877 3000 31 77 55 42 172 0 3.26 3.25 
75049 2741 28 82 55 43 178 3 4.54 3.25 
75221 2685 29 88 58 46 190 0 4.54 3.25 
75393 2176 26 103 61 50 211 0 4.54 3.25 
75565 2227 26 102 61 50 210 0 4.54 3.25 
75737 2130 26 98 58 46 200 0 4.54 3.25 
75909 2083 25 99 58 46 200 0 4.54 3.25 
76081 2130 26 98 58 46 200 0 4.52 3.25 
76253 2130 26 98 58 46 200 2 4.54 3.25 
76425 2130 26 98 58 46 200 0 4.54 3.25 
76597 2344 25 91 56 45 190 0 4.54 3.25 
76769 2358 25 89 55 44 186 6 3.25 3.25 
76941 2724 29 83 56 43 180 0 3.25 3.25 
77113 3436 37 73 59 43 174 0 3.25 4.52 
77285 3273 38 76 60 43 178 9 4.54 3.25 
77457 3273 38 76 60 43 178 0 4.54 4.52 
77629 3331 38 75 60 43 178 0 4.54 3.25 
77801 3351 37 76 60 44 180 11 4.54 3.25 
77973 3182 34 78 58 44 179 0 4.54 3.25 
78145 3106 34 78 58 43 178 0 4.54 3.25 
78317 3106 34 78 58 43 178 9 4.54 3.25 
78489 3106 34 78 58 43 178 0 4.54 3.25 
78661 3106 34 78 58 43 178 0 4.54 3.25 
78833 3106 34 78 58 43 178 4 4.54 3.25 
79005 3106 34 78 58 43 178 0 4.54 3.25 
79177 3106 34 78 58 43 178 0 4.52 3.25 
79349 3106 34 78 58 43 178 0 4.54 3.25 
79521 3106 34 78 58 43 178 0 4.54 3.25 
79693 3106 34 78 58 43 178 0 4.54 3.25 
79865 3106 34 78 58 43 178 0 4.54 3.25 
80037 3106 34 78 58 43 178 0 4.54 3.25 
80209 3106 34 78 58 43 178 0 4.54 3.25 
80381 3106 34 78 58 43 178 0 4.54 3.25 
80553 3106 34 78 58 43 178 5 4.54 3.25 
80725 3106 34 78 58 43 178 0 4.54 3.25 
80897 3106 34 78 58 43 178 0 4.54 3.25 
81069 3106 34 78 58 43 178 9 4.54 3.25 
81241 3106 34 78 58 43 178 0 4.54 3.25 
81413 3106 34 78 58 43 178 0 4.54 3.25 
81585 3106 34 78 58 43 178 11 4.54 3.25 
81757 3106 34 78 58 43 178 0 4.54 3.25 
81929 3106 34 78 58 43 178 0 4.54 3.25 
82101 3106 34 78 58 43 178 8 4.54 3.25 
82273 3106 34 78 58 43 178 0 4.54 3.25 
82445 3106 34 78 58 43 178 0 4.54 3.25 
82617 3106 34 78 58 43 178 4 4.54 3.25 
82789 3106 34 78 58 43 178 0 4.54 3.25 
82961 3106 34 78 58 43 178 0 4.54 3.25 
83133 3106 34 78 58 43 178 0 3.25 3.25 
83305 3106 34 78 58 43 178 0 3.25 3.25 
83477 3106 34 78 58 43 178 0 3.25 3.25 
83649 3106 34 78 58 43 178 0 3.26 3.25 
83821 3106 34 78 58 43 178 1 3.25 3.25 
83993 3106 34 78 58 43 178 0 3.25 3.25 
84165 3106 34 78 58 43 178 0 3.25 3.25 
84337 3106 34 78 58 43 178 6 3.25 3.25 
84509 3106 34 78 58 43 178 0 3.25 3.25 
84681 3106 34 78 58 43 178 0 3.26 3.25 
84853 3106 34 78 58 43 178 10 4.54 3.25 
85025 3106 34 78 58 43 178 0 3.26 3.25 
85197 3106 34 78 58 43 178 0 3.25 3.25 
85369 3106 34 78 58 43 178 11 3.25 3.25 
85541 3106 34 78 58 43 178 0 3.25 3.25 
85713 3106 34 78 58 43 178 0 3.26 3.25 
85885 3106 34 78 58 43 178 8 3.25 3.25 
86057 3106 34 78 58 43 178 0 4.54 3.25 
86229 3106 34 78 58 43 178 0 4.54 3.25 
86401 3106 34 78 58 43 178 2 4.54 3.25 
86573 3106 34 78 58 43 178 0 4.54 3.25 
86745 3106 34 78 58 43 178 0 4.54 3.25 
86917 3106 34 78 58 43 178 0 4.54 3.25 
87089 3106 34 78 58 43 178 0 4.54 3.25 
87261 3106 34 78 58 43 178 0 4.52 3.25 
87433 3106 34 78 58 43 178 0 3.25 3.25 
87605 3106 34 78 58 43 178 3 3.25 3.25 
87777 3106 34 78 58 43 178 0 3.26 3.25 
87949 3253 35 74 57 42 171 0 3.25 3.25 
88121 3029 39 78 60 41 179 7 3.26 3.25 
88293 2815 40 113 77 60 247 0 3.25 3.25 
88465 2777 42 124 83 66 270 0 3.25 3.25 
88637 2495 31 106 67 54 224 11 3.26 3.25 
88809 2454 32 106 67 53 223 0 4.54 3.25 
88981 2454 32 106 67 53 223 0 3.25 3.25 
89153 2470 31 103 65 52 218 10 3.26 3.25 
89325 2754 65 109 86 48 245 0 3.25 3.25 
89497 2677 110 159 131 61 357 0 3.25 3.25 
89669 4079 122 178 171 122 475 6 3.25 3.25 
89841 3522 37 109 77 67 252 0 3.25 3.25 
90013 6871 45 109 94 92 295 0 4.54 3.25 
90185 8014 81 103 127 117 349 1 3.25 3.25 
90357 1854 28 111 62 46 217 0 3.25 3.25 
90529 1650 22 137 65 49 247 0 3.25 3.25 
90701 1737 19 131 60 45 232 0 3.25 3.25 
90873 1822 17 131 59 45 231 0 3.25 3.25 
91045 1822 17 131 59 45 231 0 3.25 3.25 
91217 1822 17 131 59 45 231 0 3.25 3.25 
91389 1822 17 131 59 45 231 5 3.25 3.25 
91561 1822 17 131 59 45 231 0 3.25 3.25 
91733 1822 17 131 59 45 231 0 3.25 3.25 
91905 1822 17 131 59 45 231 10 3.26 3.25 
92077 1822 17 131 59 45 231 0 3.25 3.25 
92249 1822 17 131 59 45 231 0 3.25 3.25 
92421 1822 17 131 59 45 231 11 3.25 3.25 
92593 1822 17 131 59 45 231 0 3.25 3.25 
92765 1822 17 131 59 45 231 0 3.25 3.25 
92937 1822 17 131 59 45 231 8 3.25 3.25 
93109 1822 17 131 59 45 231 0 3.25 3.25 
93281 1822 17 131 59 45 231 0 3.25 3.25 
93453 1822 17 131 59 45 231 2 3.26 3.25 
93625 1822 17 131 59 45 231 0 3.25 3.25 
93797 1822 17 131 59 45 231 0 3.26 3.25 
93969 1822 17 131 59 45 230 0 3.26 3.25 
94141 1787 17 130 59 45 230 0 3.25 3.25 
94313 1787 17 130 59 45 230 0 3.25 3.25 
94485 1787 17 130 59 45 230 0 3.25 3.25 
94657 1787 17 130 59 45 230 3 3.25 3.25 
94829 1822 17 131 59 45 230 0 3.25 3.25 
95001 1822 17 131 59 45 230 0 3.25 3.25 
95173 1822 17 131 59 45 231 9 3.25 3.25 
95345 1822 17 131 59 45 231 0 3.25 3.25 
95517 1822 17 131 59 45 231 0 3.25 3.25 
95689 1822 17 131 59 45 231 12 3.25 3.25 
95861 1822 17 131 59 45 231 0 3.25 3.25 
96033 1822 17 131 59 45 231 0 3.25 3.25 
96205 1822 17 131 59 45 231 10 3.25 3.25 
96377 1822 17 131 59 45 231 0 3.25 3.25 
96549 1822 17 131 59 45 231 0 3.26 3.25 
96721 1822 17 131 59 45 231 3 3.25 3.25 
96893 1822 17 131 59 45 231 0 3.25 3.25 
97065 1822 17 131 59 45 231 0 3.26 3.25 
97237 1822 17 131 59 45 231 0 3.25 3.25 
97409 1822 17 131 59 45 231 0 3.25 3.25 
97581 1822 17 131 59 45 231 0 3.25 3.25 
97753 1822 17 131 59 45 231 0 3.25 3.25 
97925 1822 17 131 59 45 231 5 3.25 3.25 
98097 1822 17 131 59 45 231 0 3.26 3.25 
98269 1822 17 131 59 45 231 0 3.25 3.25 
98441 1822 17 131 59 45 231 10 3.26 3.25 
98613 1822 17 131 59 45 231 0 3.25 3.25 
98785 1822 17 131 59 45 231 0 3.25 3.25 
98957 1822 17 131 59 45 231 9 3.26 3.25 
99129 1822 17 131 59 45 231 0 3.25 3.25 
99301 1822 17 131 59 45 231 0 3.25 3.25 
99473 1822 17 131 59 45 231 5 3.25 3.25 
99645 1822 17 131 59 45 231 0 3.25 3.25 
99817 1822 17 131 59 45 231 0 3.25 3.25 
