=~=~=~=~=~=~=~=~=~=~=~= PuTTY log 2025.11.28 01:56:41 =~=~=~=~=~=~=~=~=~=~=~=
ets Jul 29 2019 12:21:46

rst:0x1 (POWERON_RESET),boot:0x13 (SPI_FAST_FLASH_BOOT)
configsip: 0, SPIWP:0xee
clk_drv:0x00,q_drv:0x00,d_drv:0x00,cs0_drv:0x00,hd_drv:0x00,wp_drv:0x00
mode:DIO, clock div:1
load:0x3fff0030,len:4980
load:0x40078000,len:16612
load:0x40080400,len:3480
entry 0x400805b4
Found sensor
Milis - ColorTemp - Lux - R - G - B - C - Pot - UsensA - UsensB

399 4472 34 45 47 34 126 9 58.92 38.57 
576 4472 34 45 47 34 126 0 58.90 37.21 
753 4472 34 45 47 34 126 5 58.92 37.20 
930 4472 34 45 47 34 126 0 58.92 36.77 
1107 4472 34 45 47 34 126 0 58.92 36.75 
1284 4472 34 45 47 34 126 0 58.94 36.77 
1461 4472 34 45 47 34 126 0 58.94 36.31 
1638 4472 34 45 47 34 126 10 58.92 36.77 
1815 4472 34 45 47 34 126 0 58.94 46.39 
1992 4472 34 45 47 34 126 0 58.92 36.77 
2169 4472 34 45 47 34 126 0 58.92 36.75 
2346 4472 34 45 47 34 126 0 58.92 37.21 
2523 4472 34 45 47 34 126 4 58.92 36.77 
2700 4472 34 45 47 34 126 0 58.92 36.75 
2877 4472 34 45 47 34 126 0 58.92 36.75 
3054 4472 34 45 47 34 126 4 58.92 36.77 
3231 4472 34 45 47 34 126 0 58.92 36.77 
3408 4472 34 45 47 34 126 0 58.92 36.77 
3585 4472 34 45 47 34 126 0 58.92 36.75 
3762 4472 34 45 47 34 126 0 58.92 37.21 
3939 4472 34 45 47 34 126 24 58.94 36.31 
4116 4472 34 45 47 34 126 0 58.51 36.75 
4293 4472 34 45 47 34 126 0 58.92 37.21 
4470 4472 34 45 47 34 126 0 58.94 36.75 
4647 4472 34 45 47 34 126 0 58.94 36.31 
4824 4472 34 45 47 34 126 4 58.92 37.20 
5001 4472 34 45 47 34 126 0 58.92 36.75 
5178 4472 34 45 47 34 126 0 58.92 37.21 
5355 4472 34 45 47 34 126 5 58.90 36.77 
5532 4472 34 45 47 34 125 0 58.92 37.20 
5709 4472 34 45 47 34 125 0 58.92 37.21 
5886 4472 34 45 47 34 126 0 58.92 37.21 
6063 4472 34 45 47 34 126 0 58.92 45.97 
6240 4472 34 45 47 34 126 7 58.92 37.21 
6417 4472 34 45 47 34 126 0 58.90 37.21 
6594 4472 34 45 47 34 126 0 58.92 36.75 
6771 4472 34 45 47 34 126 0 58.90 45.99 
6948 4472 34 45 47 34 126 0 58.92 36.75 
7125 4472 34 45 47 34 126 4 58.92 36.75 
7302 4472 34 45 47 34 126 0 58.92 37.21 
7479 4472 34 45 47 34 126 2 58.92 36.75 
7656 4472 34 45 47 34 126 5 58.94 36.75 
7833 4472 34 45 47 34 126 0 58.94 37.20 
8010 4472 34 45 47 34 126 0 58.92 37.21 
8187 4472 34 45 47 34 126 0 58.92 36.77 
8364 4472 34 45 47 34 126 0 58.92 37.21 
8541 4472 34 45 47 34 126 9 58.92 37.21 
8718 4472 34 45 47 34 126 0 58.92 37.20 
8895 4472 34 45 47 34 126 0 58.94 36.75 
9072 4472 34 45 47 34 126 0 58.92 37.21 
9249 4472 34 45 47 34 126 0 58.92 37.20 
9426 4472 34 45 47 34 126 2 58.92 37.21 
9603 4472 34 45 47 34 126 0 58.92 36.75 
9780 4472 34 45 47 34 126 0 58.92 37.20 
9957 4388 34 46 47 34 126 7 58.92 36.31 
10134 4388 34 46 47 34 126 0 58.92 37.21 
10311 4472 34 45 47 34 126 0 58.94 36.75 
10488 4388 34 46 47 34 126 0 58.92 37.21 
10665 4388 34 46 47 34 126 0 58.94 36.75 
10842 4388 34 46 47 34 126 7 58.90 36.77 
11019 4388 34 46 47 34 126 2 58.92 36.75 
11196 4388 34 46 47 34 126 0 58.92 36.77 
11373 4388 34 46 47 34 126 0 58.94 36.75 
11550 4388 34 46 47 34 126 0 58.92 36.77 
11727 4388 34 46 47 34 126 1 58.92 36.75 
11904 4388 34 46 47 34 126 0 58.92 36.75 
12081 4388 34 46 47 34 126 0 58.92 36.75 
12258 4388 34 46 47 34 126 9 58.92 37.21 
12435 4388 34 46 47 34 126 0 58.92 36.75 
12612 4388 34 46 47 34 126 0 58.92 36.77 
12789 4388 34 46 47 34 126 0 58.94 36.75 
12966 4388 34 46 47 34 126 0 58.92 37.20 
13143 4388 34 46 47 34 126 5 58.90 37.21 
13320 4388 34 46 47 34 126 0 58.90 36.75 
13497 4388 34 46 47 34 126 0 58.92 36.75 
13674 4388 34 46 47 34 126 1 58.92 36.75 
13851 4388 34 46 47 34 126 0 58.92 36.75 
14028 4388 34 46 47 34 126 0 58.92 37.21 
14205 4388 34 46 47 34 126 0 58.92 36.77 
14382 4388 34 46 47 34 126 0 58.92 36.75 
14559 4388 34 46 47 34 126 24 58.92 36.75 
14736 4388 34 46 47 34 126 0 58.53 36.75 
14913 4388 34 46 47 34 126 0 58.92 37.20 
15090 4388 34 46 47 34 126 0 58.92 37.20 
15267 4388 34 46 47 34 126 0 58.92 36.77 
15444 4388 34 46 47 34 126 4 58.92 36.77 
15621 4388 34 46 47 34 126 0 58.92 36.77 
15798 4388 34 46 47 34 126 0 58.92 36.75 
15975 4388 34 46 47 34 126 3 58.92 36.75 
16152 4388 34 46 47 34 126 0 58.92 36.75 
16329 4388 34 46 47 34 126 0 58.92 36.77 
16506 4388 34 46 47 34 126 0 58.92 37.21 
16683 4388 34 46 47 34 126 0 58.92 37.21 
16860 4388 34 46 47 34 126 10 58.92 36.77 
17037 4388 34 46 47 34 126 0 58.92 36.75 
17214 4388 34 46 47 34 126 0 58.92 37.21 
17391 4388 34 46 47 34 126 0 58.92 36.31 
17568 4472 34 45 47 34 126 0 58.92 36.77 
17745 4388 34 46 47 34 126 1 58.92 36.75 
17922 4472 34 45 47 34 126 0 58.92 45.99 
18099 4472 34 45 47 34 126 0 58.92 45.97 
18276 4554 33 46 47 35 127 20 58.92 35.84 
18453 4554 33 46 47 35 127 0 58.92 37.20 
18630 4600 33 44 46 34 123 5 58.92 37.21 
18807 4649 31 44 45 34 123 0 58.65 47.17 
18984 4511 33 45 46 34 123 0 58.92 47.75 
19161 4305 34 47 47 34 128 3 58.92 45.99 
19338 4306 34 50 49 36 135 0 58.92 35.60 
19515 4554 33 46 47 35 128 0 58.92 37.21 
19692 4554 33 46 47 35 127 0 58.92 37.67 
19869 4554 33 46 47 35 127 0 58.92 45.99 
20046 4554 33 46 47 35 127 0 58.92 47.75 
20223 4554 33 46 47 35 127 0 58.92 45.99 
20400 4554 33 46 47 35 127 0 58.92 46.00 
20577 4554 33 46 47 35 127 6 58.92 46.38 
20754 4554 33 46 47 35 127 0 58.92 46.39 
20931 4554 33 46 47 35 127 0 58.92 45.99 
21108 4554 33 46 47 35 127 0 58.94 45.97 
21285 4554 33 46 47 35 128 0 58.92 45.97 
21462 4430 34 47 48 35 129 1 58.92 48.16 
21639 4430 34 47 48 35 129 0 58.92 46.36 
21816 4466 33 47 47 35 128 0 58.94 45.99 
21993 4554 33 46 47 35 128 3 58.90 45.99 
22170 4554 33 46 47 35 128 0 58.92 45.99 
22347 4430 34 47 48 35 129 0 58.92 46.38 
22524 4596 34 47 48 36 130 0 58.90 48.16 
22701 4596 34 47 48 36 130 0 58.92 45.99 
22878 4596 34 47 48 36 129 3 58.92 37.67 
23055 4430 34 47 48 35 129 0 58.92 45.99 
23232 4596 34 47 48 36 129 0 58.92 48.16 
23409 4596 34 47 48 36 129 0 58.92 45.99 
23586 4596 34 47 48 36 129 0 58.92 45.99 
23763 4430 34 47 48 35 129 0 58.92 46.38 
23940 4466 33 47 47 35 129 0 58.92 48.16 
24117 4430 34 47 48 35 129 0 57.39 35.84 
24294 4596 34 47 48 36 129 5 56.66 48.91 
24471 5169 38 49 54 42 145 0 56.95 49.25 
24648 5741 42 49 59 47 155 0 19.92 58.28 
24824 5287 39 49 55 43 147 0 19.94 58.29 
25000 3930 32 50 46 33 130 0 19.92 57.87 
25176 3930 32 50 46 33 129 0 55.83 44.39 
25353 4159 31 49 46 34 129 0 55.69 49.27 
25530 5985 42 50 60 49 160 0 57.26 46.36 
25707 6213 47 51 65 53 168 0 58.24 43.20 
25884 4803 36 49 51 39 139 0 58.38 58.68 
26062 4670 37 50 52 39 140 2 59.19 58.97 
26240 4100 33 51 48 35 135 0 59.08 42.81 
26417 4148 34 55 51 38 145 0 59.06 42.82 
26594 4189 35 56 52 39 148 6 59.06 42.82 
26771 4189 35 56 52 39 148 0 59.06 42.40 
26948 4189 35 56 52 39 148 0 59.04 42.42 
27125 4189 35 56 52 39 148 0 59.06 42.40 
27302 4189 35 56 52 39 147 0 59.06 58.96 
27480 4189 35 56 52 39 148 0 59.08 42.81 
27657 4269 35 55 52 39 146 0 59.06 42.40 
27834 4189 35 56 52 39 148 0 59.06 42.42 
28011 4269 35 55 52 39 147 7 59.06 42.40 
28188 4189 35 56 52 39 147 0 59.06 42.81 
28365 4189 35 56 52 39 148 0 59.08 42.40 
28542 4189 35 56 52 39 148 0 59.06 55.91 
28720 4189 35 56 52 39 148 0 59.06 42.81 
28897 4189 35 56 52 39 148 0 59.06 58.84 
29075 4189 35 56 52 39 148 0 59.08 43.21 
29252 4189 35 56 52 39 148 0 59.33 42.82 
29429 4189 35 56 52 39 148 0 59.06 43.40 
29606 4269 35 55 52 39 147 0 59.08 49.11 
29784 6262 44 48 61 50 159 0 57.26 38.59 
29961 6222 46 47 62 50 160 7 57.53 44.20 
30138 5676 44 50 61 48 163 0 57.82 43.40 
30315 5772 44 54 63 51 169 0 55.25 49.08 
30492 5579 42 51 59 47 157 2 17.08 51.10 
30667 4378 34 54 51 39 145 0 15.16 48.77 
30842 3469 33 64 52 38 154 0 14.14 15.49 
31015 3413 45 70 62 40 172 0 14.48 15.49 
31188 3346 52 79 70 44 192 0 15.83 16.12 
31361 3372 53 80 71 45 195 5 16.46 16.42 
31534 3413 45 70 62 40 173 0 10.10 16.75 
31707 3193 48 74 64 39 177 0 11.44 16.75 
31880 3204 47 75 64 40 180 0 11.44 16.75 
32053 3149 48 75 64 39 178 0 11.44 16.75 
32226 3149 48 75 64 39 178 8 11.44 16.75 
32399 3149 48 75 64 39 178 0 11.44 16.75 
32572 3149 48 75 64 39 178 0 11.44 16.75 
32745 3149 48 75 64 39 178 0 11.44 16.75 
32918 3149 48 75 64 39 178 0 11.44 16.75 
33091 3149 48 75 64 39 178 0 11.44 16.75 
33264 3149 48 75 64 39 178 0 11.44 16.75 
33437 3149 48 75 64 39 178 0 11.44 16.75 
33610 3149 48 75 64 39 178 7 11.44 16.75 
33783 3149 48 75 64 39 179 0 11.44 16.75 
33956 3149 48 75 64 39 179 0 11.44 16.75 
34129 3149 48 75 64 39 179 0 11.44 16.75 
34302 3149 48 75 64 39 179 0 11.44 16.75 
34475 3149 48 75 64 39 179 8 11.44 16.75 
34648 3149 48 75 64 39 178 0 11.44 16.75 
34821 3149 48 75 64 39 179 0 11.44 16.75 
34994 3149 48 75 64 39 179 1 11.44 16.75 
35167 3149 48 75 64 39 179 0 11.44 16.73 
35340 3149 48 75 64 39 179 0 11.44 16.73 
35513 3149 48 75 64 39 179 0 11.44 16.75 
35686 3149 48 75 64 39 179 0 11.44 16.75 
35859 3149 48 75 64 39 179 22 11.44 16.75 
36032 3149 48 75 64 39 179 0 11.44 16.75 
36205 3149 48 75 64 39 179 0 11.44 16.75 
36378 3149 48 75 64 39 179 0 11.44 16.75 
36551 3149 48 75 64 39 179 0 11.44 16.75 
36724 3149 48 75 64 39 179 6 11.44 16.75 
36897 3149 48 75 64 39 179 0 10.76 44.20 
37071 3152 49 77 66 40 183 0 48.03 9.74 
37246 3110 59 89 77 45 211 0 48.98 10.42 
37421 3408 43 65 58 37 161 0 48.99 10.42 
37596 3533 36 54 49 32 135 0 55.85 9.06 
37771 3550 34 52 47 31 131 0 45.44 9.40 
37945 4084 51 79 74 54 207 0 44.27 40.85 
38121 4132 54 84 79 58 221 0 44.25 7.09 
38295 4132 54 84 79 58 222 0 45.05 6.77 
38469 4121 56 84 80 58 223 0 43.67 6.77 
38643 4182 55 83 79 58 219 0 41.38 6.77 
38817 4155 54 82 78 57 219 0 43.08 7.74 
38991 4143 60 94 88 65 248 6 41.60 5.49 
39165 4152 58 91 85 63 239 0 38.86 36.07 
39341 4046 58 90 84 61 236 8 44.86 3.25 
39515 4064 52 84 77 57 217 0 48.84 5.49 
39689 3774 27 77 56 49 181 7 53.58 6.77 
39864 3719 27 76 55 48 180 0 51.36 7.74 
40039 3715 24 65 48 41 153 17 8.74 52.97 
40214 6876 35 50 56 50 157 0 16.78 20.54 
40387 8302 39 52 63 59 175 0 15.16 17.39 
40560 8183 38 52 62 58 173 0 15.50 44.18 
40735 9329 39 54 66 64 184 0 15.50 16.12 
40908 7772 38 51 61 56 169 2 16.78 14.47 
41081 10182 44 58 74 73 205 0 15.83 14.47 
41254 10908 47 60 79 79 219 0 15.50 15.13 
41427 10908 47 60 79 79 219 0 16.78 32.56 
41601 11385 45 60 78 79 217 0 43.08 10.74 
41775 8661 46 60 74 70 215 0 41.84 9.40 
41949 11417 59 75 100 101 276 0 37.72 8.06 
42123 11898 55 71 94 96 262 8 35.17 8.72 
42297 8455 43 59 71 67 197 0 35.67 16.42 
42471 9632 42 55 70 68 193 4 32.35 3.57 
42644 11421 53 68 90 91 249 0 37.04 5.80 
42818 11004 59 74 99 99 274 0 7.11 29.73 
42991 12316 68 85 116 119 321 0 9.08 10.08 
43163 12273 67 85 115 118 320 0 8.06 20.84 
43336 5723 43 81 75 67 222 0 6.14 16.12 
43508 2895 68 128 99 63 291 0 5.81 12.10 
43680 3609 149 163 173 97 440 0 10.08 9.40 
43852 12634 31 75 71 77 223 0 9.42 9.06 
44024 13737 30 75 71 78 223 0 8.38 8.72 
44196 12634 31 75 71 77 223 0 15.50 12.77 
44369 12713 30 74 70 76 221 0 15.16 16.75 
44542 3818 87 104 108 67 282 0 20.89 36.75 
44717 3270 76 113 100 61 275 0 29.02 35.62 
44892 4639 36 79 66 57 200 0 35.67 35.38 
45067 8102 56 78 92 86 256 0 42.48 42.81 
45243 3512 26 86 59 53 196 0 49.50 49.42 
45420 3963 41 82 68 54 204 1 52.70 52.82 
45597 4130 72 110 104 76 292 0 54.91 55.62 
45775 4078 53 82 77 56 216 0 56.83 49.59 
45952 4046 58 90 84 61 236 0 58.51 56.32 
46130 4074 59 94 87 64 246 0 58.79 56.20 
46308 4092 62 98 91 67 256 0 56.13 55.49 
46486 4089 62 95 89 65 249 0 50.86 49.61 
46663 4076 56 88 82 60 230 0 48.03 46.99 
46840 4092 68 102 97 70 270 0 17.71 44.61 
47015 3987 50 73 70 49 195 0 18.99 45.20 
47190 3962 53 78 74 52 207 0 55.71 21.17 
47366 4153 85 125 120 87 334 0 20.57 18.33 
47539 4142 89 131 126 91 351 0 32.10 17.37 
47713 4126 89 130 125 90 347 0 55.98 16.42 
47888 4170 68 97 95 68 263 0 17.08 15.49 
48061 4067 63 89 87 61 240 0 16.46 15.79 
48234 2752 86 125 104 51 283 0 29.53 49.76 
48410 2689 103 151 124 59 337 0 52.70 49.25 
48587 2751 110 158 132 64 357 4 52.05 29.99 
48763 2695 100 144 119 56 322 0 50.52 11.08 
48938 2715 102 147 122 58 330 1 45.85 8.36 
49112 2715 97 144 118 58 322 0 46.65 8.36 
49286 2893 67 103 86 47 238 7 45.66 8.36 
49460 3246 39 69 57 38 165 0 45.27 8.38 
49634 3366 42 72 61 41 176 2 41.60 5.81 
49808 3301 37 69 56 39 166 0 35.67 3.25 
49981 2519 28 89 57 45 190 0 7.43 28.71 
50154 2211 24 94 56 46 194 1 12.80 33.86 
50328 5254 47 63 68 54 185 0 15.83 17.71 
50501 7276 97 90 132 112 335 4 20.88 49.42 
50676 7405 104 94 141 120 358 0 34.92 35.63 
50851 7405 104 94 141 120 358 3 35.19 37.89 
51026 7284 105 95 142 120 359 0 35.19 37.91 
51201 7411 104 95 142 121 360 3 33.90 47.97 
51377 7284 105 95 142 120 359 0 33.64 36.53 
51552 7405 104 94 141 120 357 7 33.64 36.99 
51727 7405 104 94 141 120 358 0 32.35 36.75 
51902 7405 104 94 141 120 357 7 33.13 35.63 
52077 7405 104 94 141 120 357 0 33.12 50.25 
52253 7405 104 94 141 120 358 4 33.13 48.16 
52429 7405 104 94 141 120 358 0 31.06 35.62 
52604 7405 104 94 141 120 358 0 29.00 31.53 
52779 6808 83 81 113 94 290 2 28.75 32.32 
52954 6251 72 79 100 82 261 0 29.02 30.24 
53129 6733 88 92 123 103 318 0 26.74 29.21 
53303 5449 54 73 79 64 216 1 63.80 15.79 
53479 4146 36 69 59 47 175 3 42.47 15.79 
53654 3269 29 74 54 43 170 1 57.53 15.49 
53829 2522 23 75 48 38 158 0 55.73 15.79 
54004 1794 23 120 65 55 235 0 16.13 13.45 
54177 1671 21 125 65 56 242 0 14.82 16.42 
54350 4386 45 94 79 66 238 0 15.50 15.79 
54523 6972 114 112 157 132 404 0 15.50 16.12 
54696 6980 115 113 158 133 407 0 14.14 16.75 
54869 6980 115 113 158 133 407 7 16.13 14.11 
55042 6668 92 98 129 108 337 0 56.81 15.81 
55217 1809 22 116 63 54 228 5 15.83 16.44 
55390 1642 19 123 63 54 234 0 15.50 15.79 
55563 1656 20 122 63 54 234 0 14.82 16.12 
55736 2104 24 105 61 51 215 4 16.13 16.12 
55909 3162 30 82 58 47 188 0 15.83 37.89 
56083 2599 28 92 59 48 197 0 54.57 8.06 
56258 1691 21 124 65 56 241 0 49.84 5.81 
56432 2443 64 134 94 55 283 0 48.99 5.17 
56606 2580 134 192 156 67 421 0 21.20 4.22 
56779 3523 113 163 150 96 413 6 16.46 3.25 
56951 4029 164 236 227 160 630 8 16.13 3.25 
57123 3006 28 121 76 71 266 0 30.29 3.57 
57296 4044 30 85 63 56 203 0 26.45 3.25 
57469 7887 109 132 167 152 455 7 22.73 2.28 
57642 4793 59 117 102 87 305 0 22.73 7.11 
57815 1802 27 111 61 45 214 0 16.46 15.13 
57988 2478 25 68 45 32 144 0 30.04 24.68 
58162 1624 25 134 67 50 247 0 16.46 18.00 
58335 6806 77 105 120 106 332 8 23.87 23.55 
58509 6591 49 110 97 93 300 0 28.75 30.75 
58684 2816 20 109 65 64 235 0 30.80 35.62 
58859 4029 109 161 153 109 426 0 37.50 38.33 
59035 3946 105 152 145 101 403 5 40.68 42.81 
59211 2639 105 153 125 57 338 0 43.06 50.27 
59388 2821 78 116 97 50 265 0 60.01 48.37 
59566 2731 30 88 59 46 191 0 49.15 9.74 
59741 2671 30 89 59 46 192 0 51.02 49.59 
59918 2810 31 85 58 45 186 3 35.44 47.96 
60094 2806 29 81 55 43 177 0 35.44 47.36 
60270 3176 27 67 49 38 151 2 54.57 53.29 
60447 3046 26 67 48 37 152 0 20.25 48.93 
60622 6821 64 69 91 77 238 0 20.25 50.93 
60797 8174 84 72 115 101 290 0 22.44 17.07 
60970 7248 67 63 92 78 234 1 16.46 15.79 
61143 7487 87 80 119 102 303 0 15.83 16.12 
61316 5028 69 85 95 72 256 0 15.50 15.13 
61489 3788 89 138 126 88 358 0 15.16 16.12 
61662 3249 82 151 122 84 359 0 13.46 15.79 
61835 2483 46 114 77 52 242 5 15.16 39.69 
62009 2505 48 116 79 53 248 0 10.08 8.36 
62181 2297 33 90 58 39 186 0 14.14 9.40 
62354 1928 34 112 65 43 219 5 9.42 10.42 
62526 1924 34 114 66 44 222 0 9.76 10.40 
62698 1911 35 116 67 44 226 0 9.76 10.42 
62870 1920 35 116 67 45 227 5 10.76 10.74 
63042 1932 36 117 68 45 227 0 9.76 16.75 
63215 1937 36 115 67 44 225 0 7.11 35.62 
63389 2610 33 77 54 36 167 0 6.14 34.36 
63563 3679 71 69 79 42 191 0 7.11 32.83 
63737 3750 88 75 93 47 219 8 7.74 31.79 
63910 3749 86 75 92 47 216 0 7.75 32.04 
64083 3778 86 74 92 47 215 0 6.14 30.50 
64256 3773 81 71 87 45 205 0 15.83 29.50 
64430 3756 80 70 86 44 201 0 16.78 6.77 
64603 3767 93 76 97 48 224 7 16.46 5.81 
64775 3726 94 76 97 47 222 0 30.04 5.49 
64948 3726 94 76 97 47 222 0 29.27 30.24 
65123 3767 93 76 97 48 224 0 30.04 4.20 
65296 3768 79 68 84 43 197 0 28.75 4.84 
65469 3744 84 72 89 45 208 6 29.78 4.52 
65642 3811 61 59 69 38 167 0 7.43 35.85 
65816 3755 79 70 85 44 201 0 7.75 35.85 
65990 3750 88 75 93 47 217 0 6.46 31.79 
66163 3766 90 76 95 48 221 0 6.46 28.71 
66336 3801 74 67 81 43 193 4 6.46 28.14 
66509 3756 95 78 99 49 229 0 10.44 28.95 
66682 3729 73 66 79 41 188 0 16.46 31.55 
66856 3747 101 80 104 50 237 0 16.13 17.37 
67029 3739 104 82 107 51 243 0 16.78 18.95 
67202 3739 104 82 107 51 244 0 20.57 16.44 
67375 3739 104 82 107 51 243 0 17.41 15.13 
67548 3703 101 85 106 52 245 0 15.83 15.79 
67721 3727 78 74 86 46 207 8 15.50 82.74 
67898 3713 82 73 88 45 206 0 11.10 71.16 
68074 3701 73 70 81 43 195 0 6.78 67.30 
68250 3699 56 60 65 37 163 0 5.83 72.40 
68426 3347 50 66 62 36 166 0 12.46 7.09 
68598 2606 50 94 70 40 205 0 9.42 6.78 
68770 1760 54 173 95 54 320 4 8.06 10.40 
68942 1736 54 179 97 56 331 0 8.07 15.79 
69115 1730 52 176 95 55 324 0 6.14 61.76 
69290 1741 52 173 94 54 319 1 9.76 9.74 
69462 2119 50 125 79 46 250 0 16.78 15.79 
69635 3551 47 58 58 34 151 0 16.13 15.79 
69808 2564 40 84 60 37 181 0 18.67 56.19 
69984 2433 40 90 62 38 190 0 62.97 35.62 
70161 1853 53 155 89 50 293 0 65.06 35.63 
70338 2988 50 77 65 37 181 5 62.95 45.00 
70516 2762 50 87 68 39 195 0 56.00 46.60 
70693 1797 52 159 89 50 297 0 50.85 58.97 
70871 4534 55 113 96 81 290 0 48.43 48.57 
71048 2022 32 120 70 53 241 0 45.25 45.58 
71224 2536 150 215 173 72 468 0 46.26 41.55 
71400 2554 133 195 156 68 424 0 25.30 41.75 
71575 3188 88 124 111 64 303 0 41.60 41.31 
71751 3989 151 219 209 147 581 0 15.83 35.62 
71925 4046 165 238 229 162 636 0 16.46 18.65 
72098 4030 162 233 224 158 622 0 16.13 16.75 
72271 3755 64 131 106 83 322 0 14.48 14.47 
72444 1754 12 133 70 75 275 0 12.80 36.77 
72618 1911 14 138 74 78 287 0 13.46 36.77 
72792 1889 15 142 76 80 294 0 11.78 9.74 
72964 2308 17 127 71 73 268 0 6.14 28.70 
73137 6446 67 88 101 87 278 0 9.42 9.74 
73309 7887 109 132 167 152 455 0 19.30 9.06 
73482 7987 113 136 173 158 471 0 8.74 4.84 
73654 7791 106 130 163 148 445 0 8.06 23.55 
73827 2428 36 113 72 55 238 0 6.46 9.06 
73999 1714 22 153 71 55 273 0 6.46 10.42 
74171 1621 28 160 78 58 288 0 17.08 16.44 
74344 1633 25 152 73 55 273 0 11.44 15.79 
74517 3823 48 106 84 68 258 0 16.46 19.60 
74690 7818 93 114 143 130 389 5 19.62 22.41 
74864 3914 30 110 75 71 254 0 21.20 23.55 
75038 2523 16 130 73 77 277 0 21.20 23.55 
75212 2406 16 125 70 73 265 0 21.22 24.12 
75386 2497 15 125 70 74 266 0 21.20 23.26 
75560 2376 15 126 70 74 266 1 21.20 23.55 
75734 2497 15 125 70 74 266 0 21.20 24.12 
75908 2376 15 126 70 74 266 5 21.20 24.12 
76082 2497 15 125 70 74 266 0 21.22 23.56 
76256 2497 15 125 70 74 266 0 21.20 23.26 
76430 2497 15 125 70 74 266 0 21.20 24.12 
76604 2497 15 125 70 74 266 0 21.20 24.12 
76778 2497 15 125 70 74 266 0 21.20 24.12 
76952 2376 15 126 70 74 266 0 21.22 24.12 
77126 2376 15 126 70 74 266 7 21.20 23.26 
77300 2376 15 126 70 74 266 0 21.20 23.56 
77474 2376 15 126 70 74 266 0 21.20 23.55 
77648 2376 15 126 70 74 266 0 21.22 23.56 
77822 2376 15 126 70 74 266 0 21.22 23.56 
77996 2376 15 126 70 74 266 0 21.22 23.56 
78170 2376 15 126 70 74 266 0 21.20 23.55 
78344 2376 15 126 70 74 267 6 21.22 23.55 
78518 2376 15 126 70 74 267 0 21.20 23.55 
78692 2376 15 126 70 74 267 0 21.20 23.55 
78866 2376 15 126 70 74 268 0 21.20 23.55 
79040 2376 15 126 70 74 268 0 21.20 23.55 
79214 2376 15 126 70 74 268 0 21.20 23.55 
79388 2376 15 126 70 74 268 0 21.22 23.55 
79562 2376 15 126 70 74 268 9 21.20 23.55 
79736 2376 15 126 70 74 268 0 21.22 23.55 
79910 2376 15 126 70 74 268 0 21.20 23.56 
80084 2376 15 126 70 74 268 0 21.20 23.55 
80258 2376 15 126 70 74 268 0 21.22 23.55 
80432 2376 15 126 70 74 268 0 21.20 23.55 
80606 2376 15 126 70 74 268 0 21.20 23.56 
80780 2376 15 126 70 74 268 9 21.20 23.55 
