=~=~=~=~=~=~=~=~=~=~=~= PuTTY log 2025.11.28 01:16:38 =~=~=~=~=~=~=~=~=~=~=~=
ets Jul 29 2019 12:21:46

rst:0x1 (POWERON_RESET),boot:0x13 (SPI_FAST_FLASH_BOOT)
configsip: 0, SPIWP:0xee
clk_drv:0x00,q_drv:0x00,d_drv:0x00,cs0_drv:0x00,hd_drv:0x00,wp_drv:0x00
mode:DIO, clock div:1
load:0x3fff0030,len:4980
load:0x40078000,len:16612
load:0x40080400,len:3480
entry 0x400805b4
Found sensor
Milis - ColorTemp - Lux - R - G - B - C - Pot - UsensA - UsensB

399 6407 51 52 70 57 180 0 6.14 4.52 
571 6407 51 52 70 57 180 0 6.14 4.52 
743 6407 51 52 70 57 180 0 6.14 4.52 
915 6407 51 52 70 57 180 9 6.14 5.81 
1087 6407 51 52 70 57 180 0 4.86 4.52 
1259 6407 51 52 70 57 180 7 4.86 4.52 
1431 6407 51 52 70 57 180 13 4.86 4.52 
1603 6407 51 52 70 57 180 0 4.86 4.52 
1775 6407 51 52 70 57 180 0 4.84 4.52 
1947 6407 51 52 70 57 180 11 6.14 9.74 
2119 6407 51 52 70 57 180 5 6.14 4.52 
2291 6407 51 52 70 57 180 0 4.86 4.52 
2463 6407 51 52 70 57 180 6 4.86 4.52 
2635 6407 51 52 70 57 180 0 4.86 4.52 
2807 6407 51 52 70 57 180 0 4.86 4.52 
2979 6407 51 52 70 57 180 13 6.14 9.74 
3151 6407 51 52 70 57 180 0 6.14 4.52 
3323 6407 51 52 70 57 180 0 4.84 4.52 
3495 6407 51 52 70 57 180 0 4.84 4.52 
3667 6407 51 52 70 57 180 2 4.86 4.54 
3839 6407 51 52 70 57 180 0 6.14 4.52 
4011 6407 51 52 70 57 180 0 4.86 4.52 
4183 6407 51 52 70 57 180 6 4.84 9.74 
4355 6407 51 52 70 57 180 0 6.14 4.52 
4527 6407 51 52 70 57 180 0 4.86 4.52 
4699 6407 51 52 70 57 180 25 4.86 4.52 
4871 6407 51 52 70 57 180 0 6.14 4.52 
5043 6407 51 52 70 57 180 0 4.86 4.54 
5215 6407 51 52 70 57 180 14 6.14 9.74 
5387 6407 51 52 70 57 180 0 6.14 4.52 
5559 6407 51 52 70 57 180 7 4.86 4.52 
5731 6407 51 52 70 57 180 14 4.86 14.47 
5903 6407 51 52 70 57 180 0 4.86 14.47 
6075 6407 51 52 70 57 180 0 4.84 4.54 
6247 6407 51 52 70 57 180 8 4.84 4.54 
6419 6407 51 52 70 57 180 7 6.14 9.74 
6591 6407 51 52 70 57 180 0 4.86 14.47 
6763 6407 51 52 70 57 180 11 4.86 9.74 
6935 6407 51 52 70 57 180 0 6.14 9.74 
7107 6407 51 52 70 57 180 0 4.86 4.52 
7279 6527 50 52 69 57 178 11 4.86 4.52 
7451 6407 51 52 70 57 180 0 4.86 4.52 
7623 6407 51 52 70 57 180 0 4.84 4.52 
7795 6407 51 52 70 57 180 0 4.86 4.52 
7967 6407 51 52 70 57 180 2 4.86 4.52 
8139 6407 51 52 70 57 180 0 4.86 4.52 
8311 6407 51 52 70 57 180 0 4.84 4.52 
8483 6407 51 52 70 57 180 5 4.86 4.52 
8655 6407 51 52 70 57 180 0 4.84 4.54 
8827 6407 51 52 70 57 180 0 4.86 4.52 
8999 6407 51 52 70 57 180 23 4.86 4.52 
9171 6407 51 52 70 57 180 0 4.86 4.52 
9343 6407 51 52 70 57 180 0 4.86 4.52 
9515 6407 51 52 70 57 180 11 4.86 4.52 
9687 6407 51 52 70 57 180 0 4.86 4.52 
9859 6407 51 52 70 57 180 7 4.86 4.52 
10031 6407 51 52 70 57 180 13 4.86 4.52 
10203 6407 51 52 70 57 180 0 4.86 4.52 
10375 6407 51 52 70 57 180 0 4.84 4.52 
10547 6407 51 52 70 57 180 11 4.86 4.52 
10719 6407 51 52 70 57 180 6 4.86 4.52 
10891 6407 51 52 70 57 180 0 4.86 4.54 
11063 6407 51 52 70 57 180 9 4.84 4.54 
11235 6407 51 52 70 57 180 0 4.86 4.52 
11407 6407 51 52 70 57 180 0 4.84 4.54 
11579 6407 51 52 70 57 180 20 4.86 4.52 
11751 6407 51 52 70 57 180 0 4.86 4.52 
11923 6407 51 52 70 57 180 0 4.86 4.52 
12095 6407 51 52 70 57 180 2 4.86 4.52 
12267 6407 51 52 70 57 180 0 4.86 4.52 
12439 6407 51 52 70 57 180 3 4.84 4.52 
12611 6407 51 52 70 57 180 0 4.86 4.52 
12783 6407 51 52 70 57 180 0 4.86 4.52 
12955 6407 51 52 70 57 180 0 4.86 4.52 
13127 6407 51 52 70 57 180 0 4.86 17.37 
13299 6407 51 52 70 57 180 0 4.86 13.11 
13471 6527 50 52 69 57 178 0 4.86 16.42 
13643 5120 38 51 55 43 149 0 4.86 16.42 
13815 3321 33 71 55 41 166 0 4.86 16.42 
13987 3404 34 73 57 43 171 0 4.86 16.44 
14159 3404 34 73 57 43 171 0 4.86 16.44 
14331 3404 34 73 57 43 171 0 4.84 16.44 
14503 3404 34 73 57 43 171 0 4.86 16.42 
14675 3404 34 73 57 43 171 0 4.86 16.42 
14847 3404 34 73 57 43 171 0 4.86 16.44 
15019 3404 34 73 57 43 171 0 4.86 16.42 
15191 3404 34 73 57 43 171 0 4.86 16.44 
15363 3404 34 73 57 43 171 1 4.86 16.44 
15535 3404 34 73 57 43 171 0 5.81 4.52 
15707 3316 35 73 57 42 171 0 4.86 4.52 
15879 4833 37 53 54 42 149 21 4.84 4.52 
16051 6411 48 51 67 55 173 0 5.81 4.52 
16223 6313 48 51 66 54 171 0 4.86 4.52 
16395 6407 51 52 70 57 180 9 5.81 4.52 
16567 6407 51 52 70 57 179 0 5.81 4.52 
16739 6620 51 52 70 58 180 7 4.86 4.52 
16911 6620 51 52 70 58 182 9 4.86 4.52 
17083 6620 51 52 70 58 181 0 4.86 4.52 
17255 6620 51 52 70 58 181 0 4.86 4.52 
17427 6620 51 52 70 58 181 10 4.84 4.52 
17599 6620 51 52 70 58 181 6 4.84 4.52 
17771 6620 51 52 70 58 181 0 4.86 4.52 
17943 6620 51 52 70 58 181 8 4.86 4.52 
18115 6620 51 52 70 58 181 0 4.86 4.54 
18287 6620 51 52 70 58 181 0 4.86 4.52 
18459 6620 51 52 70 58 181 22 4.86 4.52 
18631 6620 51 52 70 58 181 0 4.86 4.52 
18803 6620 51 52 70 58 181 0 5.81 4.52 
18975 6620 51 52 70 58 181 7 4.86 4.52 
19147 6427 52 53 71 58 182 0 5.81 4.52 
19319 6527 50 52 69 57 179 6 5.81 4.52 
19491 6527 50 52 69 57 179 5 5.81 4.52 
19663 5983 45 50 62 50 162 0 4.84 5.49 
19835 3380 31 65 51 38 154 0 5.81 4.54 
20007 3254 31 70 53 40 162 4 5.81 4.52 
20179 3302 30 69 52 40 159 6 4.86 4.52 
20351 3209 31 69 52 39 159 0 4.86 5.49 
20523 3228 31 72 54 41 165 2 4.84 4.52 
20695 3101 32 71 53 39 161 0 5.81 4.54 
20867 3035 31 72 53 39 162 0 4.86 6.77 
21039 3324 37 67 55 38 160 16 5.81 4.52 
21211 3432 45 68 61 39 168 0 5.81 4.52 
21383 4098 60 95 88 65 248 0 9.76 5.49 
21555 4066 61 94 88 64 247 1 4.86 5.49 
21727 3960 48 91 77 60 229 0 7.74 4.54 
21899 3551 24 76 53 47 175 4 4.86 4.52 
22071 6287 33 62 59 54 176 0 3.57 4.52 
22243 10844 51 66 86 86 238 0 3.57 36.29 
22416 3947 38 84 67 55 204 0 4.54 4.52 
22588 2501 33 93 61 45 197 2 3.25 4.52 
22760 3599 132 142 152 84 383 0 4.86 4.54 
22932 3758 111 133 137 84 358 0 4.86 8.06 
23104 11206 35 83 78 83 244 3 15.81 3.25 
23276 13012 33 82 77 84 243 0 15.16 4.52 
23448 5251 51 85 82 69 236 0 4.86 4.54 
23620 3572 139 152 161 89 408 0 4.86 5.49 
23792 3526 96 114 115 66 298 0 5.81 4.52 
23964 2132 30 103 62 46 209 0 5.81 4.52 
24136 3799 34 72 58 46 176 0 4.86 4.52 
24308 3393 34 81 61 48 189 0 4.86 4.52 
24480 2220 32 108 66 50 221 0 4.86 4.52 
24652 2362 34 104 66 49 217 0 4.86 4.52 
24824 2953 28 66 48 35 148 0 5.81 6.77 
24996 3023 29 65 48 35 145 0 4.84 15.79 
25168 2823 30 77 54 40 169 0 4.86 4.52 
25340 2206 31 103 63 47 211 0 4.86 4.52 
25512 2173 31 102 62 46 208 0 10.10 4.52 
25684 3625 125 140 147 84 376 0 11.78 4.52 
25856 3598 151 167 176 99 448 0 8.38 5.81 
26028 3592 122 140 145 83 373 0 4.86 6.77 
26200 3580 165 182 192 107 488 0 5.81 4.52 
26372 3596 110 131 133 78 346 0 5.81 4.52 
26544 2041 28 104 61 46 208 0 4.86 4.52 
26716 4672 32 99 73 69 201 0 4.86 4.52 
26888 11384 58 74 98 99 205 0 4.86 4.52 
27060 9722 49 65 82 80 227 0 5.81 4.52 
27232 10729 51 68 87 87 241 0 4.86 4.52 
27404 7117 41 61 67 61 189 1 4.84 6.78 
27576 3550 29 64 50 39 153 0 4.84 4.52 
27748 2610 28 78 52 39 168 0 4.86 5.49 
27920 1993 30 114 66 50 227 2 4.84 6.78 
28092 1903 27 106 60 45 208 0 5.81 4.52 
28264 2247 35 115 71 53 237 0 15.16 4.52 
28436 3466 108 137 133 78 352 1 6.14 4.52 
28608 3668 93 108 112 66 292 0 4.84 5.49 
28780 3265 84 126 111 68 307 0 5.81 4.54 
28952 1979 31 114 66 49 226 5 4.84 4.54 
29124 7683 53 79 88 82 250 0 4.86 4.52 
29296 10926 61 78 103 103 285 0 4.86 4.52 
29468 3805 22 83 56 53 191 6 4.54 4.54 
29640 3546 22 93 60 58 209 0 5.81 4.52 
29812 3989 32 65 54 43 162 0 5.81 4.52 
29984 3513 23 81 55 50 185 7 5.81 4.52 
30156 3473 23 86 57 53 194 0 4.86 4.52 
30328 3655 27 72 53 45 169 0 4.86 4.52 
30500 3616 27 74 54 46 173 8 4.86 4.52 
30672 3896 25 79 56 51 185 0 4.86 4.52 
30844 3384 21 96 61 59 214 0 4.86 4.52 
31016 3616 22 94 61 59 212 9 4.84 5.49 
31188 3499 22 95 61 59 212 0 4.86 4.52 
31360 3670 32 105 73 66 243 0 4.86 4.52 
31532 4118 94 139 133 96 370 8 4.86 4.54 
31704 2895 94 138 117 62 321 0 4.84 5.49 
31876 2710 94 135 112 53 304 0 4.86 15.79 
32048 2829 77 115 96 50 263 8 5.81 4.52 
32220 2871 75 112 94 50 256 0 4.86 4.52 
32392 2699 98 143 118 56 320 0 4.84 5.49 
32564 3027 97 141 122 68 335 7 5.81 4.52 
32736 4087 138 201 193 138 537 0 4.86 4.52 
32908 4085 127 185 178 127 495 0 4.86 4.52 
33080 3818 53 117 93 75 285 6 4.86 4.22 
33252 2803 21 122 72 72 263 0 14.48 4.52 
33424 8285 84 108 133 124 368 0 10.10 7.41 
33596 7677 77 98 120 109 328 7 9.42 7.74 
33768 1670 26 127 66 50 239 0 11.10 4.52 
33940 1636 23 142 68 51 256 0 14.48 4.52 
34112 3785 42 102 78 65 244 5 4.86 4.52 
34284 8490 85 104 133 124 363 0 4.86 8.04 
34456 3607 22 116 72 73 258 0 5.81 4.52 
34628 3972 86 143 128 95 369 0 4.86 4.52 
34800 3815 104 151 142 97 395 0 4.86 4.52 
34972 2760 73 107 89 44 242 0 4.86 4.52 
35144 2753 74 108 90 44 243 0 4.86 4.54 
35316 2760 73 107 89 44 242 0 4.86 5.81 
35488 2760 73 107 89 44 242 0 4.86 4.52 
35660 2760 73 107 89 44 242 0 4.86 4.52 
35832 2760 73 107 89 44 242 0 4.86 4.52 
36004 2760 73 107 89 44 242 0 4.86 5.81 
36176 2760 73 107 89 44 242 0 4.86 4.52 
36348 2760 73 107 89 44 242 1 4.86 4.52 
36520 2760 73 107 89 44 242 0 4.86 4.52 
36692 2760 73 107 89 44 242 0 4.86 4.52 
36864 2760 73 107 89 44 242 2 4.86 4.52 
37036 2760 73 107 89 44 242 0 4.84 4.52 
37208 2760 73 107 89 44 242 0 4.86 4.54 
37380 2760 73 107 89 44 242 5 4.86 5.80 
37552 2760 73 107 89 44 243 0 4.86 4.52 
37724 2760 73 107 89 44 243 0 4.86 4.52 
37896 2760 73 107 89 44 243 7 4.86 4.52 
38068 2760 73 107 89 44 243 0 4.86 4.52 
38240 2760 73 107 89 44 243 0 4.86 4.52 
38412 2760 73 107 89 44 243 9 4.86 4.54 
38584 2760 73 107 89 44 243 0 4.84 4.52 
38756 2777 75 107 90 44 243 0 4.86 5.80 
38928 2777 75 107 90 44 243 9 4.86 4.52 
39100 2777 75 107 90 44 243 0 4.84 5.81 
39272 2777 75 107 90 44 243 0 4.86 4.52 
39444 2777 75 107 90 44 243 6 4.86 4.54 
39616 2777 75 107 90 44 243 0 4.86 4.52 
39788 2777 75 107 90 44 243 0 4.86 4.52 
