=~=~=~=~=~=~=~=~=~=~=~= PuTTY log 2025.11.28 02:34:00 =~=~=~=~=~=~=~=~=~=~=~=
ets Jul 29 2019 12:21:46

rst:0x1 (POWERON_RESET),boot:0x13 (SPI_FAST_FLASH_BOOT)
configsip: 0, SPIWP:0xee
clk_drv:0x00,q_drv:0x00,d_drv:0x00,cs0_drv:0x00,hd_drv:0x00,wp_drv:0x00
mode:DIO, clock div:1
load:0x3fff0030,len:4980
load:0x40078000,len:16612
load:0x40080400,len:3480
entry 0x400805b4
Found sensor
Milis - ColorTemp - Lux - R - G - B - C - Pot - UsensA - UsensB

399 6427 52 53 71 58 183 0 3.26 3.25 
571 6427 52 53 71 58 183 9 3.26 3.25 
743 6427 52 53 71 58 183 0 3.25 3.25 
915 6427 52 53 71 58 183 0 3.26 3.25 
1087 6427 52 53 71 58 183 14 3.26 3.25 
1259 6427 52 53 71 58 183 6 3.25 3.25 
1431 6427 52 53 71 58 183 0 3.26 3.25 
1603 6427 52 53 71 58 183 12 3.25 3.25 
1775 6427 52 53 71 58 183 0 3.25 3.25 
1947 6427 52 53 71 58 183 0 3.26 3.25 
2119 6427 52 53 71 58 183 18 3.26 3.25 
2291 6427 52 53 71 58 183 0 3.26 3.25 
2463 6427 52 53 71 58 183 0 3.25 3.25 
2635 6427 52 53 71 58 183 0 3.25 3.25 
2807 6427 52 53 71 58 183 1 3.25 3.25 
2979 6427 52 53 71 58 183 5 3.25 3.25 
3151 6427 52 53 71 58 183 0 3.25 3.25 
3323 6427 52 53 71 58 183 6 3.25 3.25 
3495 6427 52 53 71 58 183 0 3.26 3.25 
3667 6427 52 53 71 58 183 0 3.25 3.25 
3839 6427 52 53 71 58 183 26 3.25 3.25 
4011 6427 52 53 71 58 183 0 3.25 3.25 
4183 6427 52 53 71 58 183 0 3.25 3.25 
4355 6427 52 53 71 58 183 14 3.26 3.25 
4527 6427 52 53 71 58 183 0 3.25 3.25 
4699 6427 52 53 71 58 183 6 3.25 3.25 
4871 6427 52 53 71 58 183 9 3.25 3.25 
5043 6427 52 53 71 58 183 0 3.25 3.25 
5215 6427 52 53 71 58 183 0 3.25 3.25 
5387 6427 52 53 71 58 183 1 3.25 3.25 
5559 6427 52 53 71 58 183 11 3.25 3.25 
5731 6427 52 53 71 58 183 0 3.25 3.25 
5903 6427 52 53 71 58 183 0 3.25 3.25 
6075 6427 52 53 71 58 183 3 3.25 3.25 
6247 6427 52 53 71 58 183 0 3.25 3.25 
6419 6427 52 53 71 58 183 7 3.26 3.25 
6591 6427 52 53 71 58 183 9 3.25 3.25 
6763 6427 52 53 71 58 183 0 3.25 3.25 
6935 6427 52 53 71 58 183 0 3.25 3.25 
7107 6427 52 53 71 58 183 14 3.25 3.25 
7279 6427 52 53 71 58 183 6 3.25 3.25 
7451 6427 52 53 71 58 183 0 3.25 3.25 
7623 6427 52 53 71 58 183 13 3.25 3.25 
7795 6427 52 53 71 58 183 0 3.25 3.25 
7967 6427 52 53 71 58 183 0 3.25 3.25 
8139 6427 52 53 71 58 183 20 3.25 3.25 
8311 6427 52 53 71 58 183 0 3.25 3.25 
8483 6427 52 53 71 58 183 0 3.25 3.25 
8655 6427 52 53 71 58 183 0 3.26 3.25 
8827 6427 52 53 71 58 183 0 3.26 3.25 
8999 6427 52 53 71 58 183 4 3.25 3.25 
9171 6427 52 53 71 58 183 0 3.26 3.25 
9343 6427 52 53 71 58 183 4 3.26 3.25 
9515 6427 52 53 71 58 183 0 3.26 3.25 
9687 6427 52 53 71 58 183 0 3.25 3.25 
9859 6427 52 53 71 58 183 24 3.26 3.25 
10031 6427 52 53 71 58 183 0 3.25 3.25 
10203 6427 52 53 71 58 183 0 3.26 3.25 
10375 6427 52 53 71 58 183 15 3.26 3.25 
10547 6427 52 53 71 58 183 0 3.26 3.25 
10719 6427 52 53 71 58 183 7 3.25 3.25 
10891 6427 52 53 71 58 183 11 3.25 3.25 
11063 6427 52 53 71 58 183 0 3.25 3.25 
11235 6427 52 53 71 58 183 0 3.25 3.25 
11407 6427 52 53 71 58 183 4 3.25 3.25 
11579 6427 52 53 71 58 183 9 3.26 3.25 
11751 6427 52 53 71 58 183 0 3.25 3.25 
11923 6427 52 53 71 58 183 0 3.25 3.25 
12095 6427 52 53 71 58 183 1 3.26 3.25 
12267 6427 52 53 71 58 183 0 3.25 3.25 
12439 6427 52 53 71 58 183 7 3.25 3.25 
12611 6427 52 53 71 58 183 7 3.26 3.25 
12783 6427 52 53 71 58 183 0 3.26 3.25 
12955 6427 52 53 71 58 183 0 3.25 3.25 
13127 6427 52 53 71 58 183 12 3.26 3.25 
13299 6427 52 53 71 58 183 5 3.25 3.25 
13471 6427 52 53 71 58 183 0 3.25 3.25 
13643 6427 52 53 71 58 183 14 3.26 3.25 
13815 6427 52 53 71 58 183 0 3.25 3.25 
13987 6427 52 53 71 58 183 0 3.26 3.25 
14159 6427 52 53 71 58 183 21 3.25 3.25 
14331 6427 52 53 71 58 183 0 3.25 3.25 
14503 6427 52 53 71 58 183 0 3.25 3.25 
14675 6427 52 53 71 58 183 0 3.26 3.25 
14847 6427 52 53 71 58 183 0 3.26 3.25 
15019 6427 52 53 71 58 183 5 3.26 3.25 
15191 6427 52 53 71 58 183 0 3.25 3.25 
15363 6427 52 53 71 58 183 4 3.25 3.25 
15535 6427 52 53 71 58 183 0 3.26 3.25 
15707 6427 52 53 71 58 183 0 3.25 3.25 
15879 6427 52 53 71 58 183 24 3.25 3.25 
16051 6427 52 53 71 58 183 0 3.25 3.25 
16223 6427 52 53 71 58 183 0 3.26 3.25 
16395 6427 52 53 71 58 183 14 3.25 3.25 
16567 6427 52 53 71 58 183 0 3.26 3.25 
16739 6427 52 53 71 58 183 7 3.25 3.25 
16911 6427 52 53 71 58 183 11 3.25 3.25 
17083 6427 52 53 71 58 183 0 3.25 3.25 
17255 6427 52 53 71 58 183 0 3.25 3.25 
17427 6427 52 53 71 58 183 5 3.25 3.25 
17599 6427 52 53 71 58 183 9 3.25 3.25 
17771 6427 52 53 71 58 183 0 3.25 3.25 
17943 6427 52 53 71 58 183 0 3.25 3.25 
18115 6427 52 53 71 58 183 0 3.26 3.25 
18287 6427 52 53 71 58 183 0 3.25 3.25 
18459 6427 52 53 71 58 183 7 3.25 3.25 
18631 6427 52 53 71 58 183 6 3.25 3.25 
18803 6427 52 53 71 58 183 0 3.25 3.25 
18975 6427 52 53 71 58 183 0 3.25 3.25 
19147 6427 52 53 71 58 183 9 3.26 3.25 
19319 6427 52 53 71 58 183 4 3.25 3.25 
19491 6427 52 53 71 58 184 0 3.25 3.25 
19663 6427 52 53 71 58 184 11 3.26 3.25 
19835 6427 52 53 71 58 183 0 3.25 3.25 
20007 6427 52 53 71 58 183 0 3.26 3.25 
20179 6427 52 53 71 58 183 23 3.25 3.25 
20351 6427 52 53 71 58 183 0 3.25 3.25 
20523 6427 52 53 71 58 183 0 3.26 3.25 
20695 6427 52 53 71 58 183 4 3.25 3.25 
20867 6427 52 53 71 58 183 0 3.25 3.25 
21039 6427 52 53 71 58 183 6 3.26 3.25 
21211 6427 52 53 71 58 183 0 3.26 3.25 
21383 6427 52 53 71 58 183 0 3.25 3.25 
21555 6427 52 53 71 58 183 0 3.25 3.25 
21727 6427 52 53 71 58 183 0 3.26 3.25 
21899 6427 52 53 71 58 183 14 3.25 3.25 
22071 6427 52 53 71 58 183 0 3.26 3.25 
22243 6427 52 53 71 58 184 0 3.26 3.25 
22415 6427 52 53 71 58 184 5 3.26 3.25 
22587 6427 52 53 71 58 184 0 3.25 3.25 
22759 6427 52 53 71 58 183 7 3.26 3.25 
22931 6427 52 53 71 58 183 11 3.26 3.25 
23103 6427 52 53 71 58 183 0 3.26 3.25 
23275 6427 52 53 71 58 183 0 3.25 3.25 
23447 6427 52 53 71 58 183 18 3.25 3.25 
23619 6427 52 53 71 58 183 7 3.25 3.25 
23791 6427 52 53 71 58 183 0 3.25 3.25 
23963 6427 52 53 71 58 183 16 3.25 3.25 
24135 6427 52 53 71 58 183 0 3.25 3.25 
24307 6427 52 53 71 58 183 0 3.25 3.25 
24479 6427 52 53 71 58 183 17 3.25 3.25 
24651 6427 52 53 71 58 183 0 3.25 3.25 
24823 6427 52 53 71 58 183 0 3.25 3.25 
24995 6427 52 53 71 58 183 0 3.25 3.25 
25167 6427 52 53 71 58 183 0 3.26 3.25 
25339 6427 52 53 71 58 183 5 3.25 3.25 
25511 6427 52 53 71 58 183 0 3.25 3.25 
25683 6427 52 53 71 58 183 2 3.26 3.25 
25855 6427 52 53 71 58 183 0 3.25 3.25 
26027 6427 52 53 71 58 183 0 3.25 3.25 
26199 6427 52 53 71 58 183 20 3.25 3.25 
26371 6427 52 53 71 58 183 0 3.25 3.25 
26543 6427 52 53 71 58 183 0 3.25 3.25 
26715 6427 52 53 71 58 183 11 3.25 3.25 
26887 6427 52 53 71 58 183 0 3.25 3.25 
27059 6427 52 53 71 58 183 7 3.26 3.25 
27231 5445 43 53 61 48 183 10 3.25 3.25 
27403 3324 34 68 54 39 161 0 3.25 3.25 
27575 3238 52 77 68 41 188 0 3.26 3.25 
27747 3264 52 78 69 42 191 6 3.25 3.25 
27919 3278 54 78 70 42 191 7 3.25 3.25 
28091 3238 54 79 70 42 191 0 3.26 3.25 
28263 3238 54 79 70 42 191 0 3.25 3.25 
28435 3238 54 79 70 42 191 0 3.25 3.25 
28607 3264 52 78 69 42 190 0 3.25 3.25 
28779 3238 54 79 70 42 191 7 3.25 3.25 
28951 3238 54 79 70 42 191 0 3.26 3.25 
29123 3238 54 79 70 42 191 0 3.25 3.25 
29295 3238 54 79 70 42 191 0 3.25 3.25 
29467 3238 54 79 70 42 191 4 3.25 3.25 
29639 3238 54 79 70 42 191 4 3.26 3.25 
29811 3238 54 79 70 42 191 0 3.26 3.25 
29983 3238 54 79 70 42 191 6 3.25 3.25 
30155 3238 54 79 70 42 191 0 3.25 3.25 
30327 3238 54 79 70 42 191 0 3.25 3.25 
30499 3238 54 79 70 42 191 24 3.25 3.25 
30671 3238 54 79 70 42 191 0 3.26 3.25 
30843 3238 54 79 70 42 191 0 3.25 3.25 
31015 3238 54 79 70 42 191 9 3.25 3.25 
31187 3238 54 79 70 42 191 0 3.25 3.25 
31359 3238 54 79 70 42 191 6 3.25 3.25 
31531 3238 54 79 70 42 191 3 3.26 3.25 
31703 3238 54 79 70 42 191 0 3.25 3.25 
31875 3238 54 79 70 42 191 0 3.25 3.25 
32047 3238 54 79 70 42 191 0 3.25 3.25 
32219 3238 54 79 70 42 191 10 3.25 3.25 
32391 3238 54 79 70 42 191 0 3.26 3.25 
32563 3238 54 79 70 42 191 0 3.26 3.25 
32735 3238 54 79 70 42 191 1 3.25 3.25 
32907 3238 54 79 70 42 191 0 3.26 3.25 
33079 3238 54 79 70 42 191 7 3.25 3.25 
33251 3238 54 79 70 42 191 7 3.25 3.25 
33423 3238 54 79 70 42 191 0 3.25 3.25 
33595 3238 54 79 70 42 191 0 3.25 3.25 
33767 3238 54 79 70 42 191 20 3.26 3.25 
33939 3238 54 79 70 42 191 4 3.25 3.25 
34111 3238 54 79 70 42 191 0 3.25 3.25 
34283 3238 54 79 70 42 191 17 3.25 3.25 
34455 3238 54 79 70 42 191 0 3.25 3.25 
34627 3238 54 79 70 42 191 0 3.25 3.25 
34799 3238 54 79 70 42 191 21 3.26 3.25 
34971 3238 54 79 70 42 191 0 3.25 3.25 
35143 3238 54 79 70 42 191 0 3.25 3.25 
35315 3238 54 79 70 42 191 2 3.26 3.25 
35487 3238 54 79 70 42 191 0 3.25 3.25 
35659 3238 54 79 70 42 191 6 3.25 3.25 
35831 3238 54 79 70 42 191 0 3.25 3.25 
36003 3238 54 79 70 42 191 0 3.25 3.25 
36175 3238 54 79 70 42 191 0 3.26 3.25 
36347 3238 54 79 70 42 191 0 4.54 3.25 
36519 3238 54 79 70 42 191 15 3.25 3.25 
36691 3238 54 79 70 42 191 0 3.25 3.25 
36863 3238 54 79 70 42 191 0 3.25 3.25 
37035 3238 54 79 70 42 191 7 3.26 3.25 
37207 3238 54 79 70 42 191 0 3.25 3.25 
37379 3238 54 79 70 42 191 7 3.25 3.25 
37551 3238 54 79 70 42 191 10 3.25 3.25 
37723 3238 54 79 70 42 191 0 3.25 3.25 
37895 3406 47 72 64 41 178 0 3.26 3.25 
38067 3998 50 76 71 51 199 10 3.25 3.25 
38239 3880 29 68 53 44 164 6 3.25 3.25 
38411 5507 32 52 52 44 149 0 4.54 3.25 
38583 4466 37 57 55 42 154 6 3.25 3.25 
38755 3413 39 72 59 42 172 0 4.54 3.25 
38927 3534 49 82 71 49 202 0 3.25 3.25 
39099 3642 71 92 90 56 238 14 3.25 3.25 
39271 3656 62 77 77 47 202 0 3.25 3.25 
39443 3635 67 81 82 49 213 0 3.25 3.25 
39615 4312 43 64 62 46 172 0 3.25 3.25 
39787 8571 28 57 55 55 168 0 3.25 3.25 
39959 5749 36 75 67 61 204 4 3.25 3.25 
40131 3261 40 114 80 67 260 0 3.25 3.25 
40303 3285 38 110 77 65 251 3 3.26 3.25 
40475 3202 42 122 85 71 278 0 3.25 3.25 
40647 3236 43 123 86 72 280 0 3.25 3.25 
40819 3236 43 123 86 72 280 23 3.25 3.25 
40991 3236 43 123 86 72 280 0 3.25 3.25 
41163 3236 43 123 86 72 280 0 3.25 3.25 
41335 3236 43 123 86 72 280 11 3.25 3.25 
41507 3236 43 123 86 72 279 0 3.25 3.25 
41679 3236 43 123 86 72 279 7 3.26 3.25 
41851 3236 43 123 86 72 279 9 3.25 3.25 
42023 3216 41 123 85 72 279 0 4.54 3.25 
42195 3236 43 123 86 72 281 0 3.25 3.25 
42367 3315 42 115 82 68 264 4 3.26 3.25 
42539 7758 30 63 59 58 180 7 3.26 3.25 
42711 9673 32 69 66 68 202 0 3.25 3.25 
42883 5951 31 61 56 51 168 0 3.25 1.97 
43054 3582 36 83 64 51 197 0 3.25 3.25 
43226 3182 45 131 91 76 296 0 3.25 3.25 
43398 3182 45 131 91 76 297 0 3.25 3.25 
43570 3194 44 132 91 77 299 7 3.25 3.25 
43742 3414 43 107 79 64 249 0 3.25 3.25 
43914 3250 47 130 92 76 296 0 3.25 3.25 
44086 3341 46 120 87 71 277 12 3.25 3.25 
44258 3360 46 118 86 70 273 0 3.25 3.25 
44430 3360 46 118 86 70 272 0 3.25 3.25 
44602 3360 46 118 86 70 273 10 3.26 3.25 
44774 3360 46 118 86 70 272 0 3.26 3.25 
44946 3360 46 118 86 70 272 0 3.26 3.25 
45118 3360 46 118 86 70 272 6 3.26 3.25 
45290 3294 46 118 86 69 272 0 3.26 3.25 
45462 3322 41 110 79 65 253 0 4.54 3.25 
45634 4347 35 81 65 56 201 0 3.25 3.25 
45806 9686 31 68 65 67 200 0 3.26 3.25 
45978 4538 46 68 67 51 187 0 3.25 3.25 
46150 3639 78 91 94 55 243 0 3.25 3.25 
46322 3375 46 74 64 42 179 0 3.25 3.25 
46494 3112 36 80 60 44 184 0 3.25 3.25 
46666 6125 36 50 55 47 153 0 3.25 3.25 
46838 4164 29 54 47 37 139 6 3.25 3.25 
47010 3815 29 64 51 41 155 0 3.25 3.25 
47182 3962 28 64 51 42 157 0 3.26 3.25 
47354 3962 28 64 51 42 157 11 3.25 3.25 
47526 3815 29 64 51 41 155 0 3.25 3.25 
47698 3910 28 63 50 41 154 0 3.26 3.25 
47870 4354 30 52 47 37 137 11 4.54 3.25 
48042 6256 37 50 56 48 154 0 3.25 3.25 
48214 5326 33 50 51 42 143 0 3.25 3.25 
48386 3430 34 71 56 42 169 6 3.25 3.25 
48558 2736 34 85 59 43 186 0 3.25 3.25 
48730 2859 31 72 52 37 160 0 3.25 3.25 
48902 4785 31 54 50 41 145 0 4.54 3.25 
49074 8440 42 56 68 64 189 0 3.26 3.25 
49246 11434 49 63 83 84 231 0 3.25 3.25 
49418 10912 49 63 83 83 230 0 3.25 3.25 
49590 10888 50 64 84 84 232 0 3.25 3.25 
49762 10888 50 64 84 84 233 0 3.25 3.25 
49934 10837 48 63 82 82 227 0 3.25 3.25 
50106 10837 48 63 82 82 227 4 3.25 3.25 
50278 10837 48 63 82 82 227 0 3.25 3.25 
50450 10837 48 63 82 82 227 0 3.25 3.25 
50622 10837 48 63 82 82 227 8 3.26 3.25 
50794 10353 49 63 82 81 227 0 3.25 3.25 
50966 10837 48 63 82 82 227 0 3.25 3.25 
51138 10837 48 63 82 82 227 10 3.25 3.25 
51310 10837 48 63 82 82 227 0 3.25 3.25 
51482 10837 48 63 82 82 227 0 3.25 3.25 
51654 10837 48 63 82 82 227 7 3.25 3.25 
51826 10837 48 63 82 82 227 0 3.25 3.25 
51998 10837 48 63 82 82 227 0 3.26 3.25 
52170 10837 48 63 82 82 227 2 3.25 3.25 
52342 10353 49 63 82 81 227 0 3.26 3.25 
52514 10837 48 63 82 82 227 0 3.25 3.25 
52686 10353 49 63 82 81 227 0 3.25 3.25 
52858 10353 49 63 82 81 227 0 3.25 3.25 
53030 10837 48 63 82 82 227 0 3.25 3.25 
53202 10353 49 63 82 81 227 0 3.25 3.25 
53374 10353 49 63 82 81 227 1 3.25 3.25 
53546 10353 49 63 82 81 227 0 3.26 3.25 
53718 10353 49 63 82 81 227 0 3.25 3.25 
53890 10353 49 63 82 81 227 6 3.26 3.25 
54062 10353 49 63 82 81 227 0 3.25 3.25 
54234 10353 49 63 82 81 227 0 3.25 3.25 
54406 10353 49 63 82 81 227 11 3.25 3.25 
54578 10353 49 63 82 81 227 0 3.25 3.25 
54750 10837 48 63 82 82 227 0 3.26 3.25 
54922 10837 48 63 82 82 227 9 3.25 3.25 
55094 10353 49 63 82 81 227 0 3.25 3.25 
55266 10837 48 63 82 82 227 0 3.25 3.25 
55438 10353 49 63 82 81 227 6 3.25 3.25 
55610 10837 48 63 82 82 227 0 3.25 3.25 
55782 10353 49 63 82 81 227 0 3.25 3.25 
55954 10837 48 63 82 82 227 0 3.25 3.25 
56126 10353 49 63 82 81 227 0 3.25 3.25 
56298 10353 49 63 82 81 227 0 3.25 3.25 
56470 10353 49 63 82 81 227 0 3.25 3.25 
56642 10353 49 63 82 81 227 0 3.25 3.25 
56814 10837 48 63 82 82 227 0 3.26 3.25 
56986 10353 49 63 82 81 227 0 3.25 3.25 
57158 10353 49 63 82 81 227 2 3.25 3.25 
57330 10353 49 63 82 81 227 0 3.25 3.25 
57502 10353 49 63 82 81 227 0 3.25 3.25 
57674 10837 48 63 82 82 227 6 3.25 3.25 
57846 10837 48 63 82 82 227 0 3.25 3.25 
58018 10837 48 63 82 82 227 0 4.54 3.25 
58190 10837 48 63 82 82 227 10 3.25 3.25 
58362 10837 48 63 82 82 227 0 3.25 3.25 
58534 10837 48 63 82 82 227 0 3.25 3.25 
58706 10837 48 63 82 82 227 10 3.26 3.25 
58878 10837 48 63 82 82 227 0 3.25 3.25 
59050 10837 48 63 82 82 227 0 4.54 3.25 
59222 9671 46 61 77 75 214 6 3.26 3.25 
59394 9150 47 62 77 74 214 0 4.54 3.25 
59566 10850 53 69 90 90 249 0 3.25 3.25 
59738 11468 58 73 98 99 271 1 3.25 3.25 
59910 11344 61 78 103 104 287 0 3.25 3.25 
60082 11344 61 78 103 104 287 0 3.25 3.25 
60254 11851 59 76 101 103 281 0 3.26 3.25 
60426 11881 58 75 100 102 278 0 3.25 3.25 
60598 8478 46 64 76 72 213 0 3.25 3.25 
60770 3271 34 89 64 52 204 0 3.25 3.25 
60942 2638 37 91 63 44 197 2 3.25 1.97 
61113 1984 43 159 92 69 430 0 3.25 3.25 
61285 10368 30 92 76 82 254 0 3.25 3.25 
61457 14264 29 71 68 75 237 10 3.26 3.25 
61629 14264 29 71 68 75 214 0 3.25 3.25 
61801 14264 29 71 68 75 214 0 3.25 3.25 
61973 14264 29 71 68 75 214 8 3.25 3.25 
62145 14264 29 71 68 75 215 0 3.25 3.25 
62317 14264 29 71 68 75 215 0 3.25 3.25 
62489 14264 29 71 68 75 215 6 3.25 3.25 
62661 14264 29 71 68 75 215 0 3.25 3.25 
62833 14264 29 71 68 75 214 0 3.25 3.25 
63005 14264 29 71 68 75 214 1 3.26 3.25 
63177 14264 29 71 68 75 214 0 3.25 3.25 
63349 14264 29 71 68 75 214 0 3.25 3.25 
63521 14264 29 71 68 75 214 0 3.25 3.25 
63693 14264 29 71 68 75 213 0 3.25 3.25 
63865 14264 29 71 68 75 213 0 3.26 3.25 
64037 14264 29 71 68 75 213 0 3.25 3.25 
64209 14264 29 71 68 75 213 0 3.25 3.25 
64381 14264 29 71 68 75 213 0 3.25 3.25 
64553 14264 29 71 68 75 213 0 3.25 3.25 
64725 13847 30 74 70 77 222 4 3.25 3.25 
64897 10746 34 78 74 78 230 0 3.26 3.25 
65069 3621 114 127 134 76 340 0 3.26 3.25 
65241 3446 90 115 111 65 293 7 3.25 3.25 
65413 2336 32 100 63 47 208 0 3.25 3.25 
65585 10277 55 73 93 92 259 0 3.25 3.25 
65757 6136 32 70 62 58 191 10 3.26 3.25 
65929 3726 30 76 57 48 181 0 3.25 3.25 
66101 4071 68 101 96 69 268 0 3.25 3.25 
66273 3273 57 85 75 46 206 10 3.25 3.25 
66445 3393 40 68 58 39 164 0 3.25 3.25 
66617 3211 32 71 54 40 164 0 3.25 3.25 
66789 3321 33 71 55 41 166 8 3.25 3.25 
66961 3228 31 72 54 41 166 0 4.54 3.25 
67133 3271 34 75 57 43 173 0 3.25 3.25 
67305 3483 35 61 52 36 149 3 3.25 3.25 
67477 3281 50 74 66 40 181 0 3.26 3.25 
67649 3311 49 73 65 40 178 0 3.25 3.25 
67821 3096 62 92 80 46 219 0 3.25 3.25 
67993 3084 62 94 81 47 223 0 3.25 3.25 
68165 3129 63 91 80 46 218 0 3.25 3.25 
68337 3254 48 71 63 38 174 0 3.25 3.25 
68509 3182 36 71 56 39 167 0 3.25 3.25 
68681 3348 43 71 61 40 172 0 3.26 3.25 
68853 3036 59 85 74 41 202 0 3.25 3.25 
69025 2823 87 125 106 53 287 0 3.26 3.25 
69197 2928 69 99 85 45 231 0 3.25 3.25 
69369 2884 35 84 60 44 187 0 3.25 3.25 
69541 2574 37 114 74 58 244 3 3.25 3.25 
69713 2379 30 103 64 51 215 0 3.25 3.25 
69885 2247 27 101 61 49 208 0 3.25 3.25 
70057 2291 29 103 63 50 215 5 3.25 3.25 
70229 2307 30 102 63 49 212 0 4.54 3.25 
70401 2417 32 105 66 52 220 0 3.26 3.25 
70573 2286 28 102 62 50 211 8 4.54 3.25 
70745 2227 26 102 61 50 210 0 3.26 3.25 
70917 2239 26 100 60 49 206 0 3.25 3.25 
71089 2318 26 95 58 47 198 10 3.25 3.25 
71261 2179 26 97 58 46 199 0 3.25 3.25 
71433 2140 25 96 57 45 197 0 3.25 3.25 
71605 2140 25 96 57 45 197 10 3.25 3.25 
71777 2140 25 96 57 45 197 0 3.25 3.25 
71949 2140 25 96 57 45 197 0 3.26 3.25 
72121 2140 25 96 57 45 197 7 3.26 3.25 
72293 2140 25 96 57 45 197 0 3.25 3.25 
72465 2140 25 96 57 45 197 0 3.25 3.25 
72637 2140 25 96 57 45 197 6 3.25 3.25 
72809 2140 25 96 57 45 197 0 3.25 3.25 
72981 2140 25 96 57 45 197 0 3.25 3.25 
73153 2140 25 96 57 45 197 3 3.25 3.25 
73325 2168 25 96 57 46 197 0 3.25 3.25 
73497 2168 25 96 57 46 198 0 3.26 3.25 
73669 2168 25 96 57 46 198 0 3.26 3.25 
73841 2168 25 96 57 46 198 0 3.25 3.25 
74013 2168 25 96 57 46 198 0 3.25 3.25 
74185 2168 25 96 57 46 198 0 3.25 3.25 
74357 2168 25 96 57 46 198 0 3.26 3.25 
74529 2168 25 96 57 46 198 0 3.25 3.25 
74701 2168 25 96 57 46 198 0 3.25 3.25 
74873 2168 25 96 57 46 198 0 3.25 3.25 
75045 2168 25 96 57 46 198 0 3.25 3.25 
75217 2168 25 96 57 46 198 0 3.25 3.25 
75389 2168 25 96 57 46 198 2 3.26 3.25 
75561 2168 25 96 57 46 198 0 3.26 3.25 
75733 2168 25 96 57 46 198 0 3.25 3.25 
75905 2168 25 96 57 46 198 5 3.25 3.25 
76077 2168 25 96 57 46 198 0 3.26 3.25 
76249 2168 25 96 57 46 198 0 4.54 3.25 
76421 2168 25 96 57 46 198 7 3.25 3.25 
76593 2168 25 96 57 46 198 0 3.25 3.25 
76765 2168 25 96 57 46 198 0 3.25 3.25 
76937 2168 25 96 57 46 198 10 3.25 3.25 
77109 2168 25 96 57 46 198 0 3.26 3.25 
77281 2168 25 96 57 46 198 0 3.26 3.25 
77453 2168 25 96 57 46 198 10 3.25 3.25 
77625 2168 25 96 57 46 198 0 3.25 3.25 
77797 2168 25 96 57 46 198 0 3.25 3.25 
77969 2168 25 96 57 46 198 8 4.54 3.25 
78141 2168 25 96 57 46 198 0 4.54 3.25 
78313 2168 25 96 57 46 198 0 4.54 3.25 
78485 2168 25 96 57 46 198 6 4.54 3.25 
78657 2168 25 96 57 46 198 0 3.25 3.25 
78829 2168 25 96 57 46 198 0 3.25 3.25 
79001 2168 25 96 57 46 198 2 3.25 3.25 
79173 2168 25 96 57 46 198 0 4.54 3.25 
79345 2168 25 96 57 46 198 0 3.25 3.25 
79517 2168 25 96 57 46 198 0 3.25 3.25 
79689 2168 25 96 57 46 198 0 3.25 3.25 
79861 2168 25 96 57 46 198 0 4.54 3.25 
80033 2168 25 96 57 46 198 0 4.54 3.25 
80205 2168 25 96 57 46 198 0 4.54 3.25 
80377 2168 25 96 57 46 198 0 4.54 3.25 
80549 2168 25 96 57 46 198 0 4.54 3.25 
80721 2168 25 96 57 46 198 0 4.54 3.25 
80893 2168 25 96 57 46 198 0 3.25 3.25 
81065 2220 25 95 57 46 196 0 4.54 3.25 
81237 2916 28 76 53 41 168 2 4.54 3.25 
81409 3454 31 67 52 40 159 0 3.25 3.25 
81581 3020 28 74 52 41 166 0 4.54 3.25 
81753 2479 26 87 55 44 184 4 4.54 3.25 
81925 2531 29 94 60 48 200 0 4.54 3.25 
82097 2489 28 93 59 47 197 0 4.54 3.25 
82269 2499 29 92 59 46 195 6 4.54 3.25 
82441 2446 28 92 58 46 195 0 4.54 3.25 
82613 2446 28 92 58 46 195 0 4.54 3.25 
82785 2390 27 93 58 46 195 9 3.25 4.52 
82957 2390 27 93 58 46 195 0 4.54 3.25 
83129 2519 28 89 57 45 189 0 4.54 3.25 
83301 2922 27 77 53 42 171 10 4.54 3.25 
83473 2731 26 78 52 41 170 0 4.54 3.25 
83645 2731 26 78 52 41 169 0 4.54 3.25 
83817 2731 26 78 52 41 169 10 4.52 4.52 
83989 3228 30 70 52 40 160 0 4.54 4.54 
84161 3234 29 65 49 37 149 0 4.54 4.52 
84333 3142 29 65 49 36 148 9 4.54 4.54 
84505 3185 28 64 48 36 146 0 4.54 4.52 
84677 3185 28 64 48 36 146 0 4.54 4.52 
84849 3185 28 64 48 36 146 7 4.54 4.52 
85021 3185 28 64 48 36 146 0 4.54 4.52 
85193 3215 30 64 49 36 146 0 4.54 5.81 
85365 3185 28 64 48 36 146 5 4.54 3.25 
85537 3185 28 64 48 36 146 0 4.54 3.25 
85709 3215 30 64 49 36 146 0 4.52 3.25 
85881 3215 30 64 49 36 147 3 4.54 3.25 
86053 3215 30 64 49 36 147 0 4.54 3.25 
86225 3185 28 64 48 36 146 0 3.26 3.25 
86397 3185 28 64 48 36 146 0 4.54 3.25 
86569 3185 28 64 48 36 146 0 4.54 3.25 
86741 3185 28 64 48 36 146 0 4.54 3.25 
86913 3215 30 64 49 36 147 0 3.25 4.52 
87085 3185 28 64 48 36 146 0 3.26 4.52 
87257 3215 30 64 49 36 146 0 4.54 4.54 
87429 3215 30 64 49 36 146 0 4.54 3.25 
87601 3185 28 64 48 36 146 0 4.54 4.52 
87773 3215 30 64 49 36 146 0 4.54 3.25 
87945 3215 30 64 49 36 146 0 4.54 4.52 
88117 3215 30 64 49 36 146 0 4.54 3.25 
88289 3215 30 64 49 36 146 0 4.54 4.52 
88461 3215 30 64 49 36 146 0 4.54 4.52 
88633 3215 30 64 49 36 146 2 4.54 4.52 
88805 3185 28 64 48 36 146 0 4.54 3.25 
88977 3185 28 64 48 36 146 0 3.25 4.84 
89149 3215 30 64 49 36 146 4 3.26 16.42 
89321 3215 30 64 49 36 146 0 3.25 4.84 
89493 3215 30 64 49 36 146 0 3.25 10.42 
89665 3185 28 64 48 36 146 4 4.54 3.25 
89837 3185 28 64 48 36 146 0 4.54 3.25 
90009 3215 30 64 49 36 146 0 4.54 3.25 
90181 3215 30 64 49 36 146 9 4.54 3.25 
90353 3215 30 64 49 36 146 0 4.54 3.25 
90525 3215 30 64 49 36 146 0 4.54 3.25 
90697 3215 30 64 49 36 146 10 4.54 3.25 
90869 3215 30 64 49 36 147 0 4.52 3.25 
91041 3158 28 66 49 37 150 0 4.54 3.25 
91213 2658 28 85 56 44 183 10 4.54 3.25 
91385 6840 63 65 88 74 227 0 3.25 3.25 
91557 6571 54 56 75 62 194 0 3.25 3.25 
91729 6853 54 55 75 63 194 8 4.54 3.25 
91901 6768 61 60 83 69 213 0 3.26 3.25 
92073 7702 76 70 105 91 267 0 3.25 3.25 
92245 2731 30 88 59 46 192 5 4.54 3.25 
92417 2751 90 135 111 56 305 0 4.54 3.25 
92589 3398 97 140 127 79 349 0 4.54 1.97 
92761 4084 99 149 141 102 394 3 4.54 3.25 
92933 2972 17 117 68 71 252 0 4.54 3.25 
93105 9003 63 87 105 101 294 0 4.54 3.25 
93277 6394 58 94 96 86 277 0 4.54 3.25 
93449 1702 26 125 66 50 237 0 3.26 4.52 
93621 1957 23 85 49 36 167 0 4.54 3.25 
93793 1872 22 89 50 37 172 0 4.54 3.25 
93965 1872 22 89 50 37 172 0 3.25 3.25 
94137 1872 22 89 50 37 172 0 4.54 3.25 
94309 1872 22 89 50 37 172 0 4.54 3.25 
94481 1872 22 89 50 37 172 7 4.54 3.25 
94653 1872 22 89 50 37 172 0 4.54 3.25 
94825 1872 22 89 50 37 172 0 3.25 4.52 
94997 1814 21 89 49 37 172 4 4.52 3.25 
95169 1872 22 89 50 37 172 0 4.54 4.54 
95341 1872 22 89 50 37 172 0 4.52 3.25 
95513 1872 22 89 50 37 172 17 4.52 3.25 
95685 1872 22 89 50 37 172 0 3.25 4.52 
95857 1872 22 89 50 37 172 0 4.54 4.52 
96029 1872 22 89 50 37 172 9 4.54 3.25 
96201 1872 22 89 50 37 172 0 4.54 3.25 
96373 1872 22 89 50 37 172 0 4.54 3.25 
96545 1906 25 97 55 41 191 10 4.54 3.25 
96717 3101 40 114 79 65 256 0 3.25 3.25 
96889 9079 81 102 130 124 358 0 3.25 3.25 
97061 4236 26 98 67 65 227 8 3.25 3.25 
97233 3790 55 127 99 81 307 0 3.26 3.25 
97405 4073 89 130 125 89 349 0 4.54 3.25 
97577 4106 111 164 157 113 438 5 3.25 3.25 
97749 4083 108 159 152 109 424 0 4.54 3.25 
97921 4058 108 160 152 109 425 0 3.25 3.25 
98093 4058 108 160 152 109 425 1 4.54 3.25 
98265 4058 108 160 152 109 425 0 3.25 3.25 
98437 4058 108 160 152 109 425 0 4.54 3.25 
98609 4058 108 160 152 109 425 0 3.25 3.25 
98781 4058 108 160 152 109 425 0 4.54 3.25 
98953 4058 108 160 152 109 425 0 4.52 4.52 
99125 4058 108 160 152 109 425 0 4.54 3.25 
99297 4058 108 160 152 109 425 0 3.26 3.25 
99469 4058 108 160 152 109 425 0 4.54 4.54 
99641 4058 108 160 152 109 425 0 3.25 3.25 
99813 4058 108 160 152 109 425 4 3.25 3.25 
99985 4058 108 160 152 109 425 0 3.25 3.25 
100157 4058 108 160 152 109 425 0 4.54 4.54 
100329 4058 108 160 152 109 426 8 4.54 3.25 
100501 4058 108 160 152 109 426 0 3.25 4.52 
100673 4058 108 160 152 109 426 0 4.54 3.25 
100845 4058 108 160 152 109 426 11 4.54 3.25 
101017 4058 108 160 152 109 425 0 3.25 3.25 
101189 4058 108 160 152 109 426 0 4.54 3.25 
101361 4058 108 160 152 109 426 10 3.25 3.25 
101533 4058 108 160 152 109 426 0 3.25 3.25 
101705 4058 108 160 152 109 426 0 3.25 3.25 
101877 4058 108 160 152 109 426 6 4.54 4.52 
102049 4058 108 160 152 109 426 0 4.52 3.25 
102221 4058 108 160 152 109 426 0 3.26 3.25 
102393 4058 108 160 152 109 425 0 4.52 3.25 
102565 4058 108 160 152 109 425 0 4.54 3.25 
102737 4058 108 160 152 109 425 0 3.25 3.25 
102909 4058 108 160 152 109 425 0 3.25 3.25 
103081 4058 108 160 152 109 426 1 4.54 3.25 
103253 4058 108 160 152 109 426 0 4.54 3.25 
103425 4058 108 160 152 109 426 0 4.54 3.25 
103597 4058 108 160 152 109 426 5 4.54 3.25 
103769 4058 108 160 152 109 426 0 3.25 3.25 
103941 4058 108 160 152 109 426 0 3.26 3.25 
104113 4058 108 160 152 109 426 10 4.54 3.25 
104285 4058 108 160 152 109 426 0 3.25 3.25 
104457 4058 108 160 152 109 426 0 4.54 3.25 
104629 4058 108 160 152 109 426 13 4.54 3.25 
104801 4058 108 160 152 109 426 0 4.54 3.25 
104973 4058 108 160 152 109 426 0 4.54 3.25 
105145 4058 108 160 152 109 426 11 4.54 3.25 
105317 4058 108 160 152 109 426 0 4.54 3.25 
105489 4058 108 160 152 109 426 0 4.54 3.25 
