=~=~=~=~=~=~=~=~=~=~=~= PuTTY log 2025.11.28 01:20:06 =~=~=~=~=~=~=~=~=~=~=~=
ets Jul 29 2019 12:21:46

rst:0x1 (POWERON_RESET),boot:0x13 (SPI_FAST_FLASH_BOOT)
configsip: 0, SPIWP:0xee
clk_drv:0x00,q_drv:0x00,d_drv:0x00,cs0_drv:0x00,hd_drv:0x00,wp_drv:0x00
mode:DIO, clock div:1
load:0x3fff0030,len:4980
load:0x40078000,len:16612
load:0x40080400,len:3480
entry 0x400805b4
Found sensor
Milis - ColorTemp - Lux - R - G - B - C - Pot - UsensA - UsensB

399 3087 35 66 52 35 153 6 4.86 4.52 
571 3087 35 66 52 35 153 0 4.86 4.52 
743 3087 35 66 52 35 153 3 4.84 4.52 
915 3087 35 66 52 35 153 0 4.86 4.52 
1087 3087 35 66 52 35 153 0 4.86 4.52 
1259 3087 35 66 52 35 153 19 4.84 4.52 
1431 3087 35 66 52 35 153 0 4.86 4.52 
1603 3087 35 66 52 35 153 0 4.84 4.52 
1775 3087 35 66 52 35 153 0 4.86 4.52 
1947 3087 35 66 52 35 153 0 4.86 4.52 
2119 3087 35 66 52 35 153 1 4.86 4.52 
2291 3087 35 66 52 35 153 0 4.86 4.52 
2463 3087 35 66 52 35 153 0 4.86 4.52 
2635 3161 34 66 52 36 153 0 4.86 4.52 
2807 3087 35 66 52 35 153 0 4.86 4.52 
2979 3087 35 66 52 35 153 18 4.86 4.52 
3151 3161 34 66 52 36 153 0 4.86 4.52 
3323 3087 35 66 52 35 153 0 4.86 4.52 
3495 3087 35 66 52 35 153 7 4.86 4.52 
3667 3087 35 66 52 35 153 0 4.86 4.54 
3839 3087 35 66 52 35 153 7 4.86 4.52 
4011 3087 35 66 52 35 153 10 4.86 4.52 
4183 3087 35 66 52 35 153 0 4.86 4.52 
4355 3087 35 66 52 35 153 0 4.86 4.52 
4527 3087 35 66 52 35 153 9 4.86 4.54 
4699 3087 35 66 52 35 153 6 4.86 4.52 
4871 3087 35 66 52 35 153 0 4.86 4.52 
5043 3087 35 66 52 35 153 4 4.86 4.52 
5215 3087 35 66 52 35 153 0 4.86 4.52 
5387 3087 35 66 52 35 153 0 4.86 4.52 
5559 3161 34 66 52 36 153 13 4.86 4.52 
5731 3087 35 66 52 35 153 0 4.86 4.52 
5903 3087 35 66 52 35 153 0 4.86 4.52 
6075 3087 35 66 52 35 153 0 4.86 4.52 
6247 3087 35 66 52 35 153 0 4.86 4.52 
6419 3087 35 66 52 35 153 0 4.84 4.52 
6591 3087 35 66 52 35 153 0 4.86 4.52 
6763 3161 34 66 52 36 153 2 4.84 4.52 
6935 3161 34 66 52 36 153 0 4.86 4.52 
7107 3161 34 66 52 36 153 0 4.86 4.52 
7279 3161 34 66 52 36 153 18 4.84 4.52 
7451 3161 34 66 52 36 153 0 4.86 4.52 
7623 3161 34 66 52 36 153 0 4.84 4.54 
7795 3161 34 66 52 36 153 7 4.86 4.52 
7967 3161 34 66 52 36 153 0 4.84 4.52 
8139 3161 34 66 52 36 153 7 4.86 4.52 
8311 3161 34 66 52 36 153 7 4.86 4.52 
8483 3161 34 66 52 36 153 0 4.86 4.52 
8655 3161 34 66 52 36 153 0 4.84 4.52 
8827 3161 34 66 52 36 153 5 4.86 4.52 
8999 3161 34 66 52 36 153 6 4.86 4.52 
9171 3161 34 66 52 36 153 0 4.86 4.52 
9343 3161 34 66 52 36 153 0 4.84 4.52 
9515 3161 34 66 52 36 153 0 4.86 4.52 
9687 3161 34 66 52 36 153 0 4.86 4.52 
9859 3161 34 66 52 36 153 7 4.86 4.52 
10031 3161 34 66 52 36 153 0 4.86 4.52 
10203 3161 34 66 52 36 153 0 4.86 4.52 
10375 3161 34 66 52 36 153 0 4.86 4.52 
10547 3087 35 66 52 35 153 0 4.86 4.52 
10719 3161 34 66 52 36 153 0 4.86 4.52 
10891 3161 34 66 52 36 153 0 4.86 4.52 
11063 3161 34 66 52 36 153 2 4.86 4.52 
11235 3161 34 66 52 36 153 0 4.86 4.52 
11407 3161 34 66 52 36 153 0 4.86 4.52 
11579 3161 34 66 52 36 153 21 4.86 4.52 
11751 3161 34 66 52 36 153 0 4.86 4.52 
11923 3161 34 66 52 36 153 0 4.86 4.52 
12095 3161 34 66 52 36 153 8 4.86 4.52 
12267 3161 34 66 52 36 153 0 4.86 4.52 
12439 3161 34 66 52 36 153 6 6.14 4.52 
12611 3161 34 66 52 36 153 7 4.86 4.52 
12783 3099 33 67 52 36 155 0 4.86 4.52 
12955 3126 35 67 53 36 156 0 4.86 4.52 
13127 6112 46 51 64 52 167 3 5.81 4.52 
13299 4418 36 61 56 44 161 6 5.81 4.52 
13471 3211 32 71 54 40 164 0 4.86 4.52 
13643 3380 31 65 51 38 153 0 4.86 4.52 
13815 3284 47 70 62 38 170 0 5.81 4.54 
13987 3360 48 70 63 39 172 0 5.81 4.52 
14159 4074 59 94 87 64 246 7 5.81 4.52 
14331 4152 74 114 107 79 301 0 4.86 5.49 
14503 3867 33 79 61 51 189 0 4.86 4.52 
14675 3719 27 76 55 48 178 0 16.15 4.52 
14847 3571 25 79 55 49 183 0 50.85 4.54 
15021 7621 36 57 62 58 178 0 47.84 4.52 
15195 10227 50 66 84 83 234 8 5.81 4.52 
15367 2890 35 90 63 48 200 0 4.86 4.52 
15539 2686 34 85 59 42 184 6 4.86 4.52 
15711 3579 118 131 138 77 350 6 5.81 4.52 
15883 3585 126 136 145 80 366 0 4.84 9.40 
16055 3577 142 152 163 89 409 0 16.46 4.52 
16227 3605 137 153 161 91 410 6 7.11 4.52 
16399 8777 36 79 74 75 229 6 15.83 4.52 
16571 12131 33 81 76 82 239 0 5.81 4.52 
16743 3980 76 101 101 68 273 0 4.86 4.52 
16915 3613 156 168 180 100 453 0 4.86 4.52 
17087 3567 106 121 125 71 320 0 4.86 4.52 
17259 2251 30 99 61 46 204 7 5.81 3.25 
17431 2450 35 102 66 49 215 0 4.86 4.52 
17603 7357 37 56 62 57 175 0 5.81 4.52 
17775 8857 40 54 66 63 184 0 5.81 4.52 
17947 7664 38 52 61 56 170 1 5.81 4.52 
18119 5669 36 52 55 46 154 0 4.86 4.52 
18291 6062 35 48 53 45 146 0 4.86 4.52 
18463 5829 36 49 54 45 149 4 5.81 4.52 
18635 5181 35 52 53 43 148 0 5.81 4.52 
18807 6216 37 53 58 50 160 0 4.86 4.52 
18979 6869 41 58 65 58 181 22 4.86 4.52 
19151 6216 37 53 58 50 161 0 5.81 4.52 
19323 5051 28 45 44 36 126 0 4.86 4.52 
19495 4645 29 51 47 38 136 8 4.86 4.52 
19667 3629 25 69 50 43 161 0 4.86 4.52 
19839 3577 26 65 49 40 153 6 4.86 4.52 
20011 3663 26 75 54 47 175 6 4.86 4.54 
20183 3576 24 82 56 51 189 0 4.86 4.52 
20355 3875 38 74 62 48 185 0 4.86 4.52 
20527 4153 92 135 130 94 362 2 4.86 4.52 
20699 4158 90 132 127 92 354 6 4.86 4.52 
20871 3834 53 79 74 51 205 0 4.86 4.52 
21043 3349 47 67 61 37 166 0 4.86 4.52 
21215 3396 47 66 61 37 166 0 4.86 4.52 
21387 3349 47 67 61 37 166 0 4.86 4.52 
21559 3349 47 67 61 37 166 7 4.86 4.52 
21731 3349 47 67 61 37 166 0 4.86 4.52 
21903 3349 47 67 61 37 167 0 4.84 4.52 
22075 3349 47 67 61 37 167 0 4.86 4.52 
22247 3349 47 67 61 37 167 0 4.86 4.52 
22419 3550 51 74 68 44 187 1 4.86 4.52 
22591 3449 53 75 69 43 189 0 5.81 4.52 
22763 3406 52 76 69 43 189 2 4.86 4.52 
22935 4067 70 104 99 71 276 0 4.86 4.52 
23107 4139 92 137 131 95 366 0 4.86 4.52 
23279 4137 92 134 129 93 359 20 4.86 4.52 
23451 4106 64 99 93 68 263 0 4.86 4.52 
23623 4104 64 96 91 66 255 0 5.81 4.54 
23795 3864 56 83 78 54 217 7 6.14 4.52 
23967 2861 77 112 95 49 257 0 4.86 4.52 
24139 2852 83 120 102 52 276 6 4.84 4.52 
24311 2830 83 121 102 52 276 6 4.86 4.52 
24483 2830 83 121 102 52 276 0 4.84 4.52 
24655 2830 83 121 102 52 276 0 5.81 4.54 
24827 2830 83 121 102 52 276 4 4.86 4.52 
24999 2829 81 117 99 50 268 5 4.86 4.52 
25171 3172 61 86 77 44 208 0 4.86 4.52 
25343 3193 60 85 76 44 206 0 4.86 4.54 
25515 3193 60 85 76 44 206 0 5.81 4.52 
25687 3193 60 85 76 44 206 0 4.86 4.52 
25859 2988 68 98 85 46 230 10 7.74 4.52 
26031 2715 102 147 122 58 332 0 4.86 5.49 
26203 1852 22 151 66 45 338 0 4.84 4.52 
26375 2216 26 104 62 51 204 0 4.86 4.52 
26547 2303 29 101 62 49 210 0 4.86 4.54 
26719 2669 94 138 113 53 308 1 5.81 4.52 
26891 3549 121 175 161 104 444 0 4.86 4.54 
27063 3833 60 126 102 81 310 0 4.86 5.49 
27235 4271 31 111 77 74 260 0 6.14 4.52 
27407 9039 96 115 151 143 412 0 7.75 4.54 
27579 1794 27 119 65 50 231 15 5.81 4.84 
27751 2802 55 113 84 55 253 0 10.42 3.25 
27923 3364 78 113 102 63 281 0 16.46 4.54 
28095 1624 24 134 67 51 248 0 4.86 4.52 
28267 8519 79 99 125 117 343 0 4.86 4.52 
28439 5278 37 112 85 82 278 7 4.86 4.52 
28611 3738 48 117 89 74 280 6 5.81 4.54 
28783 4070 116 168 162 115 449 0 4.86 5.49 
28955 2874 90 131 111 58 302 0 4.84 5.49 
29127 3041 60 87 76 42 208 7 4.86 4.52 
29299 3025 62 88 77 42 211 5 5.81 4.52 
29471 2903 62 88 76 39 206 0 4.86 4.52 
29643 2923 93 136 116 62 311 7 4.86 4.52 
29815 2773 86 124 104 51 280 0 5.83 3.25 
29987 2630 98 146 118 55 322 0 5.81 4.52 
30159 2636 101 149 121 56 329 21 4.86 3.25 
30331 2665 102 149 122 57 331 0 4.86 4.52 
30503 4062 114 167 160 114 445 0 4.86 5.81 
30675 3375 24 95 62 58 213 6 4.54 4.54 
30847 10961 61 85 106 107 299 0 8.38 4.54 
31019 2683 32 93 62 48 202 5 4.22 5.80 
31191 3596 154 169 179 100 455 4 4.86 4.52 
31363 4185 75 105 104 74 286 0 13.46 4.52 
31535 6784 45 86 82 77 246 0 9.08 4.52 
31707 9826 32 77 71 74 224 3 9.08 4.52 
31879 10010 32 74 69 72 216 5 9.08 4.52 
32051 10798 30 73 68 72 215 0 15.83 4.52 
32223 10183 31 72 68 71 212 3 4.84 4.52 
32395 3934 94 117 120 78 319 0 5.81 4.54 
32567 3537 102 122 123 71 319 0 5.81 4.52 
32739 2495 30 93 60 46 197 10 4.86 4.52 
32911 12505 57 73 99 102 275 0 4.86 4.52 
33083 11517 55 69 93 94 257 0 4.86 4.52 
33255 11393 53 69 91 92 252 0 4.86 4.52 
33427 11393 53 69 91 92 253 0 4.86 4.52 
33599 11393 53 69 91 92 254 1 4.84 4.54 
33771 10984 55 69 92 92 254 0 4.86 4.54 
33943 11456 54 69 92 93 254 0 4.86 4.52 
34115 11456 54 69 92 93 254 0 4.84 4.52 
34287 11456 54 69 92 93 255 0 4.86 4.52 
34459 11456 54 69 92 93 255 13 4.86 4.54 
34631 11456 54 69 92 93 255 0 4.86 4.52 
34803 11456 54 69 92 93 255 0 4.86 4.52 
34975 11456 54 69 92 93 255 1 4.86 4.54 
35147 11366 54 70 92 93 255 0 4.84 4.52 
35319 11366 54 70 92 93 255 7 4.86 4.52 
35491 11366 54 70 92 93 255 2 4.86 4.52 
35663 11366 54 70 92 93 255 0 4.86 4.52 
35835 11366 54 70 92 93 255 0 4.86 4.52 
36007 11366 54 70 92 93 255 5 4.84 4.52 
36179 11366 54 70 92 93 255 0 4.86 4.52 
36351 11366 54 70 92 93 255 0 4.86 4.52 
36523 11366 54 70 92 93 255 8 4.84 4.54 
36695 11366 54 70 92 93 255 0 4.86 4.52 
36867 11366 54 70 92 93 255 0 4.86 4.52 
37039 11366 54 70 92 93 256 25 4.86 4.52 
37211 11366 54 70 92 93 256 0 4.86 4.52 
37383 11366 54 70 92 93 256 0 4.86 4.52 
37555 11366 54 70 92 93 256 9 4.84 4.52 
37727 11366 54 70 92 93 256 0 4.86 4.54 
37899 11366 54 70 92 93 256 6 4.86 4.52 
38071 11366 54 70 92 93 256 9 4.86 4.52 
38243 11366 54 70 92 93 256 0 4.86 4.54 
