=~=~=~=~=~=~=~=~=~=~=~= PuTTY log 2025.11.28 03:20:44 =~=~=~=~=~=~=~=~=~=~=~=
ets Jul 29 2019 12:21:46

rst:0x1 (POWERON_RESET),boot:0x13 (SPI_FAST_FLASH_BOOT)
configsip: 0, SPIWP:0xee
clk_drv:0x00,q_drv:0x00,d_drv:0x00,cs0_drv:0x00,hd_drv:0x00,wp_drv:0x00
mode:DIO, clock div:1
load:0x3fff0030,len:4980
load:0x40078000,len:16612
load:0x40080400,len:3480
entry 0x400805b4
Found sensor
Milis - ColorTemp - Lux - R - G - B - C - Pot - UsensA - UsensB

399 6427 52 53 71 58 183 10 56.87 56.88 
577 6427 52 53 71 58 183 11 57.29 57.43 
755 6427 52 53 71 58 183 0 56.87 57.02 
933 6427 52 53 71 58 183 0 56.88 57.43 
1111 6427 52 53 71 58 183 9 56.87 55.78 
1289 6427 52 53 71 58 183 0 56.87 57.43 
1467 6427 52 53 71 58 183 0 56.88 57.00 
1645 6427 52 53 71 58 183 3 57.26 57.43 
1823 6427 52 53 71 58 183 0 57.26 57.43 
2001 6427 52 53 71 58 183 0 57.26 57.43 
2179 6427 52 53 71 58 183 11 57.27 57.43 
2357 6427 52 53 71 58 183 0 57.24 57.87 
2535 6427 52 53 71 58 183 0 57.27 57.00 
2713 6427 52 53 71 58 183 0 57.26 57.44 
2891 6427 52 53 71 58 183 4 57.27 57.44 
3069 6427 52 53 71 58 183 0 57.26 57.87 
3247 6427 52 53 71 58 183 0 57.24 57.44 
3425 6427 52 53 71 58 183 10 57.24 57.43 
3603 6427 52 53 71 58 183 0 57.26 57.43 
3781 6427 52 53 71 58 183 0 57.27 57.44 
3959 6427 52 53 71 58 183 24 57.26 57.43 
4137 6427 52 53 71 58 183 0 57.26 57.43 
4315 6427 52 53 71 58 183 0 57.26 57.44 
4493 6427 52 53 71 58 183 5 57.27 57.43 
4671 6427 52 53 71 58 183 0 57.26 57.43 
4849 6427 52 53 71 58 183 0 57.26 57.43 
5027 6427 52 53 71 58 183 0 57.26 57.43 
5205 6427 52 53 71 58 183 0 57.26 57.43 
5383 6427 52 53 71 58 183 0 57.26 57.43 
5561 6427 52 53 71 58 183 0 57.26 57.43 
5739 6427 52 53 71 58 183 15 57.26 57.44 
5917 6427 52 53 71 58 183 0 57.26 57.44 
6095 6427 52 53 71 58 183 0 57.26 57.43 
6273 6427 52 53 71 58 183 8 57.24 57.43 
6451 6427 52 53 71 58 183 0 57.26 57.44 
6629 6427 52 53 71 58 183 0 57.26 57.87 
6807 6427 52 53 71 58 183 11 57.26 57.43 
6985 6427 52 53 71 58 183 0 57.26 57.73 
7163 6427 52 53 71 58 183 0 57.26 57.44 
7341 6427 52 53 71 58 183 9 57.24 57.43 
7519 6427 52 53 71 58 183 2 56.85 57.44 
7697 6427 52 53 71 58 183 0 57.26 57.43 
7875 6427 52 53 71 58 183 2 57.26 57.43 
8053 6427 52 53 71 58 183 0 57.26 57.43 
8231 6427 52 53 71 58 183 0 57.27 57.43 
8409 6427 52 53 71 58 183 0 57.26 57.46 
8587 6427 52 53 71 58 183 0 57.26 57.44 
8765 6427 52 53 71 58 183 0 56.83 57.43 
8943 6427 52 53 71 58 183 0 56.83 57.41 
9121 6427 52 53 71 58 183 3 57.26 57.43 
9299 6427 52 53 71 58 183 2 57.26 57.73 
9477 6427 52 53 71 58 183 0 57.24 57.73 
9655 6427 52 53 71 58 183 10 57.24 57.73 
9833 6427 52 53 71 58 183 0 57.26 57.44 
10011 6427 52 53 71 58 183 0 57.26 57.44 
10189 6427 52 53 71 58 183 10 57.26 57.73 
10367 6427 52 53 71 58 183 0 57.26 57.44 
10545 6427 52 53 71 58 183 0 57.24 57.44 
10723 6427 52 53 71 58 183 5 57.24 57.43 
10901 6427 52 53 71 58 183 0 57.26 57.87 
11079 6427 52 53 71 58 183 0 57.24 57.43 
11257 6427 52 53 71 58 183 2 57.24 57.43 
11435 6427 52 53 71 58 183 0 57.26 57.44 
11613 6427 52 53 71 58 183 0 57.24 57.43 
11791 6427 52 53 71 58 183 0 57.26 57.43 
11969 6427 52 53 71 58 183 0 56.83 57.43 
12147 6427 52 53 71 58 183 0 57.26 57.46 
12325 6427 52 53 71 58 183 0 57.26 57.44 
12503 6427 52 53 71 58 183 0 57.26 57.44 
12681 6427 52 53 71 58 183 0 56.85 57.44 
12859 6427 52 53 71 58 183 3 57.24 57.43 
13037 6427 52 53 71 58 183 5 57.24 57.73 
13215 6427 52 53 71 58 183 0 57.26 57.44 
13393 6427 52 53 71 58 183 0 57.24 57.73 
13571 6427 52 53 71 58 183 8 57.24 57.46 
13749 6427 52 53 71 58 183 0 57.26 57.43 
13927 6427 52 53 71 58 183 0 57.26 57.46 
14105 6427 52 53 71 58 183 8 57.24 57.87 
14283 6427 52 53 71 58 183 0 57.29 57.03 
14461 6427 52 53 71 58 183 0 57.29 57.03 
14639 6427 52 53 71 58 183 32 57.27 57.02 
14817 6427 52 53 71 58 183 0 57.27 57.00 
14995 6427 52 53 71 58 183 0 56.85 57.44 
15173 6427 52 53 71 58 183 11 56.87 56.58 
15351 6427 52 53 71 58 184 0 56.87 57.03 
15529 6427 52 53 71 58 183 0 57.29 57.44 
15707 6427 52 53 71 58 183 6 56.87 56.17 
15885 6427 52 53 71 58 183 0 57.27 56.59 
16063 6427 52 53 71 58 183 0 57.27 55.90 
16241 6427 52 53 71 58 183 1 57.68 55.91 
16419 6427 52 53 71 58 183 19 57.68 56.63 
16597 6427 52 53 71 58 183 0 57.70 56.63 
16775 6427 52 53 71 58 183 0 58.07 55.90 
16953 6427 52 53 71 58 183 3 57.68 55.91 
17131 6427 52 53 71 58 183 0 58.07 55.90 
17309 6427 52 53 71 58 183 0 21.52 53.29 
17485 6427 52 53 71 58 183 0 16.46 52.46 
17660 6135 46 52 65 53 170 0 16.46 49.27 
17835 3299 32 71 54 41 166 0 49.33 46.97 
18012 3241 33 66 52 37 154 0 10.44 45.39 
18186 3238 50 75 66 40 181 6 9.08 45.99 
18360 3211 51 76 67 40 184 0 48.99 10.06 
18535 3313 47 71 63 39 172 0 48.99 8.06 
18710 3968 41 63 59 42 166 0 49.33 8.38 
18885 4002 42 64 60 43 168 0 49.33 42.60 
19062 3978 45 72 66 48 187 0 49.01 42.60 
19239 4001 47 73 68 49 191 21 45.65 41.77 
19415 4072 47 75 69 51 196 0 6.46 39.71 
19589 4006 48 76 70 51 198 5 8.07 40.61 
19763 4062 48 75 70 51 197 0 43.47 6.78 
19937 4062 48 75 70 51 197 12 42.69 4.52 
20111 4099 47 73 68 50 191 0 42.67 5.81 
20285 4041 46 74 68 50 192 0 46.26 9.06 
20459 4041 46 74 68 50 193 0 47.63 9.08 
20633 4041 46 74 68 50 193 0 47.63 6.77 
20807 4041 46 74 68 50 193 0 47.63 39.49 
20983 4041 46 74 68 50 193 0 47.63 39.49 
21159 4041 46 74 68 50 193 0 43.10 39.03 
21335 4041 46 74 68 50 193 0 48.43 39.47 
21511 4032 48 74 69 50 193 0 3.57 39.03 
21685 4032 48 74 69 50 193 0 42.67 4.52 
21859 4032 48 74 69 50 194 6 4.84 5.81 
22031 4032 48 74 69 50 194 0 4.86 5.81 
22203 4032 48 74 69 50 194 6 4.86 5.81 
22375 4032 48 74 69 50 194 0 4.84 5.81 
22547 4032 48 74 69 50 194 0 4.84 4.52 
22719 4041 46 74 68 50 192 12 4.84 4.52 
22891 3730 30 65 52 41 157 0 4.86 4.52 
23063 5142 34 64 58 50 172 0 4.86 4.52 
23235 5889 36 55 57 49 161 0 4.86 4.52 
23407 3035 35 78 58 42 177 18 4.84 4.52 
23579 2964 33 77 56 41 173 0 4.86 4.52 
23751 3153 39 74 59 40 174 0 4.86 4.52 
23923 3605 100 111 117 66 297 7 4.84 3.25 
24095 5405 41 69 67 57 194 0 4.86 4.52 
24267 8436 29 61 58 58 177 0 4.86 4.52 
24439 5620 32 72 62 57 192 30 9.08 4.52 
24611 3254 46 125 89 73 287 0 25.87 4.52 
24784 3245 53 155 108 91 353 0 26.45 4.52 
24957 3233 52 152 106 89 345 5 26.47 4.52 
25130 3190 52 153 106 89 347 0 26.74 28.15 
25304 3233 52 152 106 89 346 13 27.32 8.04 
25477 3233 52 152 106 89 346 0 4.84 6.77 
25649 3233 52 152 106 89 345 0 27.32 6.77 
25822 3162 51 152 105 88 344 11 27.32 6.77 
25995 3205 52 151 105 88 344 0 27.32 16.44 
26169 3205 52 151 105 88 344 0 8.06 28.97 
26342 3205 52 151 105 88 344 0 8.07 28.42 
26515 3205 52 151 105 88 343 0 9.76 11.42 
26687 3205 52 151 105 88 343 10 16.44 15.79 
26860 3190 52 153 106 89 348 0 19.96 19.91 
27034 3319 45 125 89 74 288 0 42.87 46.97 
27210 7681 28 59 55 54 169 0 48.82 9.74 
27385 9068 28 61 58 59 178 0 55.08 42.42 
27562 3822 60 76 77 49 203 0 61.01 51.95 
27740 3614 66 80 81 48 210 20 64.07 48.76 
27918 2822 32 76 54 39 189 0 55.86 46.56 
28095 3497 30 57 47 34 138 0 61.98 46.58 
28273 3096 34 72 55 39 166 36 61.15 44.39 
28450 3231 38 80 62 45 186 0 57.80 55.51 
28628 3036 34 73 55 39 165 0 56.56 46.58 
28805 3148 31 67 51 37 154 31 51.71 51.29 
28982 3096 34 72 55 39 165 0 19.94 49.61 
29157 3645 54 69 68 42 180 41 20.89 19.58 
29331 3639 78 91 94 55 241 0 55.08 16.42 
29506 3651 72 84 87 51 224 0 55.59 15.79 
29681 3609 96 109 114 65 290 0 16.46 12.77 
29854 2893 39 84 62 43 188 27 16.13 42.62 
30029 2561 31 84 56 41 180 0 16.15 42.23 
30204 2617 27 71 48 35 155 6 45.44 42.19 
30380 2694 29 74 51 37 160 0 9.42 39.69 
30554 2486 40 117 76 57 247 6 10.76 16.12 
30727 2362 34 104 66 49 217 0 37.96 17.37 
30901 2702 40 105 72 53 232 0 37.96 38.11 
31077 2734 41 106 73 54 235 0 37.96 8.72 
31251 2734 41 106 73 54 236 0 40.46 37.67 
31427 2734 41 106 73 54 236 0 38.40 4.52 
31601 2778 40 106 73 55 236 0 38.42 39.25 
31777 2810 42 106 74 55 236 0 9.08 39.25 
31951 2810 42 106 74 55 236 0 40.46 38.81 
32127 2810 42 106 74 55 236 0 4.84 4.52 
32299 2810 42 106 74 55 236 5 4.86 5.80 
32471 2810 42 106 74 55 236 5 4.86 4.52 
32643 2810 42 106 74 55 236 2 16.46 7.09 
32816 2810 42 106 74 55 236 0 38.40 17.37 
32990 2810 42 106 74 55 236 21 38.40 13.45 
33164 2810 42 106 74 55 236 0 4.86 11.08 
33336 2810 42 106 74 55 236 0 4.86 9.74 
33508 2810 42 106 74 55 236 10 4.86 9.74 
33680 2810 42 106 74 55 236 0 4.86 9.74 
33852 2810 42 106 74 55 236 0 4.86 9.74 
34024 2810 42 106 74 55 236 15 4.86 11.08 
34196 2810 42 106 74 55 236 0 4.86 11.08 
34368 2810 42 106 74 55 236 0 4.84 11.08 
34540 2810 42 106 74 55 236 19 4.86 5.81 
34712 2810 42 106 74 55 236 0 38.40 4.52 
34886 2810 42 106 74 55 236 0 38.40 16.44 
35060 2810 42 106 74 55 236 0 37.94 38.81 
35236 2810 42 106 74 55 236 0 7.41 9.40 
35408 2810 42 106 74 55 236 9 7.43 16.12 
35581 2810 42 106 74 55 236 0 7.43 11.42 
35753 2810 42 106 74 55 236 0 39.54 37.67 
35929 2810 42 106 74 55 236 0 10.10 39.27 
36103 2810 42 106 74 55 236 0 37.94 8.06 
36277 2810 42 106 74 55 236 1 43.06 9.40 
36451 2567 35 96 64 47 208 0 3.59 36.97 
36625 2308 30 96 60 45 200 13 35.67 36.29 
36800 2512 29 84 55 41 180 0 35.67 6.75 
36974 3858 32 54 48 35 138 15 35.67 8.04 
37148 3947 31 53 47 35 135 0 35.67 9.38 
37322 3947 31 53 47 35 135 4 35.68 8.06 
37496 3947 31 53 47 35 135 0 35.68 35.82 
37671 3947 31 53 47 35 135 0 35.67 4.52 
37845 3947 31 53 47 35 135 0 35.67 4.51 
38019 3947 31 53 47 35 135 0 4.84 4.52 
38191 3947 31 53 47 35 135 16 4.84 4.52 
38363 3947 31 53 47 35 135 0 4.86 5.81 
38535 4089 29 50 45 34 130 0 4.86 4.52 
38707 9059 45 60 74 71 205 10 4.86 4.52 
38879 9825 49 63 81 79 222 6 4.86 5.80 
39051 9621 49 67 83 81 232 0 4.86 4.52 
39223 2266 28 94 58 44 194 5 4.84 4.52 
39395 2296 33 102 64 47 212 0 4.86 4.52 
39567 3605 141 158 166 94 424 0 4.86 4.52 
39739 3593 130 150 155 89 399 13 4.86 4.52 
39911 7121 39 79 74 71 224 0 16.46 18.33 
40084 9166 37 84 78 80 242 0 15.50 8.06 
40257 8529 36 82 75 76 233 6 4.86 18.34 
40430 9047 35 82 75 77 233 0 4.86 18.65 
40603 9047 35 82 75 77 233 0 9.42 19.60 
40776 8175 36 80 74 74 228 5 18.04 19.28 
40949 3627 120 138 143 83 368 0 15.83 15.79 
41122 3591 143 159 167 94 425 0 28.75 21.49 
41296 2384 35 101 65 47 212 0 34.94 29.73 
41471 2315 29 93 58 44 194 0 49.16 47.77 
41648 10260 52 69 88 87 244 0 47.63 50.10 
41825 10305 47 61 79 78 218 11 52.38 49.25 
42002 5849 33 54 54 47 155 0 55.40 55.47 
42180 3678 26 67 50 42 158 0 55.06 54.84 
42358 3654 24 75 53 47 174 13 55.40 50.95 
42535 3698 24 73 52 46 170 0 55.57 53.11 
42713 3709 27 62 48 39 147 0 56.69 51.80 
42891 3933 26 55 45 36 135 16 56.13 51.27 
43068 4074 27 63 50 42 154 0 61.42 49.25 
43246 3834 25 67 50 43 159 30 55.71 55.62 
43424 3646 25 72 52 45 168 20 17.41 42.40 
43599 3365 22 87 57 53 197 0 16.76 43.40 
43774 4106 81 119 114 82 318 17 18.04 44.40 
43949 4165 116 169 163 118 454 0 17.71 18.65 
44122 4066 101 151 143 103 399 0 18.36 16.12 
44295 4131 112 163 157 113 435 30 35.44 16.12 
44469 4148 117 171 165 119 459 0 16.44 16.12 
44642 4153 108 158 152 110 424 71 15.50 15.79 
44815 4126 107 156 150 108 417 0 15.83 16.44 
44988 4148 110 161 155 112 432 0 16.13 15.79 
45161 4131 112 163 157 113 436 39 15.83 16.42 
45334 4093 82 124 117 85 326 0 15.83 55.91 
45509 4112 73 112 105 77 295 60 15.83 40.41 
45683 4085 74 111 105 76 294 0 15.83 16.75 
45856 4085 74 111 105 76 295 0 50.35 38.57 
46032 4085 74 111 105 76 294 0 9.76 36.99 
46206 3544 66 96 88 57 244 0 7.43 39.49 
46380 2603 115 168 136 61 370 10 7.43 39.49 
46554 2617 120 173 141 63 382 0 9.76 8.04 
46726 2617 120 173 141 63 382 50 9.42 36.06 
46900 2617 120 173 141 63 381 0 29.53 16.42 
47074 2624 122 175 143 64 387 10 29.00 32.56 
47249 2617 120 173 141 63 381 0 4.86 36.75 
47423 2619 119 172 140 63 379 0 42.28 9.74 
47597 2623 118 170 139 62 376 0 42.28 8.06 
47771 3114 46 77 64 40 235 0 42.28 11.76 
47945 3039 45 77 63 39 180 11 42.28 15.79 
48120 3039 45 77 63 39 180 0 42.28 32.57 
48296 3039 45 77 63 39 180 8 42.28 18.65 
48471 3039 45 77 63 39 180 0 42.28 20.23 
48646 3039 45 77 63 39 180 7 42.28 22.10 
48821 3039 45 77 63 39 180 0 42.28 22.98 
48996 3039 45 77 63 39 180 6 42.28 32.04 
49172 3039 45 77 63 39 180 0 42.28 32.06 
49348 3039 45 77 63 39 180 0 42.28 32.04 
49524 3039 45 77 63 39 180 0 42.48 32.04 
49700 3039 45 77 63 39 180 0 38.88 32.04 
49875 3039 45 77 63 39 180 6 22.73 32.03 
50049 3039 45 77 63 39 180 0 22.15 32.06 
50223 3039 45 77 63 39 180 0 18.97 32.04 
50397 3039 45 77 63 39 180 0 17.73 32.04 
50571 3039 45 77 63 39 180 0 17.41 32.06 
50745 3039 45 77 63 39 180 10 16.46 15.79 
50918 3135 43 74 61 39 174 0 42.28 16.42 
51093 2390 27 93 58 46 196 14 16.46 15.79 
51266 2085 27 108 63 51 218 0 15.83 16.42 
51439 1877 23 112 62 52 222 0 16.46 15.49 
51612 1898 24 113 63 52 224 11 16.13 15.79 
51785 2064 28 123 71 59 251 0 14.82 29.22 
51959 1883 23 110 61 51 219 15 35.19 29.22 
52134 1815 22 110 60 50 216 0 37.04 34.87 
52309 2223 24 92 55 45 189 9 35.67 33.30 
52484 1633 17 112 57 49 214 0 35.44 16.42 
52658 1855 20 98 54 45 194 0 67.98 33.59 
52835 2215 22 85 51 41 176 0 34.15 36.28 
53010 2742 24 72 48 38 158 14 34.15 36.31 
53185 5440 59 78 86 69 233 0 9.08 15.81 
53358 5961 75 86 105 85 276 0 28.75 29.21 
53533 6788 102 105 142 119 368 0 8.74 22.68 
53706 6823 110 109 151 126 388 0 11.78 22.69 
53879 6977 119 116 163 137 420 9 10.76 8.06 
54051 6977 119 116 163 137 420 0 28.75 6.78 
54224 6991 120 118 165 139 425 0 26.74 29.48 
54398 6958 120 119 165 139 426 0 3.57 18.63 
54570 6618 95 100 132 110 343 0 3.59 17.37 
54742 6237 87 94 120 98 314 0 3.57 17.70 
54914 6666 104 109 145 121 378 0 6.78 16.44 
55087 4012 52 85 77 57 220 0 15.83 64.41 
55263 2687 39 89 63 43 195 1 11.78 59.24 
55438 3497 41 74 62 44 180 0 11.10 10.08 
55610 4991 64 83 90 69 246 8 15.50 59.67 
55786 6208 87 96 121 99 319 0 22.15 14.79 
55959 6015 83 94 116 94 308 0 16.44 47.55 
56134 6015 83 94 116 94 308 0 16.44 49.25 
56309 6015 83 94 116 94 308 0 65.87 15.79 
56485 6015 83 94 116 94 308 0 63.22 14.81 
56661 4529 66 96 95 72 266 9 15.83 13.46 
56834 1747 50 167 91 53 308 0 61.97 13.11 
57010 1736 54 179 97 56 330 0 58.19 6.77 
57185 3793 75 130 113 83 327 0 55.83 7.74 
57360 6975 123 127 172 146 449 1 55.83 8.04 
57535 7013 124 127 173 147 450 0 55.85 50.97 
57712 7013 124 127 173 147 450 9 55.85 55.74 
57890 7013 124 127 173 147 450 0 55.83 15.13 
58065 7013 124 127 173 147 451 0 55.85 15.79 
58240 7013 124 127 173 147 451 0 55.71 16.42 
58415 7013 124 127 173 147 451 0 18.04 16.42 
58588 6875 120 124 167 141 435 0 14.82 55.62 
58763 6719 108 115 151 127 397 4 53.21 55.91 
58941 6316 76 88 108 90 289 0 52.72 59.94 
59119 6063 71 84 101 83 271 0 52.21 55.90 
59297 6120 69 83 99 82 266 6 52.36 56.05 
59475 4742 48 85 78 64 228 0 9.76 48.93 
59650 1753 21 114 61 52 224 0 9.08 55.62 
59825 1899 14 139 64 56 254 0 49.66 10.74 
60000 2145 13 144 65 58 262 0 49.16 9.40 
60175 1730 18 152 72 63 283 0 48.81 15.79 
60350 2127 14 151 68 60 275 0 48.62 55.78 
60527 1625 18 128 63 54 242 1 8.74 53.79 
60702 1755 16 142 67 59 264 0 8.74 51.46 
60877 1778 15 142 67 60 264 0 47.82 9.74 
61052 1790 27 125 68 54 245 0 48.25 9.74 
61227 2665 102 149 122 57 332 0 47.45 6.77 
61401 2648 102 150 122 57 332 0 47.23 51.95 
61578 2511 140 205 163 68 442 5 48.62 50.61 
61755 2506 130 192 152 64 412 0 47.24 50.58 
61932 2510 130 190 151 63 410 0 47.24 52.80 
62109 2510 130 190 151 63 410 0 4.84 52.78 
62284 2510 130 190 151 63 410 0 4.84 48.93 
62458 2498 130 191 151 63 410 0 4.86 51.94 
62632 2509 131 191 152 63 410 0 4.86 48.93 
62806 2509 131 191 152 63 410 0 30.55 42.60 
62981 2499 141 207 164 68 445 0 47.06 4.52 
63155 2646 101 145 119 54 322 0 4.86 36.97 
63329 2581 120 173 140 61 381 11 39.78 38.33 
63505 3116 73 104 92 52 253 0 16.46 4.52 
63677 4139 83 113 113 79 312 4 4.86 5.81 
63849 3491 38 94 70 57 222 0 7.75 20.54 
64022 6230 67 105 109 96 310 0 4.84 8.06 
64194 2138 31 116 69 54 236 3 4.84 9.40 
64366 3515 137 163 164 94 424 0 11.10 4.52 
64538 5994 44 87 80 73 241 0 11.44 5.81 
64710 9447 36 88 80 83 250 0 12.80 7.74 
64882 9574 37 87 80 83 247 0 11.44 5.49 
65054 9574 37 87 80 83 247 0 11.44 5.49 
65226 9574 37 87 80 83 247 0 11.44 5.49 
65398 9574 37 87 80 83 247 4 15.16 7.09 
65570 5485 50 89 84 73 247 0 16.76 15.15 
65743 3476 117 144 142 82 370 0 27.03 19.58 
65917 3170 34 86 62 49 196 0 33.66 33.85 
66092 7212 58 112 108 103 323 0 40.24 37.45 
66268 2956 29 125 78 73 274 0 40.92 32.32 
66443 3995 160 232 222 156 616 0 42.47 37.43 
66619 4045 167 241 232 164 644 0 40.92 32.30 
66794 4045 167 241 232 164 644 2 42.06 37.88 
66970 4045 167 241 232 164 644 0 42.04 37.89 
67146 4045 167 241 232 164 644 12 42.04 38.35 
67322 4045 167 241 232 164 644 0 42.06 36.97 
67498 4045 167 241 232 164 644 5 42.06 36.99 
67674 4045 167 241 232 164 644 0 42.04 37.43 
67850 4045 167 241 232 164 645 0 42.06 37.89 
68026 4045 167 241 232 164 645 0 42.06 40.41 
68202 4045 167 241 232 164 645 0 42.06 37.89 
68378 4045 167 241 232 164 645 3 42.47 37.89 
68554 4045 167 241 232 164 645 0 42.48 37.89 
68730 4045 167 241 232 164 645 11 42.06 37.89 
68906 4045 167 241 232 164 645 0 42.47 37.91 
69082 4045 167 241 232 164 645 0 42.06 37.89 
69258 4045 167 241 232 164 645 0 42.04 37.89 
69434 4045 167 241 232 164 645 0 42.06 37.89 
69610 4045 167 241 232 164 645 0 42.06 37.91 
69786 4045 167 241 232 164 645 0 42.06 37.89 
69962 4045 167 241 232 164 645 12 42.06 37.43 
70138 4045 167 241 232 164 645 0 42.06 36.53 
70314 4045 167 241 232 164 645 11 42.06 37.89 
70490 4042 169 241 233 164 645 0 42.04 37.89 
70666 4042 169 241 233 164 645 0 42.08 40.41 
70842 4042 169 241 233 164 645 0 42.06 37.89 
71018 4042 169 241 233 164 646 0 42.06 37.89 
71194 4042 169 241 233 164 646 0 42.04 37.89 
71370 4042 169 241 233 164 646 0 42.04 38.35 
71546 4042 169 241 233 164 646 16 42.06 37.89 
71722 4042 169 241 233 164 646 0 42.06 37.89 
71898 4042 169 241 233 164 646 4 42.04 40.41 
72074 4042 169 241 233 164 646 0 42.04 37.89 
72250 4042 169 241 233 164 646 0 42.04 37.89 
72426 4042 169 241 233 164 646 0 42.06 37.89 
