=~=~=~=~=~=~=~=~=~=~=~= PuTTY log 2025.11.28 01:46:44 =~=~=~=~=~=~=~=~=~=~=~=
ets Jul 29 2019 12:21:46

rst:0x1 (POWERON_RESET),boot:0x13 (SPI_FAST_FLASH_BOOT)
configsip: 0, SPIWP:0xee
clk_drv:0x00,q_drv:0x00,d_drv:0x00,cs0_drv:0x00,hd_drv:0x00,wp_drv:0x00
mode:DIO, clock div:1
load:0x3fff0030,len:4980
load:0x40078000,len:16612
load:0x40080400,len:3480
entry 0x400805b4
Found sensor
Milis - ColorTemp - Lux - R - G - B - C - Pot - UsensA - UsensB

399 7518 61 56 84 72 213 9 58.12 58.12 
577 7518 61 56 84 72 213 5 57.83 58.12 
755 7518 61 56 84 72 213 0 57.73 57.17 
933 7518 61 56 84 72 213 0 57.82 55.90 
1111 7518 61 56 84 72 213 3 57.82 57.17 
1289 7518 61 56 84 72 213 0 57.82 55.90 
1467 7518 61 56 84 72 213 0 57.82 55.91 
1645 7518 61 56 84 72 213 0 57.78 57.15 
1823 7518 61 56 84 72 213 0 57.80 55.91 
2001 7518 61 56 84 72 213 0 57.78 55.91 
2179 7518 61 56 84 72 213 7 57.78 55.90 
2357 7518 61 56 84 72 213 0 57.80 57.17 
2535 7518 61 56 84 72 213 0 57.82 57.17 
2713 7518 61 56 84 72 213 0 57.80 55.91 
2891 7518 61 56 84 72 213 0 57.80 56.73 
3069 7518 61 56 84 72 213 0 57.80 55.90 
3247 7518 61 56 84 72 213 0 57.80 55.93 
3425 7518 61 56 84 72 213 5 57.80 57.17 
3603 7518 61 56 84 72 213 0 57.80 57.58 
3781 7518 61 56 84 72 213 0 57.80 56.75 
3959 7452 61 57 84 72 213 20 57.80 57.17 
4137 7452 61 57 84 72 213 0 57.82 57.19 
4315 7452 61 57 84 72 213 0 57.80 55.91 
4493 7518 61 56 84 72 213 2 57.80 55.91 
4671 7518 61 56 84 72 213 0 57.80 58.00 
4849 7452 61 57 84 72 213 0 57.80 55.93 
5027 7518 61 56 84 72 213 0 57.82 57.60 
5205 7452 61 57 84 72 213 0 57.82 56.32 
5383 7452 61 57 84 72 213 0 57.80 56.32 
5561 7452 61 57 84 72 213 0 57.80 55.91 
5739 7452 61 57 84 72 213 8 57.82 57.15 
5917 7518 61 56 84 72 213 0 57.80 55.91 
6095 7452 61 57 84 72 213 0 57.82 55.91 
6273 7452 61 57 84 72 213 0 57.82 55.91 
6451 7452 61 57 84 72 213 0 57.82 55.90 
6629 7518 61 56 84 72 213 0 57.82 55.90 
6807 7452 61 57 84 72 213 4 57.80 55.91 
6985 7452 61 57 84 72 213 0 57.80 55.90 
7163 7452 61 57 84 72 213 0 57.80 55.90 
7341 7452 61 57 84 72 213 6 57.80 55.91 
7519 7452 61 57 84 72 213 2 57.78 55.90 
7697 7518 61 56 84 72 213 0 57.80 55.91 
7875 7452 61 57 84 72 213 3 57.80 57.17 
8053 7452 61 57 84 72 213 0 57.80 55.91 
8231 7452 61 57 84 72 213 0 57.78 55.91 
8409 7452 61 57 84 72 213 0 57.80 55.90 
8587 7452 61 57 84 72 213 0 57.80 55.90 
8765 7452 61 57 84 72 213 0 57.80 55.91 
8943 7518 61 56 84 72 213 0 57.82 55.90 
9121 7452 61 57 84 72 213 0 57.80 55.91 
9299 7452 61 57 84 72 213 0 57.80 55.91 
9477 7452 61 57 84 72 213 0 57.82 55.91 
9655 7452 61 57 84 72 213 0 57.80 55.90 
9833 7452 61 57 84 72 213 0 57.80 55.91 
10011 7452 61 57 84 72 213 0 57.80 56.34 
10189 7452 61 57 84 72 213 3 57.82 55.90 
10367 7452 61 57 84 72 213 0 57.80 55.90 
10545 7452 61 57 84 72 213 0 57.80 55.90 
10723 7452 61 57 84 72 213 6 57.82 55.90 
10901 7452 61 57 84 72 213 0 57.82 56.75 
11079 7452 61 57 84 72 213 0 57.80 55.90 
11257 7452 61 57 84 72 213 3 57.80 55.90 
11435 7452 61 57 84 72 213 0 57.80 55.91 
11613 7452 61 57 84 72 213 0 57.82 55.90 
11791 7452 61 57 84 72 213 0 57.82 57.56 
11969 7452 61 57 84 72 213 0 57.82 57.56 
12147 7452 61 57 84 72 213 0 57.80 57.15 
12325 7452 61 57 84 72 213 0 57.78 55.90 
12503 7518 61 56 84 72 213 0 57.80 57.17 
12681 7452 61 57 84 72 213 0 57.80 55.91 
12859 7452 61 57 84 72 213 4 57.80 56.76 
13037 7452 61 57 84 72 213 0 57.82 57.17 
13215 7452 61 57 84 72 213 0 57.80 55.90 
13393 7452 61 57 84 72 213 0 57.80 55.91 
13571 7452 61 57 84 72 213 4 57.80 55.90 
13749 7452 61 57 84 72 213 0 57.80 55.90 
13927 7452 61 57 84 72 213 0 57.80 57.15 
14105 7452 61 57 84 72 213 6 57.80 57.17 
14283 7452 61 57 84 72 213 0 57.78 57.17 
14461 7452 61 57 84 72 213 0 57.82 56.75 
14639 7452 61 57 84 72 213 18 57.80 55.91 
14817 7452 61 57 84 72 213 0 57.80 58.11 
14995 7452 61 57 84 72 213 0 57.80 55.93 
15173 7452 61 57 84 72 213 0 57.78 56.75 
15351 7452 61 57 84 72 213 0 57.80 57.19 
15529 7452 61 57 84 72 213 0 57.78 57.15 
15707 7452 61 57 84 72 213 0 57.80 55.90 
15885 7452 61 57 84 72 213 0 57.78 57.14 
16063 7452 61 57 84 72 213 0 57.80 55.91 
16241 7452 61 57 84 72 213 0 57.80 56.32 
16419 7452 61 57 84 72 213 13 57.80 57.58 
16597 7452 61 57 84 72 213 0 57.80 55.91 
16775 7452 61 57 84 72 213 0 57.80 56.75 
16953 7518 61 56 84 72 213 2 57.78 55.91 
17131 7452 61 57 84 72 213 0 57.80 57.99 
17309 7452 61 57 84 72 213 0 57.80 55.91 
17487 7452 61 57 84 72 213 4 57.83 55.90 
17665 7452 61 57 84 72 213 0 57.82 57.56 
17843 7452 61 57 84 72 213 0 57.80 55.91 
18021 7452 61 57 84 72 213 2 57.82 55.90 
18199 7452 61 57 84 72 213 2 57.80 56.75 
18377 7452 61 57 84 72 213 0 57.80 55.91 
18555 7452 61 57 84 72 213 0 57.80 55.93 
18733 7452 61 57 84 72 213 0 57.80 55.93 
18911 7452 61 57 84 72 213 0 57.82 55.91 
19089 7452 61 57 84 72 213 0 57.82 55.90 
19267 7452 61 57 84 72 213 0 57.82 55.91 
19445 7452 61 57 84 72 213 0 57.80 56.75 
19623 7452 61 57 84 72 213 0 57.80 55.91 
19801 7518 61 56 84 72 213 0 57.82 57.17 
19979 7518 61 56 84 72 213 1 57.82 55.90 
20157 7518 61 56 84 72 213 0 57.80 55.91 
20335 7452 61 57 84 72 213 1 57.80 55.90 
20513 7452 61 57 84 72 213 0 57.80 55.91 
20691 7452 61 57 84 72 213 0 57.80 55.91 
20869 7452 61 57 84 72 213 3 57.80 55.91 
21047 7518 61 56 84 72 213 0 57.80 55.90 
21225 7518 61 56 84 72 213 0 21.20 54.49 
21401 7452 61 57 84 72 214 0 20.25 21.49 
21575 7473 62 59 86 74 219 0 19.62 22.41 
21749 7297 59 57 82 70 210 0 19.62 22.41 
21923 7604 59 57 83 72 214 0 19.62 22.41 
22097 7604 59 57 83 72 214 0 19.62 21.50 
22271 7386 61 58 84 72 215 0 19.62 19.91 
22444 7375 60 57 83 71 213 0 19.62 22.41 
22618 7386 61 58 84 72 215 6 19.62 21.17 
22792 7546 59 59 84 73 218 0 19.62 20.23 
22965 7375 60 57 83 71 213 0 17.71 18.33 
23138 5903 45 55 65 53 173 0 17.71 1.97 
23310 3370 32 70 54 41 165 0 17.71 1.96 
23482 3437 30 64 50 38 153 0 15.16 16.75 
23655 3118 33 79 58 44 179 0 15.83 43.01 
23830 3199 50 87 72 47 208 0 48.62 47.57 
24007 3102 61 93 80 47 221 0 47.43 16.10 
24182 3106 63 95 82 48 225 0 47.63 12.44 
24357 3080 61 92 79 46 218 0 8.74 9.74 
24529 3080 61 92 79 46 218 0 9.42 9.74 
24701 3144 53 83 71 43 197 4 43.26 5.81 
24875 3325 48 74 65 41 180 0 42.06 4.84 
25049 4070 59 91 85 62 239 3 49.15 3.25 
25223 4098 60 95 88 65 249 0 48.99 2.92 
25397 3978 41 77 66 51 195 0 50.01 4.22 
25571 3759 25 74 53 47 173 0 21.52 3.89 
25744 3678 26 67 50 42 159 0 14.48 46.38 
25919 3605 25 74 53 46 172 12 4.54 40.38 
26093 8225 41 57 67 63 187 0 5.51 36.29 
26267 11276 54 71 92 93 256 7 4.52 22.41 
26440 6724 41 70 71 65 207 0 3.57 16.42 
26612 1870 29 116 65 49 227 0 15.83 16.42 
26785 2069 29 101 60 44 202 0 16.46 3.25 
26957 3561 109 131 132 77 344 0 20.89 5.17 
27130 3558 154 173 180 101 460 0 21.84 9.06 
27303 4449 51 76 74 56 207 0 15.50 14.47 
27476 5642 33 60 57 50 168 0 14.48 16.75 
27649 5153 41 67 65 54 188 6 15.50 17.07 
27822 3703 86 108 108 67 284 0 19.30 21.49 
27996 3571 108 132 132 78 344 0 25.58 27.86 
28170 3585 161 175 186 103 470 0 30.80 32.04 
28345 3588 131 141 151 83 380 0 33.90 33.59 
28520 3581 120 131 139 77 352 0 36.11 34.10 
28695 3556 136 148 157 86 397 0 36.82 33.59 
28870 3566 137 149 158 87 398 0 37.74 36.31 
29046 3584 137 148 158 87 398 0 36.82 34.63 
29221 3573 137 147 157 86 396 0 48.99 34.37 
29397 3589 135 146 156 86 392 0 47.24 59.53 
29574 3578 135 145 155 85 389 0 36.81 49.95 
29750 3560 108 120 126 70 320 0 32.61 28.95 
29925 2753 34 82 58 41 181 0 35.67 28.41 
30100 1937 29 112 64 48 222 0 28.19 24.70 
30274 1832 27 112 62 47 219 0 25.60 22.69 
30448 1943 27 103 59 44 203 6 20.89 16.75 
30621 4970 39 65 62 51 178 0 21.52 16.75 
30794 10748 80 97 131 130 359 0 17.71 15.79 
30967 10363 82 101 134 132 369 0 17.73 15.79 
31140 7524 61 80 96 87 265 0 19.30 51.46 
31315 8996 93 111 146 138 398 3 14.81 11.42 
31488 8947 93 113 147 139 401 0 13.80 10.08 
31661 6744 65 82 98 85 267 0 12.46 10.08 
31833 3838 29 92 65 59 215 0 9.42 9.06 
32005 2665 21 113 67 65 242 0 7.43 8.72 
32177 1620 12 145 74 78 293 0 13.80 16.12 
32350 1620 11 145 74 79 294 0 14.82 28.71 
32524 1811 16 139 74 76 285 0 12.80 27.57 
32698 3949 116 181 167 120 473 7 14.48 22.41 
32871 4035 172 249 239 169 665 0 14.82 15.47 
33044 3999 154 226 215 152 600 0 15.83 32.83 
33218 2253 20 131 74 73 275 0 11.44 32.04 
33392 4145 6 137 58 55 279 0 10.42 32.06 
33566 3186 23 78 52 46 176 0 7.43 30.51 
33739 4433 34 74 61 52 187 0 6.14 16.12 
33911 7638 105 127 160 144 435 0 6.14 16.12 
34083 7882 108 131 166 151 453 0 28.75 27.85 
34257 7887 109 132 167 152 454 0 28.46 27.00 
34431 7891 110 133 168 153 458 4 4.86 12.10 
34603 7891 110 133 168 153 457 0 3.25 15.47 
34775 5801 68 109 110 95 315 0 3.57 11.42 
34947 1621 25 141 69 52 258 7 4.54 12.10 
35119 1620 25 138 68 51 253 0 8.06 10.74 
35291 1636 26 136 69 52 252 0 8.06 10.74 
35463 1677 30 138 72 53 259 6 9.42 10.42 
35635 1655 28 136 70 52 254 0 11.78 14.13 
35808 1673 25 121 63 47 227 0 17.08 18.63 
35981 1724 26 120 64 48 228 4 21.20 21.18 
36155 1905 29 113 64 48 221 0 25.60 21.81 
36329 1775 26 116 63 48 222 1 34.15 42.43 
36505 1798 27 117 64 49 227 0 56.27 45.37 
36682 3382 74 107 97 60 266 0 54.38 54.83 
36860 3569 156 171 181 100 459 0 54.57 52.94 
37037 3556 150 165 174 96 441 0 52.53 52.10 
37214 3492 98 122 120 70 316 3 46.63 47.57 
37391 1853 27 115 64 49 226 0 43.08 47.58 
37567 10256 80 102 133 131 368 0 15.50 28.97 
37741 2979 21 103 63 61 225 0 16.78 15.47 
37914 1971 15 135 73 76 280 5 42.48 56.90 
38091 2641 23 127 75 73 274 0 37.72 8.38 
38265 4037 147 212 204 144 567 1 35.44 9.06 
38439 4028 128 186 178 126 493 0 32.37 6.77 
38612 3995 143 213 201 143 561 3 31.84 7.09 
38785 3606 90 129 120 78 331 0 31.84 7.09 
38958 3466 87 120 112 69 305 0 31.84 7.09 
39131 3466 87 120 112 69 306 2 31.08 6.77 
39304 3466 87 120 112 69 306 0 4.86 16.44 
39476 2827 105 149 127 63 345 0 23.00 24.68 
39650 2529 143 206 165 69 446 0 5.51 23.26 
39823 2485 81 147 108 57 314 0 7.74 16.12 
39996 1672 20 123 64 55 238 2 15.16 15.13 
40169 2341 24 90 55 45 189 0 15.81 18.65 
40342 6609 98 101 135 112 350 0 16.46 19.58 
40515 6847 112 112 154 129 397 0 16.13 14.79 
40688 6657 104 108 144 120 374 0 20.89 16.12 
40861 6847 112 112 154 129 398 0 20.88 17.70 
41034 4316 40 74 65 52 190 0 32.37 15.79 
41208 1763 20 108 58 49 213 0 32.62 15.79 
41382 2368 23 79 49 39 166 0 31.84 16.44 
41556 2560 23 71 46 36 153 0 16.13 15.47 
41729 3471 30 73 55 44 172 3 16.46 13.11 
41902 6820 106 106 146 122 376 0 18.04 16.12 
42075 7047 113 113 157 133 406 0 16.78 12.10 
42248 7021 116 113 159 134 409 3 26.47 9.74 
42421 6994 116 115 160 135 413 0 21.20 8.72 
42594 5942 98 113 137 111 361 0 16.78 8.06 
42767 5916 81 91 112 90 295 0 16.78 8.38 
42940 6423 95 102 132 109 345 0 8.38 6.77 
43112 6201 89 96 123 100 322 2 7.11 4.52 
43284 6735 110 114 153 128 398 0 9.76 7.41 
43456 6801 120 122 166 139 430 0 7.75 6.77 
43628 6801 120 122 166 139 431 0 7.43 8.72 
43800 6853 118 121 164 138 427 0 5.17 4.20 
43972 6798 116 119 161 135 418 0 3.57 3.25 
44144 6424 87 95 122 101 320 0 6.14 4.84 
44316 3052 46 94 72 50 216 0 4.22 9.40 
44488 2250 44 105 69 41 216 0 5.17 63.83 
44663 1772 54 172 95 54 319 4 67.12 6.12 
44838 2015 44 120 73 43 237 0 9.42 2.92 
45010 1958 48 132 79 45 254 0 7.11 1.97 
45182 3368 75 142 115 82 340 3 7.11 3.25 
45354 6218 87 113 130 110 355 0 4.54 2.92 
45526 1622 21 140 69 58 262 0 4.86 3.89 
45698 2475 110 177 135 62 377 7 6.78 4.84 
45870 2453 167 247 193 78 526 0 7.11 5.80 
46042 2455 167 245 192 77 522 0 6.46 9.74 
46214 2449 162 241 188 76 512 7 6.14 12.46 
46386 2456 164 243 190 77 518 0 6.46 43.62 
46560 2455 167 245 192 77 522 0 6.14 42.21 
46734 2458 172 252 198 79 538 0 10.08 15.79 
46907 3875 157 222 213 145 588 0 8.74 16.75 
47080 4088 186 263 256 181 710 6 41.84 37.21 
47256 4074 68 104 98 71 275 0 7.11 38.13 
47430 3959 41 71 63 47 182 6 8.38 38.11 
47604 3983 59 96 87 64 250 0 16.46 5.49 
47776 3961 64 104 94 69 269 0 15.83 9.06 
47949 4047 116 169 162 115 450 1 15.81 15.79 
48122 2834 141 203 172 87 471 0 18.67 50.61 
48297 2275 78 169 114 63 346 6 20.57 49.10 
48472 1846 16 149 69 60 273 0 20.26 49.10 
48647 1878 15 149 69 61 273 6 16.15 20.54 
48820 1693 18 145 69 59 268 0 15.50 19.28 
48993 2507 162 233 186 76 503 0 44.46 15.79 
49168 2504 171 245 196 79 529 0 19.62 16.42 
49341 3135 107 148 133 74 361 0 17.08 16.42 
49514 3463 95 126 120 72 326 6 44.46 16.44 
49689 3463 95 126 120 72 326 0 6.46 37.89 
49863 4001 162 230 222 155 615 3 6.14 8.38 
50035 3661 78 167 132 104 405 0 9.42 6.77 
50207 6177 71 111 115 101 327 0 9.08 8.38 
50379 6795 97 122 146 127 396 5 11.10 16.12 
50552 3803 43 86 71 55 212 0 9.08 12.77 
50724 4135 46 82 72 56 210 0 16.13 19.28 
50897 6350 72 93 108 92 295 7 31.06 36.07 
51072 5924 53 133 110 105 348 0 2.43 1.97 
51243 3841 112 200 172 129 505 0 0.00 45.39 
52415 2498 170 243 194 78 525 3 0.00 45.39 
53587 2498 170 243 194 78 525 0 0.00 45.39 
54759 2498 170 243 194 78 525 5 0.00 45.39 
55931 2498 170 243 194 78 525 14 0.00 45.37 
57103 2498 170 243 194 78 525 0 0.00 45.37 
58275 2506 171 243 195 78 526 0 