=~=~=~=~=~=~=~=~=~=~=~= PuTTY log 2025.11.28 03:18:51 =~=~=~=~=~=~=~=~=~=~=~=
ets Jul 29 2019 12:21:46

rst:0x1 (POWERON_RESET),boot:0x13 (SPI_FAST_FLASH_BOOT)
configsip: 0, SPIWP:0xee
clk_drv:0x00,q_drv:0x00,d_drv:0x00,cs0_drv:0x00,hd_drv:0x00,wp_drv:0x00
mode:DIO, clock div:1
load:0x3fff0030,len:4980
load:0x40078000,len:16612
load:0x40080400,len:3480
entry 0x400805b4
Found sensor
Milis - ColorTemp - Lux - R - G - B - C - Pot - UsensA - UsensB

399 6103 48 51 66 53 171 26 58.84 58.14 
577 6103 48 51 66 53 170 3 58.53 57.72 
755 6103 48 51 66 53 170 0 58.53 58.16 
933 6103 48 51 66 53 170 0 58.51 57.73 
1111 6103 48 51 66 53 171 1 58.53 57.70 
1289 6103 48 51 66 53 171 0 58.53 57.73 
1467 6103 48 51 66 53 171 0 58.53 57.68 
1645 6103 48 51 66 53 171 0 58.53 57.72 
1823 6103 48 51 66 53 171 0 58.82 57.73 
2001 6103 48 51 66 53 171 0 58.82 57.72 
2179 6103 48 51 66 53 171 0 58.41 57.72 
2357 6103 48 51 66 53 171 2 58.51 58.12 
2535 6103 48 51 66 53 171 0 58.51 57.70 
2713 6103 48 51 66 53 171 0 58.51 57.72 
2891 6103 48 51 66 53 171 7 58.51 57.73 
3069 6103 48 51 66 53 171 0 58.51 57.72 
3247 6103 48 51 66 53 171 0 58.50 57.72 
3425 6103 48 51 66 53 171 11 58.53 57.72 
3603 6103 48 51 66 53 171 0 58.51 57.72 
3781 6103 48 51 66 53 171 0 58.51 57.72 
3959 6103 48 51 66 53 171 28 58.51 57.72 
4137 6103 48 51 66 53 171 0 58.51 57.73 
4315 6103 48 51 66 53 171 0 58.50 57.70 
4493 6103 48 51 66 53 171 15 58.51 57.72 
4671 6103 48 51 66 53 171 0 58.53 57.72 
4849 6103 48 51 66 53 171 0 58.51 57.73 
5027 6103 48 51 66 53 171 26 58.51 57.73 
5205 6213 47 51 65 53 170 0 58.51 58.12 
5383 6213 47 51 65 53 170 0 58.51 57.70 
5561 6103 48 51 66 53 171 13 58.50 57.70 
5739 6103 48 51 66 53 171 2 58.50 57.73 
5917 6103 48 51 66 53 171 0 58.51 57.70 
6095 6103 48 51 66 53 171 21 58.50 57.72 
6273 6213 47 51 65 53 170 0 58.51 55.90 
6451 6103 48 51 66 53 171 0 58.51 58.14 
6629 6103 48 51 66 53 170 18 58.51 57.73 
6807 6103 48 51 66 53 170 0 58.50 58.16 
6985 6103 48 51 66 53 171 0 58.50 57.73 
7163 6103 48 51 66 53 171 6 58.51 58.12 
7341 6103 48 51 66 53 171 0 58.48 57.73 
7519 6103 48 51 66 53 171 0 58.50 57.72 
7697 6103 48 51 66 53 171 3 58.50 57.72 
7875 6103 48 51 66 53 171 0 58.48 57.73 
8053 6103 48 51 66 53 171 0 58.50 57.72 
8231 6103 48 51 66 53 171 0 58.51 57.72 
8409 6103 48 51 66 53 171 0 58.50 57.72 
8587 6103 48 51 66 53 171 0 58.96 57.72 
8765 6103 48 51 66 53 171 0 58.51 57.72 
8943 6103 48 51 66 53 171 0 58.50 57.73 
9121 6103 48 51 66 53 171 0 58.51 57.72 
9299 6103 48 51 66 53 171 8 58.51 57.70 
9477 6103 48 51 66 53 171 4 58.50 57.75 
9655 6103 48 51 66 53 171 0 58.50 57.72 
9833 6103 48 51 66 53 171 0 58.50 57.70 
10011 6103 48 51 66 53 171 8 58.51 57.72 
10189 6103 48 51 66 53 171 0 58.50 57.73 
10367 6103 48 51 66 53 171 0 58.51 57.73 
10545 6103 48 51 66 53 171 11 58.51 57.73 
10723 6103 48 51 66 53 171 0 58.51 57.72 
10901 6103 48 51 66 53 171 0 58.80 57.73 
11079 6103 48 51 66 53 171 16 58.51 58.16 
11257 6103 48 51 66 53 171 0 58.50 57.73 
11435 6103 48 51 66 53 171 0 58.51 57.72 
11613 6103 48 51 66 53 171 14 58.51 57.73 
11791 6103 48 51 66 53 171 0 58.51 58.14 
11969 6103 48 51 66 53 171 0 58.51 57.72 
12147 6103 48 51 66 53 171 12 58.51 58.14 
12325 6103 48 51 66 53 171 0 58.51 57.72 
12503 6103 48 51 66 53 171 0 58.51 57.72 
12681 6103 48 51 66 53 171 9 58.51 57.73 
12859 6103 48 51 66 53 171 2 58.51 58.12 
13037 6103 48 51 66 53 171 0 58.50 57.72 
13215 6103 48 51 66 53 171 5 58.51 57.73 
13393 6103 48 51 66 53 171 0 58.51 58.14 
13571 6103 48 51 66 53 171 0 58.50 58.14 
13749 6103 48 51 66 53 171 0 58.51 57.72 
13927 6103 48 51 66 53 171 0 58.51 58.14 
14105 6103 48 51 66 53 171 0 58.51 57.72 
14283 6103 48 51 66 53 171 0 58.51 57.73 
14461 6103 48 51 66 53 171 0 58.51 57.72 
14639 6103 48 51 66 53 171 0 58.50 57.70 
14817 6236 47 52 66 54 172 0 58.50 57.72 
14995 6236 47 52 66 54 172 0 58.50 57.72 
15173 6236 47 52 66 54 172 0 58.51 57.72 
15351 6236 47 52 66 54 172 0 58.51 57.72 
15529 6236 47 52 66 54 172 3 58.51 57.32 
15707 6236 47 52 66 54 172 0 58.51 57.29 
15885 6236 47 52 66 54 172 0 58.50 57.72 
16063 6236 47 52 66 54 172 7 58.50 57.70 
16241 6236 47 52 66 54 172 0 11.73 58.12 
16416 6236 47 52 66 54 172 2 58.50 57.73 
16594 6029 48 52 66 53 172 0 58.51 57.70 
16772 6103 48 51 66 53 171 0 58.51 58.14 
16950 6103 48 51 66 53 171 0 58.51 58.16 
17128 6103 48 51 66 53 171 0 58.50 58.14 
17306 6103 48 51 66 53 171 0 58.51 57.72 
17484 6103 48 51 66 53 171 0 58.50 58.16 
17662 6103 48 51 66 53 171 0 58.50 57.70 
17840 6103 48 51 66 53 171 0 58.50 58.12 
18018 6103 48 51 66 53 170 0 58.51 57.72 
18196 6103 48 51 66 53 171 0 58.50 57.70 
18374 6103 48 51 66 53 171 0 58.51 57.70 
18552 6103 48 51 66 53 171 0 58.51 57.72 
18730 6103 48 51 66 53 171 5 58.51 57.72 
18908 6103 48 51 66 53 171 0 58.48 58.12 
19086 6103 48 51 66 53 171 0 58.48 58.14 
19264 6103 48 51 66 53 171 7 58.50 57.72 
19442 6029 48 52 66 53 171 0 58.51 57.70 
19620 6103 48 51 66 53 171 0 58.50 57.70 
19798 6029 48 52 66 53 171 11 58.48 57.72 
19976 6029 48 52 66 53 172 0 58.51 57.70 
20154 6029 48 52 66 53 171 0 55.71 55.64 
20332 6236 47 52 66 54 173 11 15.50 50.10 
20507 6527 50 52 69 57 179 0 15.83 45.37 
20682 3543 32 66 53 40 157 16 10.78 43.40 
20856 3296 48 73 64 40 178 0 48.43 8.38 
21030 3238 52 77 68 41 187 31 48.03 8.06 
21204 3904 41 64 59 42 166 0 9.08 8.06 
21376 3906 43 67 62 44 174 0 46.26 8.04 
21550 4008 43 67 62 45 176 3 9.08 8.06 
21722 4009 46 73 67 49 189 0 46.26 5.49 
21896 4009 46 73 67 49 190 22 4.86 40.17 
22070 4072 47 75 69 51 196 8 7.43 39.69 
22244 4041 46 74 68 50 193 0 42.28 38.11 
22420 4001 47 73 68 49 191 0 41.82 5.81 
22594 4041 46 74 68 50 193 0 41.82 6.77 
22768 4041 46 74 68 50 193 0 41.38 4.52 
22942 4041 46 74 68 50 193 0 41.82 4.52 
23116 4041 46 74 68 50 193 10 41.82 4.52 
23290 4032 48 74 69 50 193 0 41.82 4.52 
23464 4032 48 74 69 50 193 7 41.82 4.52 
23638 4032 48 74 69 50 194 0 41.82 4.52 
23812 4032 48 74 69 50 194 0 41.38 5.80 
23986 4032 48 74 69 50 194 0 41.84 5.81 
24160 4032 48 74 69 50 194 0 41.84 5.81 
24334 4032 48 74 69 50 194 3 41.40 38.11 
24510 4032 48 74 69 50 194 0 41.40 38.11 
24686 4032 48 74 69 50 194 0 4.86 38.13 
24860 4032 48 74 69 50 194 0 4.86 4.52 
25032 4032 48 74 69 50 194 14 4.86 4.52 
25204 4032 48 74 69 50 194 0 4.86 4.52 
25376 4032 48 74 69 50 194 0 4.86 4.52 
25548 4032 48 74 69 50 194 9 4.86 4.52 
25720 4032 48 74 69 50 194 0 4.86 4.52 
25892 4032 48 74 69 50 194 0 4.86 5.80 
26064 3928 35 64 55 42 161 7 4.86 4.52 
26236 5226 30 57 52 45 154 1 4.86 4.52 
26408 8595 34 45 55 52 152 0 4.86 4.52 
26580 6680 38 55 61 54 170 18 4.86 4.52 
26752 3209 31 69 52 39 159 4 4.86 4.52 
26924 2640 32 86 58 43 185 0 4.86 9.74 
27096 3324 56 85 75 47 208 0 4.86 3.25 
27268 3632 109 123 129 74 329 11 4.86 4.52 
27440 3824 74 93 94 60 248 0 4.86 4.52 
27612 8013 29 59 57 56 172 0 4.86 4.52 
27784 9780 28 62 59 61 182 7 4.86 4.52 
27956 14264 29 71 68 75 214 0 4.86 4.52 
28128 15490 28 72 68 76 216 0 4.86 4.54 
28300 14264 29 71 68 75 215 13 4.86 4.52 
28472 6181 31 67 60 56 183 0 4.86 4.52 
28644 3686 44 99 77 62 240 0 4.86 4.52 
28816 3682 42 99 76 62 238 14 4.86 4.52 
28988 3686 44 99 77 62 239 0 4.86 4.52 
29160 3686 44 99 77 62 240 0 4.86 4.52 
29332 3686 44 99 77 62 239 13 21.54 5.80 
29505 3686 44 99 77 62 240 0 20.59 25.26 
29679 3686 44 99 77 62 240 3 21.86 9.74 
29852 3686 44 99 77 62 240 0 22.75 9.74 
30025 3686 44 99 77 62 240 0 22.75 9.72 
30198 3686 44 99 77 62 240 11 20.26 9.74 
30371 3686 44 99 77 62 240 0 21.54 9.74 
30544 3686 44 99 77 62 239 0 21.54 9.74 
30717 3686 44 99 77 62 239 8 20.28 9.74 
30890 3686 44 99 77 62 239 0 10.10 16.44 
31063 3849 41 90 72 58 221 0 15.83 16.12 
31236 9597 28 64 60 62 186 0 36.38 16.12 
31410 6011 38 67 65 58 191 0 42.30 32.32 
31586 3640 113 126 133 76 338 0 43.69 42.40 
31762 3412 62 90 82 51 224 0 54.74 36.29 
31939 2586 31 87 58 43 186 0 58.63 59.52 
32117 4196 33 61 53 42 155 11 55.85 56.30 
32295 6825 40 56 63 56 176 0 57.53 49.08 
32472 5202 36 56 56 46 158 0 56.69 16.12 
32647 2901 32 73 53 38 163 10 56.56 50.10 
32824 2882 32 75 54 39 167 0 51.54 18.95 
32999 2947 30 70 51 37 157 12 48.25 16.12 
33174 5752 34 51 53 45 149 0 45.25 14.47 
33349 8192 39 53 63 59 176 11 42.28 8.04 
33523 10884 47 61 80 80 223 0 67.85 8.06 
33699 10423 53 68 89 88 245 26 40.22 10.08 
33873 12009 56 71 96 98 266 0 40.92 7.09 
34047 13514 52 64 90 94 249 2 40.00 9.06 
34221 11384 58 74 98 99 271 0 38.18 9.40 
34395 11954 55 71 95 97 263 0 35.68 5.81 
34569 11462 56 71 95 96 263 0 37.04 5.80 
34743 7999 44 61 72 67 200 0 35.19 29.46 
34918 7576 45 62 72 66 200 0 35.68 28.97 
35093 8094 45 60 72 67 200 0 34.95 29.50 
35268 11428 55 70 93 94 257 0 34.94 28.97 
35443 10871 53 68 89 89 247 0 34.94 29.50 
35618 11356 52 68 89 90 247 0 36.58 29.48 
35793 10939 54 68 90 90 248 0 35.68 28.93 
35968 10939 54 68 90 90 248 0 35.67 9.74 
36142 10939 54 68 90 90 248 0 4.84 5.81 
36314 10939 54 68 90 90 248 3 4.84 5.81 
36486 10939 54 68 90 90 248 0 4.84 5.81 
36658 10939 54 68 90 90 248 0 4.86 5.80 
36830 10939 54 68 90 90 248 0 4.86 5.81 
37002 10939 54 68 90 90 248 5 4.84 5.80 
37174 10939 54 68 90 90 248 0 4.84 5.80 
37346 10939 54 68 90 90 248 0 4.86 5.80 
37518 10939 54 68 90 90 248 9 4.86 5.81 
37690 10939 54 68 90 90 248 0 4.86 5.80 
37862 10939 54 68 90 90 248 0 4.86 4.52 
38034 10984 55 69 92 92 254 9 4.86 4.52 
38206 12466 58 74 100 103 278 0 4.86 5.80 
38378 12439 60 76 103 106 286 0 4.86 3.25 
38550 12485 61 76 104 107 288 12 4.86 4.52 
38722 8499 49 69 81 77 227 0 4.86 4.52 
38894 1961 28 108 62 47 214 0 4.86 4.52 
39066 3537 133 155 158 90 407 15 4.86 4.52 
39238 3821 97 121 123 78 326 0 4.86 4.52 
39410 10456 33 80 74 78 232 0 4.86 4.52 
39582 5879 33 63 59 53 176 13 4.86 4.52 
39754 6316 31 62 57 53 173 0 4.86 4.52 
39926 6140 32 62 58 53 173 0 4.86 4.52 
40098 6140 32 62 58 53 173 9 4.86 4.52 
40270 6140 32 62 58 53 173 0 4.86 4.52 
40442 6140 32 62 58 53 173 0 7.43 17.37 
40615 6140 32 62 58 53 173 12 9.08 14.47 
40788 6140 32 62 58 53 173 0 4.86 16.12 
40960 6140 32 62 58 53 173 0 4.86 15.79 
41132 6140 32 62 58 53 173 15 4.86 15.79 
41304 6140 32 62 58 53 173 0 4.84 15.79 
41476 6140 32 62 58 53 173 0 9.42 18.00 
41649 6888 33 69 64 61 193 16 15.83 16.42 
41822 5964 50 90 86 77 253 0 21.84 18.65 
41996 3612 145 161 170 96 432 0 35.90 22.12 
42171 2213 32 104 64 47 212 0 35.44 28.95 
42346 8953 50 71 84 81 237 0 40.22 35.85 
42522 6796 34 79 69 67 214 0 46.26 46.77 
42699 3866 37 93 71 60 224 28 54.06 51.97 
42876 4097 76 112 107 77 298 0 56.69 56.59 
43054 3089 63 91 80 45 217 0 60.59 51.27 
43232 3362 66 103 90 58 253 12 61.15 50.42 
43410 3142 36 84 62 47 192 0 61.15 50.46 
43588 3164 35 82 61 46 189 0 61.15 50.42 
43766 3164 35 82 61 46 189 13 61.15 50.42 
43944 3164 35 82 61 46 189 0 57.53 47.94 
44121 3164 35 82 61 46 190 0 57.66 56.59 
44299 3064 35 82 60 45 187 27 58.22 17.37 
44475 3525 52 95 79 57 232 0 59.19 16.12 
44651 3657 74 109 101 67 279 5 58.92 17.37 
44827 3668 73 107 99 66 273 0 55.71 16.42 
45002 3629 72 105 97 64 268 0 22.44 10.08 
45175 3568 59 90 81 54 227 0 17.71 16.12 
45348 3211 32 71 54 40 164 8 50.18 11.42 
45523 2749 30 86 58 45 187 0 47.46 8.06 
45697 2739 32 92 62 48 201 6 40.46 36.29 
45873 2298 27 100 61 49 208 0 38.62 9.74 
46047 4263 37 69 60 48 176 3 5.18 35.60 
46221 5620 51 58 70 55 184 0 8.06 35.62 
46395 7000 91 87 124 104 316 0 9.76 16.12 
46568 6939 89 86 122 102 311 0 8.07 9.74 
46740 7024 88 86 121 102 310 0 37.72 35.62 
46915 7024 88 86 121 102 310 6 6.78 36.07 
47089 7024 88 86 121 102 310 0 4.54 35.62 
47263 7024 88 86 121 102 310 0 5.18 36.07 
47437 7024 88 86 121 102 310 0 3.57 35.62 
47610 7024 88 86 121 102 310 0 4.86 35.62 
47784 7024 88 86 121 102 310 0 5.18 36.06 
47958 6939 89 86 122 102 311 0 4.86 9.74 
48130 7024 88 86 121 102 311 2 5.81 35.60 
48304 7024 88 86 121 102 311 0 35.90 36.52 
48479 6939 89 86 122 102 311 0 35.90 36.52 
48654 7024 88 86 121 102 311 0 35.89 36.52 
48829 6939 89 86 122 102 311 0 4.84 4.52 
49001 7024 88 86 121 102 310 0 4.84 4.52 
49173 7024 88 86 121 102 311 0 4.86 4.52 
49345 6939 89 86 122 102 311 0 4.84 4.52 
49517 6939 89 86 122 102 311 0 4.86 4.52 
49689 6939 89 86 122 102 311 0 4.86 4.52 
49861 6939 89 86 122 102 311 0 4.86 4.52 
50033 6939 89 86 122 102 311 3 4.86 4.52 
50205 7069 93 89 127 107 323 0 4.86 4.54 
50377 7052 92 87 125 105 319 0 4.86 4.52 
50549 6691 85 83 115 95 294 7 4.86 4.52 
50721 6515 79 81 108 89 279 0 4.86 4.52 
50893 6502 78 80 107 88 277 0 4.84 4.52 
51065 7214 100 93 136 115 345 9 4.86 4.52 
51237 5257 55 91 88 74 253 0 4.84 4.52 
51409 2643 62 114 86 49 250 0 4.86 5.81 
51581 2826 123 176 149 75 405 8 4.84 4.52 
51753 4003 108 159 151 107 421 0 4.86 4.52 
51925 2558 18 128 73 75 273 0 4.86 4.54 
52097 7851 75 103 121 112 337 5 4.84 4.52 
52269 4601 49 101 86 73 259 0 4.86 4.52 
52441 2874 77 142 110 69 321 0 4.86 4.52 
52613 3593 154 177 183 105 472 1 4.86 4.52 
52785 3587 130 155 157 92 409 0 4.86 4.52 
52957 3616 130 155 158 93 412 0 4.86 4.52 
53129 3605 130 154 157 92 409 0 4.84 4.52 
53301 3605 130 154 157 92 409 0 4.86 4.52 
53473 3603 128 154 156 92 408 0 13.46 13.11 
53646 3603 128 154 156 92 408 0 11.78 10.74 
53818 3603 128 154 156 92 408 0 9.76 6.78 
53990 3603 128 154 156 92 408 0 9.42 15.79 
54163 3603 128 154 156 92 408 0 10.78 9.74 
54335 3603 128 154 156 92 408 0 8.74 9.72 
54507 3605 130 154 157 92 410 0 15.83 16.12 
54680 3598 165 187 195 111 500 5 10.76 20.21 
54853 3139 84 133 113 69 317 0 17.73 18.65 
55026 3809 44 111 84 71 264 0 22.44 23.83 
55200 8022 71 97 115 107 320 0 24.16 35.84 
55375 2406 16 125 70 73 266 0 26.16 35.38 
55550 2434 16 123 69 72 261 0 25.31 35.38 
55725 2405 15 124 69 73 263 0 25.31 35.38 
55900 2406 16 125 70 73 264 0 25.31 35.38 
56075 2406 16 125 70 73 264 0 26.18 35.39 
56250 2406 16 125 70 73 264 0 26.18 35.38 
56425 2406 16 125 70 73 264 0 26.16 35.39 
56600 2406 16 125 70 73 264 0 26.16 35.38 
56775 2406 16 125 70 73 264 0 26.18 35.39 
56950 2406 16 125 70 73 264 0 26.18 35.38 
57125 2406 16 125 70 73 264 0 25.31 35.39 
57300 2406 16 125 70 73 264 0 26.16 35.38 
57475 2406 16 125 70 73 264 0 26.16 35.39 
57650 2406 16 125 70 73 264 0 25.31 35.85 
57825 2406 16 125 70 73 265 0 26.16 35.39 
58000 2406 16 125 70 73 265 0 26.16 35.38 
58175 2406 16 125 70 73 265 0 26.16 35.39 
58350 2406 16 125 70 73 265 0 26.16 35.38 
58525 2406 16 125 70 73 265 0 26.16 35.39 
58700 2406 16 125 70 73 265 0 28.75 35.39 
58875 2406 16 125 70 73 265 0 26.18 35.38 
59050 2406 16 125 70 73 265 1 26.18 35.39 
59225 2406 16 125 70 73 265 0 26.16 35.38 
59400 2406 16 125 70 73 265 0 26.18 35.38 
59575 2406 16 125 70 73 265 0 25.31 35.39 
59750 2298 16 126 70 73 265 0 26.18 35.38 
59925 2298 16 126 70 73 266 0 26.18 35.39 
60100 2298 16 126 70 73 266 0 26.18 35.39 
60275 2298 16 126 70 73 266 0 26.18 35.39 
60450 2298 16 126 70 73 266 0 26.18 35.39 
60625 2298 16 126 70 73 266 0 28.75 35.39 
60800 2298 16 126 70 73 266 0 26.18 35.39 
60975 2298 16 126 70 73 266 0 27.03 35.38 
61150 2298 16 126 70 73 266 0 28.75 35.38 
61325 2298 16 126 70 73 266 0 26.18 35.38 
61500 2298 16 126 70 73 266 0 26.18 35.39 
