=~=~=~=~=~=~=~=~=~=~=~= PuTTY log 2025.11.28 01:12:14 =~=~=~=~=~=~=~=~=~=~=~=
ets Jul 29 2019 12:21:46

rst:0x1 (POWERON_RESET),boot:0x13 (SPI_FAST_FLASH_BOOT)
configsip: 0, SPIWP:0xee
clk_drv:0x00,q_drv:0x00,d_drv:0x00,cs0_drv:0x00,hd_drv:0x00,wp_drv:0x00
mode:DIO, clock div:1
load:0x3fff0030,len:4980
load:0x40078000,len:16612
load:0x40080400,len:3480
entry 0x400805b4
Found sensor
Milis - ColorTemp - Lux - R - G - B - C - Pot - UsensA - UsensB

399 6517 53 53 72 59 185 0 4.86 4.54 
571 6517 53 53 72 59 185 0 4.86 4.52 
743 6517 53 53 72 59 185 0 4.86 4.52 
915 6517 53 53 72 59 185 0 4.86 4.52 
1087 6517 53 53 72 59 185 7 4.86 4.54 
1259 6517 53 53 72 59 185 1 4.84 4.54 
1431 6517 53 53 72 59 185 0 4.86 4.52 
1603 6517 53 53 72 59 185 9 4.86 4.54 
1775 6517 53 53 72 59 185 0 4.86 4.52 
1947 6517 53 53 72 59 185 0 4.84 4.54 
2119 6517 53 53 72 59 185 22 4.86 4.52 
2291 6517 53 53 72 59 185 0 4.84 4.52 
2463 6517 53 53 72 59 185 0 4.86 4.52 
2635 6517 53 53 72 59 185 6 4.86 4.52 
2807 6517 53 53 72 59 185 0 4.86 4.52 
2979 6517 53 53 72 59 185 6 4.84 4.52 
3151 6517 53 53 72 59 185 1 4.86 4.52 
3323 6517 53 53 72 59 185 0 4.86 4.52 
3495 6517 53 53 72 59 185 0 4.86 4.52 
3667 6517 53 53 72 59 185 0 4.86 4.52 
3839 6517 53 53 72 59 185 8 4.86 4.52 
4011 6517 53 53 72 59 185 0 4.86 4.52 
4183 6517 53 53 72 59 185 0 4.86 4.52 
4355 6517 53 53 72 59 185 0 4.86 4.52 
4527 6517 53 53 72 59 185 0 4.86 4.52 
4699 6639 51 53 71 59 184 7 4.84 4.52 
4871 6517 53 53 72 59 185 0 4.86 4.52 
5043 6517 53 53 72 59 185 0 4.86 4.52 
5215 6446 52 54 72 59 185 0 4.86 4.52 
5387 6517 53 53 72 59 185 3 4.86 4.52 
5559 6427 52 53 71 58 183 0 4.86 4.52 
5731 6427 52 53 71 58 182 0 4.86 4.52 
5903 6427 52 53 71 58 182 4 4.86 4.52 
6075 6427 52 53 71 58 182 0 4.86 4.52 
6247 6427 52 53 71 58 182 0 4.86 4.52 
6419 6427 52 53 71 58 182 21 4.86 4.52 
6591 6427 52 53 71 58 182 0 6.14 4.54 
6763 6427 52 53 71 58 182 0 4.86 4.52 
6935 6427 52 53 71 58 182 10 4.86 4.52 
7107 6427 52 53 71 58 184 0 4.86 4.52 
7279 6427 52 53 71 58 184 7 4.86 6.77 
7451 6546 50 53 70 58 182 9 4.86 4.52 
7623 4504 35 54 52 40 146 0 5.81 4.52 
7795 3997 34 60 53 40 153 0 5.81 4.52 
7967 6527 50 52 69 57 179 7 4.86 4.52 
8139 4063 33 53 49 36 139 6 5.81 4.52 
8311 3341 32 58 48 33 139 0 4.84 4.52 
8483 4049 35 53 50 36 139 3 4.86 4.52 
8655 5957 44 49 61 49 160 0 4.86 4.52 
8827 5850 43 49 60 48 159 0 4.86 4.52 
8999 5850 43 49 60 48 159 13 4.86 4.52 
9171 5753 45 49 61 48 159 0 4.86 4.52 
9343 5753 45 49 61 48 159 0 4.86 4.52 
9515 5753 45 49 61 48 159 0 4.86 4.52 
9687 5957 44 49 61 49 159 0 4.86 4.52 
9859 5957 44 49 61 49 159 1 4.84 4.52 
10031 5957 44 49 61 49 159 0 4.86 4.52 
10203 5957 44 49 61 49 159 0 4.86 4.52 
10375 5957 44 49 61 49 159 0 4.86 4.52 
10547 5957 44 49 61 49 159 0 4.86 4.52 
10719 5957 44 49 61 49 159 18 4.84 4.52 
10891 5957 44 49 61 49 159 0 4.84 4.52 
11063 5957 44 49 61 49 159 0 4.86 4.52 
11235 5957 44 49 61 49 160 7 4.86 4.52 
11407 5957 44 49 61 49 160 0 4.86 4.52 
11579 5957 44 49 61 49 160 7 4.84 4.52 
11751 5957 44 49 61 49 160 9 4.84 4.52 
11923 5877 44 50 61 49 160 0 4.86 4.52 
12095 5877 44 50 61 49 160 0 4.86 4.52 
12267 5877 44 50 61 49 160 8 4.86 4.52 
12439 5877 44 50 61 49 160 6 4.86 4.52 
12611 5877 44 50 61 49 160 0 4.86 4.52 
12783 5877 44 50 61 49 160 5 4.86 4.54 
12955 5877 44 50 61 49 160 0 4.86 4.54 
13127 5877 44 50 61 49 160 0 4.86 4.52 
13299 5877 44 50 61 49 160 15 4.86 4.52 
13471 5877 44 50 61 49 160 0 4.86 4.52 
13643 5877 44 50 61 49 160 0 4.84 4.52 
13815 5877 44 50 61 49 160 0 4.86 4.52 
13987 5877 44 50 61 49 160 0 4.86 4.54 
14159 5877 44 50 61 49 160 1 4.86 4.52 
14331 5877 44 50 61 49 160 0 4.86 4.52 
14503 5877 44 50 61 49 160 0 4.86 4.52 
14675 5877 44 50 61 49 160 0 4.86 4.52 
14847 5877 44 50 61 49 160 0 4.86 4.52 
15019 5877 44 50 61 49 160 18 4.86 4.52 
15191 5877 44 50 61 49 160 0 4.86 4.52 
15363 5877 44 50 61 49 160 0 4.84 4.54 
15535 5877 44 50 61 49 160 8 4.86 4.52 
15707 5877 44 50 61 49 160 0 4.86 4.54 
15879 5877 44 50 61 49 160 7 4.86 4.52 
16051 5877 44 50 61 49 160 9 4.86 4.52 
16223 5877 44 50 61 49 160 0 4.86 4.52 
16395 5877 44 50 61 49 160 0 4.86 4.52 
16567 5877 44 50 61 49 160 6 4.84 4.52 
16739 5877 44 50 61 49 160 6 4.86 4.52 
16911 5877 44 50 61 49 160 0 4.86 4.52 
17083 5877 44 50 61 49 160 2 4.86 4.52 
17255 5877 44 50 61 49 160 0 4.84 4.54 
17427 5877 44 50 61 49 160 0 4.86 4.52 
17599 5877 44 50 61 49 160 7 4.86 4.52 
17771 5877 44 50 61 49 160 0 4.86 4.52 
17943 5877 44 50 61 49 160 0 4.86 4.52 
18115 5877 44 50 61 49 160 0 4.86 4.52 
18287 5877 44 50 61 49 160 1 4.86 4.52 
18459 5877 44 50 61 49 160 0 4.86 4.54 
18631 5877 44 50 61 49 160 0 4.86 4.52 
18803 5877 44 50 61 49 160 4 4.84 4.52 
18975 5877 44 50 61 49 160 0 4.84 4.52 
19147 5877 44 50 61 49 160 0 4.86 4.52 
19319 5877 44 50 61 49 160 22 4.86 4.52 
19491 5877 44 50 61 49 160 0 4.86 4.54 
19663 5877 44 50 61 49 160 0 4.84 4.54 
19835 5877 44 50 61 49 160 8 4.86 4.52 
20007 5877 44 50 61 49 160 0 4.84 4.52 
20179 5877 44 50 61 49 160 6 4.86 4.52 
20351 5877 44 50 61 49 160 5 4.86 4.52 
20523 5877 44 50 61 49 160 0 4.86 4.52 
20695 5877 44 50 61 49 160 0 4.84 4.52 
20867 5877 44 50 61 49 160 0 4.86 4.52 
21039 5877 44 50 61 49 160 7 4.86 4.52 
21211 5877 44 50 61 49 160 0 4.86 4.52 
21383 5877 44 50 61 49 160 0 4.86 4.52 
21555 5877 44 50 61 49 160 0 4.86 4.52 
21727 5877 44 50 61 49 160 0 4.84 4.52 
21899 5877 44 50 61 49 160 7 4.86 4.52 
22071 5877 44 50 61 49 160 2 4.84 4.54 
22243 5877 44 50 61 49 160 0 4.86 4.52 
22415 5877 44 50 61 49 160 0 4.86 4.52 
22587 5877 44 50 61 49 160 5 4.86 4.52 
22759 5877 44 50 61 49 160 0 4.86 4.52 
22931 5877 44 50 61 49 160 0 4.84 4.52 
23103 5877 44 50 61 49 160 8 4.86 4.54 
23275 5877 44 50 61 49 160 0 4.86 4.54 
23447 5877 44 50 61 49 160 0 4.86 4.52 
23619 5877 44 50 61 49 160 22 4.86 4.54 
23791 5877 44 50 61 49 160 0 4.86 4.52 
23963 5877 44 50 61 49 160 0 4.86 4.52 
24135 6336 51 53 70 57 180 4 5.81 4.52 
24307 6639 51 53 71 59 184 0 4.86 5.81 
24479 6427 52 53 71 58 183 5 4.86 4.54 
24651 6315 51 52 69 56 177 0 4.54 4.52 
24823 6294 50 51 68 55 175 0 4.86 4.52 
24995 5320 39 50 56 44 150 0 4.84 4.52 
25167 3613 30 57 47 35 138 0 4.86 4.52 
25339 3695 30 56 47 35 137 11 4.86 4.54 
25511 3695 30 56 47 35 137 0 4.86 4.52 
25683 3695 30 56 47 35 137 0 4.86 4.52 
25855 3499 29 60 48 36 143 1 4.86 6.77 
26027 3235 32 69 53 39 160 0 4.86 3.25 
26199 3281 50 74 66 40 181 7 5.81 4.52 
26371 4032 48 74 69 50 193 4 5.81 4.52 
26543 3704 31 81 60 51 192 0 5.81 4.52 
26715 6948 37 53 59 53 165 0 5.81 4.52 
26887 5606 45 55 64 51 176 7 4.86 4.54 
27059 3261 30 65 50 37 163 6 4.86 4.52 
27231 2683 33 86 59 43 187 0 6.14 5.49 
27403 3464 66 89 84 51 225 8 5.81 18.33 
27576 3665 108 123 129 75 329 0 4.54 4.52 
27748 8027 30 60 58 57 174 0 5.18 5.80 
27920 8155 29 65 60 60 185 8 6.78 9.08 
28092 3249 50 134 96 78 307 0 11.78 24.99 
28265 3163 57 166 115 96 376 0 4.86 4.54 
28437 3245 50 137 97 80 314 9 5.81 4.52 
28609 3878 40 99 76 64 239 0 4.84 5.81 
28781 10915 26 58 56 59 173 0 4.86 15.79 
28953 9056 30 65 62 63 190 8 6.46 6.77 
29125 6391 29 55 52 48 156 0 4.86 4.52 
29297 3614 66 80 81 48 211 0 5.81 4.52 
29469 3650 61 74 75 45 195 5 6.78 4.52 
29641 3610 61 75 75 45 196 0 4.86 6.78 
29813 3633 61 76 76 46 199 0 4.86 4.52 
29985 3656 62 77 77 47 202 1 4.86 4.52 
30157 3679 62 78 78 48 205 0 4.86 4.54 
30329 3679 62 78 78 48 205 0 4.84 6.77 
30501 3693 60 76 76 47 201 0 4.86 6.78 
30673 3610 61 75 75 45 194 0 4.86 5.81 
30845 3576 62 76 76 45 197 0 4.84 6.77 
31017 3576 62 76 76 45 198 0 4.86 6.77 
31189 3576 62 76 76 45 197 0 7.11 4.52 
31361 3570 60 76 75 45 197 0 4.86 6.77 
31533 3639 59 71 72 43 187 0 4.84 4.52 
31705 3615 58 70 71 42 184 0 4.84 4.52 
31877 3677 57 70 71 43 186 0 6.46 6.77 
32049 3625 64 78 79 47 206 0 5.81 4.52 
32221 3611 79 92 95 55 244 3 4.86 4.52 
32393 3629 80 93 96 56 246 0 4.86 4.52 
32565 3611 79 92 95 55 245 0 5.81 4.52 
32737 3611 79 92 95 55 244 6 5.81 4.52 
32909 3611 79 92 95 55 243 0 4.84 4.52 
33081 3611 79 92 95 55 244 0 4.86 5.80 
33253 3640 74 86 89 52 229 7 6.14 15.79 
33425 3370 48 76 66 43 185 0 4.86 10.08 
33597 2355 30 95 60 45 198 0 6.46 11.42 
33769 2124 30 105 63 47 212 7 5.81 4.52 
33941 2190 29 95 58 43 194 0 4.86 6.77 
34113 2121 29 102 61 46 207 0 29.55 10.08 
34286 3125 56 100 81 53 234 4 4.54 4.52 
34458 3592 169 183 195 108 492 0 9.74 6.77 
34630 6607 42 83 78 73 234 0 9.08 4.52 
34802 9322 35 78 73 75 226 7 4.86 4.54 
34974 3617 144 159 168 95 428 0 4.86 5.81 
35146 3239 77 119 103 64 287 0 5.81 5.81 
35318 2266 28 94 58 44 194 6 5.81 4.52 
35490 10801 52 68 88 88 244 0 5.83 4.52 
35662 9372 54 71 89 86 247 0 6.78 4.52 
35834 3607 22 80 54 50 183 3 8.06 3.25 
36006 3654 24 75 53 47 174 0 9.76 3.25 
36178 3531 25 81 56 50 186 0 5.51 4.52 
36350 3619 24 80 55 50 184 0 4.86 6.77 
36522 3760 24 63 47 40 150 0 4.84 4.52 
36694 3850 25 59 46 38 143 0 4.84 4.52 
36866 3850 25 59 46 38 144 0 4.86 5.80 
37038 3681 23 70 50 44 163 0 4.86 4.52 
37210 3576 24 82 56 51 187 0 4.84 5.49 
37382 4147 102 148 143 103 397 0 6.14 4.54 
37554 3194 91 134 118 70 325 0 7.11 4.52 
37726 2607 115 166 135 60 366 0 6.78 4.52 
37898 2555 139 201 162 69 438 0 4.54 4.52 
38070 2661 94 135 111 51 301 0 4.54 4.52 
38242 2786 59 100 79 45 226 0 4.86 6.77 
38414 2852 51 94 73 45 215 0 4.86 4.52 
38586 1802 22 116 63 53 229 2 4.86 4.52 
38758 2623 28 89 58 46 192 0 4.86 4.52 
38930 2733 31 87 59 45 191 0 4.86 4.52 
39102 2927 38 100 70 54 227 4 4.86 4.54 
39274 1750 21 116 62 53 227 0 4.86 16.12 
39446 6286 89 98 124 102 325 0 4.84 17.07 
39618 6809 121 123 167 140 433 4 4.86 49.08 
39792 3974 63 110 97 73 280 0 5.81 4.54 
39964 1717 43 157 84 52 290 0 4.86 4.52 
40136 1684 43 164 86 53 300 2 4.86 4.52 
40308 6254 97 110 137 113 363 0 15.83 4.52 
40480 3468 40 104 76 63 241 0 5.18 3.25 
40652 2195 72 169 110 63 343 5 4.54 6.77 
40824 2789 119 171 144 71 393 0 4.84 4.52 
40996 3950 125 204 184 135 527 0 4.54 4.52 
41168 2864 25 145 86 86 314 8 4.54 4.52 
41340 7321 118 143 178 158 483 0 5.81 4.52 
41512 6145 71 97 108 92 298 0 14.82 4.52 
41684 7027 103 127 155 136 420 6 8.06 4.52 
41856 3240 26 114 72 69 253 0 5.81 4.52 
42028 3562 66 155 118 95 368 0 5.81 4.52 
42200 4022 131 186 180 126 498 6 5.81 4.52 
42372 2591 120 174 141 62 381 0 4.54 4.52 
42544 2664 109 153 127 57 341 0 4.54 4.52 
42716 2650 109 153 127 56 338 3 4.52 4.52 
42888 2650 109 153 127 56 339 0 4.54 4.52 
43060 2650 109 153 127 56 339 0 4.54 4.54 
43232 2636 110 153 127 55 339 0 4.54 4.54 
43404 2636 110 153 127 55 339 0 4.54 4.52 
43576 2636 110 153 127 55 339 0 4.54 4.52 
43748 2636 110 153 127 55 339 0 4.52 4.54 
43920 2636 110 153 127 55 339 0 4.54 4.52 
44092 2636 110 153 127 55 339 0 4.54 4.52 
44264 2636 110 153 127 55 339 0 4.54 4.52 
44436 2623 108 153 126 55 339 0 4.54 4.54 
44608 2623 108 153 126 55 339 0 4.54 4.52 
44780 2623 108 153 126 55 339 0 4.54 4.52 
44952 2636 110 153 127 55 339 2 4.54 4.52 
45124 2636 110 153 127 55 340 0 4.54 4.52 
45296 2634 109 154 127 56 340 0 4.54 4.52 
45468 2634 109 154 127 56 340 6 4.54 4.52 
45640 2634 109 154 127 56 340 0 4.54 4.52 
45812 2634 109 154 127 56 340 0 4.54 4.52 
45984 2634 109 154 127 56 340 9 4.54 4.52 
46156 2634 109 154 127 56 340 0 4.54 4.52 
46328 2634 109 154 127 56 340 0 4.54 4.52 
46500 2634 109 154 127 56 340 6 4.54 4.52 
46672 2634 109 154 127 56 340 0 4.54 4.52 
46844 2634 109 154 127 56 340 0 4.54 4.52 
47016 2634 109 154 127 56 340 3 4.54 4.54 
47188 2634 109 154 127 56 340 0 4.54 4.52 
47360 2634 109 154 127 56 340 0 4.54 4.52 
47532 2634 109 154 127 56 340 0 4.54 4.52 
47704 2634 109 154 127 56 340 0 4.54 4.52 
47876 2634 109 154 127 56 340 0 4.54 4.54 
