=~=~=~=~=~=~=~=~=~=~=~= PuTTY log 2025.11.28 01:49:21 =~=~=~=~=~=~=~=~=~=~=~=
ets Jul 29 2019 12:21:46

rst:0x1 (POWERON_RESET),boot:0x13 (SPI_FAST_FLASH_BOOT)
configsip: 0, SPIWP:0xee
clk_drv:0x00,q_drv:0x00,d_drv:0x00,cs0_drv:0x00,hd_drv:0x00,wp_drv:0x00
mode:DIO, clock div:1
load:0x3fff0030,len:4980
load:0x40078000,len:16612
load:0x40080400,len:3480
entry 0x400805b4
Found sensor
Milis - ColorTemp - Lux - R - G - B - C - Pot - UsensA - UsensB

399 5676 44 50 61 48 159 0 58.11 43.42 
576 5676 44 50 61 48 159 0 58.51 41.99 
753 5676 44 50 61 48 159 0 58.51 41.99 
930 5676 44 50 61 48 159 0 58.09 42.81 
1107 5676 44 50 61 48 159 0 58.11 43.20 
1284 5676 44 50 61 48 159 2 58.07 42.82 
1461 5676 44 50 61 48 159 0 58.11 43.20 
1638 5676 44 50 61 48 159 0 58.09 43.21 
1815 5676 44 50 61 48 159 8 58.09 43.21 
1992 5676 44 50 61 48 159 0 58.51 41.97 
2169 5676 44 50 61 48 159 0 58.09 42.79 
2346 5676 44 50 61 48 159 0 58.07 42.42 
2523 5676 44 50 61 48 159 0 58.09 42.79 
2700 5676 44 50 61 48 159 5 58.09 42.82 
2877 5676 44 50 61 48 159 0 58.09 42.81 
3054 5676 44 50 61 48 159 0 58.09 42.81 
3231 5676 44 50 61 48 159 5 58.07 43.21 
3408 5676 44 50 61 48 159 0 58.09 42.81 
3585 5676 44 50 61 48 159 0 58.07 42.81 
3762 5676 44 50 61 48 159 0 58.07 42.42 
3939 5676 44 50 61 48 159 0 58.09 42.79 
4116 5676 44 50 61 48 159 8 58.09 42.79 
4293 5676 44 50 61 48 159 0 58.09 42.79 
4470 5676 44 50 61 48 159 0 58.09 42.81 
4647 5676 44 50 61 48 159 2 58.09 42.40 
4824 5676 44 50 61 48 159 0 58.07 42.42 
5001 5676 44 50 61 48 159 0 58.07 43.20 
5178 5676 44 50 61 48 159 0 58.09 43.21 
5355 5676 44 50 61 48 159 0 58.09 42.81 
5532 5676 44 50 61 48 159 9 58.11 43.20 
5709 5676 44 50 61 48 159 0 58.09 43.21 
5886 5676 44 50 61 48 159 0 58.09 42.40 
6063 5676 44 50 61 48 159 0 58.09 43.21 
6240 5676 44 50 61 48 159 0 58.09 42.40 
6417 5676 44 50 61 48 159 0 58.09 42.79 
6594 5676 44 50 61 48 159 0 58.50 41.99 
6771 5676 44 50 61 48 159 0 58.09 42.81 
6948 5676 44 50 61 48 159 10 58.09 42.81 
7125 5676 44 50 61 48 159 0 57.66 43.21 
7302 5676 44 50 61 48 159 0 58.09 42.81 
7479 5676 44 50 61 48 159 0 58.07 42.40 
7656 5676 44 50 61 48 159 0 58.09 42.40 
7833 5676 44 50 61 48 159 0 58.07 42.81 
8010 5676 44 50 61 48 159 0 58.07 42.42 
8187 5676 44 50 61 48 159 0 58.09 42.79 
8364 5676 44 50 61 48 159 9 58.07 42.42 
8541 5676 44 50 61 48 159 0 57.66 42.79 
8718 5676 44 50 61 48 159 0 58.38 43.42 
8895 5676 44 50 61 48 159 0 58.51 41.99 
9072 5877 44 50 61 49 160 0 58.77 58.29 
9250 5877 44 50 61 49 160 1 59.89 42.42 
9427 5601 41 48 57 45 150 0 60.01 35.62 
9604 5421 43 44 56 42 146 0 60.04 42.42 
9781 5741 42 49 59 47 154 11 59.60 42.42 
9958 5741 42 49 59 47 156 0 60.03 42.42 
10135 5741 42 49 59 47 156 0 60.03 42.42 
10312 5741 42 49 59 47 156 0 60.04 42.42 
10489 5741 42 49 59 47 156 0 59.64 42.42 
10666 5741 42 49 59 47 156 0 60.06 42.42 
10843 5741 42 49 59 47 156 0 60.03 42.42 
11020 5741 42 49 59 47 156 0 60.03 42.42 
11197 5741 42 49 59 47 156 5 60.03 42.42 
11374 5741 42 49 59 47 156 0 60.04 42.42 
11551 5741 42 49 59 47 156 0 59.60 42.42 
11728 5741 42 49 59 47 156 0 60.03 42.42 
11905 5741 42 49 59 47 155 0 60.04 42.43 
12082 5631 41 49 58 46 154 0 60.04 42.42 
12259 5631 41 49 58 46 154 0 60.04 44.59 
12436 5631 41 49 58 46 153 0 60.04 42.42 
12613 5631 41 49 58 46 153 6 60.04 43.78 
12790 5631 41 49 58 46 153 0 60.04 42.42 
12967 5631 41 49 58 46 153 0 60.04 42.43 
13144 5631 41 49 58 46 153 0 60.03 42.42 
13321 5631 41 49 58 46 153 0 60.04 42.42 
13498 5631 41 49 58 46 153 0 60.45 42.42 
13675 5631 41 49 58 46 153 0 59.62 44.18 
13852 5631 41 49 58 46 153 0 60.04 42.42 
14029 5631 41 49 58 46 153 3 60.04 42.42 
14206 5631 41 49 58 46 153 0 60.04 42.42 
14383 5631 41 49 58 46 153 0 60.04 44.59 
14560 5631 41 49 58 46 153 0 60.03 42.42 
14737 5631 41 49 58 46 153 0 60.04 43.79 
14914 5631 41 49 58 46 153 1 60.45 42.42 
15091 5631 41 49 58 46 153 0 60.45 44.20 
15268 5631 41 49 58 46 153 0 60.04 44.59 
15445 5631 41 49 58 46 153 1 60.04 44.20 
15622 5631 41 49 58 46 153 0 60.03 42.42 
15799 5631 41 49 58 46 152 0 59.60 44.20 
15976 5631 41 49 58 46 153 0 60.18 43.20 
16153 5631 41 49 58 46 153 0 60.03 44.20 
16330 5631 41 49 58 46 153 4 59.64 44.59 
16507 5631 41 49 58 46 153 0 60.04 43.79 
16684 5631 41 49 58 46 153 0 59.21 44.57 
16861 5631 41 49 58 46 153 0 60.04 43.79 
17038 5631 41 49 58 46 153 0 60.03 44.59 
17215 5631 41 49 58 46 153 0 60.45 44.18 
17392 5631 41 49 58 46 153 0 60.03 42.42 
17569 5631 41 49 58 46 153 0 60.03 43.79 
17746 5631 41 49 58 46 152 5 60.45 43.79 
17923 5631 41 49 58 46 152 0 60.04 44.20 
18100 5631 41 49 58 46 153 0 60.44 44.18 
18277 5631 41 49 58 46 153 0 60.03 43.79 
18454 5631 41 49 58 46 153 0 60.45 42.42 
18631 5631 41 49 58 46 153 0 60.04 44.20 
18808 5631 41 49 58 46 153 0 60.16 43.21 
18985 5631 41 49 58 46 153 0 60.18 42.42 
19162 5324 41 49 57 44 150 12 60.16 42.81 
19339 5518 41 49 57 45 151 0 60.59 42.40 
19516 5518 41 49 57 45 152 0 60.16 42.81 
19693 5518 41 49 57 45 151 0 60.16 42.42 
19870 5518 41 49 57 45 151 0 60.59 42.79 
20047 5518 41 49 57 45 152 4 60.60 43.20 
20224 5518 41 49 57 45 152 0 60.47 44.20 
20401 5518 41 49 57 45 151 0 60.59 42.81 
20578 5518 41 49 57 45 151 0 60.59 43.62 
20755 5518 41 49 57 45 151 0 60.16 42.81 
20932 5518 41 49 57 45 151 0 60.16 43.20 
21109 5518 41 49 57 45 152 0 3.25 18.95 
21281 5518 41 49 57 45 152 5 59.76 43.60 
21458 5518 41 49 57 45 151 0 59.76 43.62 
21635 5518 41 49 57 45 151 0 60.18 43.62 
21812 5518 41 49 57 45 151 11 60.18 42.81 
21989 5518 41 49 57 45 151 0 59.76 43.21 
22166 5518 41 49 57 45 151 0 59.76 42.82 
22343 5403 40 49 56 44 150 0 59.76 43.21 
22520 5403 40 49 56 44 149 0 59.76 42.82 
22697 5324 41 49 57 44 150 13 60.18 42.81 
22874 5324 41 49 57 44 150 0 59.60 44.20 
23051 5518 41 49 57 45 152 0 59.91 43.81 
23228 5542 43 49 59 46 154 3 59.76 45.39 
23405 5850 43 49 60 48 158 0 59.74 42.82 
23582 5403 40 49 56 44 150 10 59.76 42.81 
23759 5403 40 49 56 44 149 0 59.74 42.81 
23936 5518 41 49 57 45 151 0 59.74 42.81 
24113 5518 41 49 57 45 151 6 60.18 42.81 
24290 5518 41 49 57 45 151 0 59.74 42.81 
24467 5518 41 49 57 45 151 0 59.76 43.21 
24644 5518 41 49 57 45 151 0 59.76 43.21 
24821 5518 41 49 57 45 151 0 60.18 43.20 
24998 5518 41 49 57 45 151 2 60.18 43.23 
25175 5518 41 49 57 45 151 0 60.18 43.21 
25352 5518 41 49 57 45 151 0 60.18 43.21 
25529 5518 41 49 57 45 151 2 59.76 43.20 
25706 5518 41 49 57 45 151 0 59.76 42.81 
25883 5518 41 49 57 45 151 0 60.18 43.62 
26060 5518 41 49 57 45 151 0 59.76 43.21 
26237 5518 41 49 57 45 151 0 60.16 43.21 
26414 5518 41 49 57 45 151 5 56.68 43.98 
26591 6087 45 50 63 51 166 0 16.46 15.79 
26764 5398 42 56 61 49 166 7 9.76 10.08 
26936 3261 40 72 59 40 171 0 41.14 3.25 
27110 3682 47 71 65 44 180 0 53.21 5.17 
27285 4082 41 66 61 45 171 0 57.38 49.42 
27462 3910 28 63 50 41 153 0 6.46 55.62 
27637 3623 26 77 55 48 179 0 16.15 49.27 
27812 7166 35 53 58 53 164 0 15.50 9.40 
27985 9070 42 55 69 66 191 0 17.41 16.42 
28158 10829 46 60 78 78 217 0 46.26 16.12 
28333 10712 43 58 74 74 207 0 47.85 43.20 
28510 9063 44 58 72 69 199 0 43.06 15.79 
28685 7340 40 54 63 57 174 0 40.22 11.42 
28859 11401 55 71 94 95 261 0 11.10 11.08 
29031 11417 59 75 100 101 277 3 39.54 7.09 
29205 11417 59 75 100 101 276 0 36.81 36.53 
29380 11921 56 72 96 98 267 5 4.54 35.62 
29554 8958 46 63 76 73 212 0 8.38 9.74 
29726 9968 48 67 82 81 231 0 8.74 10.06 
29898 3320 19 93 58 57 206 4 9.08 15.47 
30071 3873 23 84 57 54 193 0 25.89 10.42 
30244 7042 43 61 69 62 193 0 42.47 11.42 
30418 9576 59 75 96 93 264 0 42.48 15.47 
30593 9994 59 76 98 96 271 0 16.15 15.13 
30766 9994 59 76 98 96 271 0 16.46 15.79 
30939 9994 59 76 98 96 271 0 19.31 19.60 
31112 9994 59 76 98 96 271 0 18.99 21.18 
31286 9994 59 76 98 96 271 0 15.83 17.70 
31459 10292 58 77 98 97 272 0 15.50 17.70 
31632 2116 31 107 64 48 218 0 16.13 17.07 
31805 1977 33 121 70 52 240 0 12.78 27.56 
31979 1801 26 115 63 48 223 7 14.48 16.42 
32152 1922 30 118 67 51 233 0 13.46 26.13 
32325 2091 33 118 70 53 239 0 16.78 23.55 
32499 2034 32 116 68 51 233 15 15.83 15.79 
32672 2429 30 90 58 43 188 0 15.83 23.26 
32845 3655 42 65 59 40 165 0 22.73 11.76 
33018 3689 43 66 60 41 168 0 15.83 6.14 
33190 3523 49 76 68 45 191 0 5.81 15.13 
33362 3471 59 91 81 53 226 0 9.42 29.22 
33535 1931 30 110 63 46 216 0 10.42 16.12 
33708 1646 25 129 66 50 241 0 25.02 22.69 
33882 1620 21 121 60 46 223 2 16.76 16.75 
34055 1646 25 129 66 50 241 0 16.78 29.48 
34229 1686 26 124 65 49 234 0 21.84 24.12 
34403 8439 85 105 133 124 364 0 26.45 28.95 
34577 4221 30 110 76 73 257 0 37.04 38.35 
34753 2992 20 104 63 62 227 0 35.68 36.74 
34928 3962 76 122 111 81 316 0 35.67 37.43 
35103 2950 23 115 70 68 250 0 32.10 33.85 
35278 2405 15 124 69 73 263 0 18.67 55.49 
35454 8354 61 81 98 92 272 0 15.83 54.67 
35629 4259 39 86 70 59 215 0 53.74 49.93 
35806 2121 29 102 61 46 207 0 18.34 18.33 
35979 3514 63 81 79 47 209 0 19.31 18.00 
36152 3581 115 129 135 76 343 0 19.62 20.23 
36325 3567 129 142 150 83 379 0 19.31 10.08 
36498 3576 133 145 154 85 388 5 18.99 11.08 
36671 3568 122 135 142 79 360 0 16.13 8.06 
36844 3561 127 139 147 81 372 0 6.46 15.49 
37016 3593 134 144 154 85 388 1 12.12 4.52 
37188 4254 53 74 74 53 202 0 14.82 3.25 
37360 5884 35 59 58 51 169 0 18.36 6.77 
37533 8419 28 59 56 56 171 3 35.44 17.37 
37707 9075 27 59 56 57 171 0 36.36 36.75 
37882 6652 26 51 48 45 145 3 16.46 15.79 
38055 6614 25 50 47 44 141 0 15.16 14.13 
38228 6194 26 50 47 43 140 0 14.48 14.45 
38401 6614 25 50 47 44 142 0 15.16 16.10 
38574 7792 35 74 69 68 212 0 15.83 15.79 
38747 7836 36 77 72 71 219 0 18.36 18.02 
38920 8497 33 70 67 67 204 0 17.08 19.58 
39093 8904 31 69 65 66 198 0 18.68 17.70 
39266 8419 28 59 56 56 172 3 60.32 16.75 
39442 7775 26 55 52 51 158 0 59.62 16.12 
39618 11705 25 60 57 61 179 0 60.88 16.12 
39794 14279 25 61 59 65 185 0 61.01 55.91 
39972 15698 24 62 59 66 187 0 49.83 8.04 
40147 11705 25 60 57 61 178 0 36.35 7.74 
40321 3610 101 114 119 68 304 0 34.94 6.77 
40495 3611 107 116 124 69 314 0 31.08 7.09 
40668 3554 140 150 160 87 403 0 29.00 9.40 
40841 3624 97 110 115 66 297 0 12.46 11.78 
41014 3435 64 88 82 50 223 0 9.42 21.49 
41187 2100 27 94 56 42 189 0 12.46 23.27 
41360 1811 24 98 54 40 189 0 14.14 15.79 
41533 1905 29 113 64 48 222 3 15.83 22.12 
41706 2190 29 95 58 43 193 0 23.29 21.81 
41880 1893 31 122 69 51 239 0 22.44 10.06 
42053 1851 30 122 68 51 238 0 23.31 9.40 
42226 1811 28 120 66 50 233 0 19.62 5.49 
42399 1912 30 122 69 53 241 19 14.82 4.52 
42571 1961 28 108 62 47 215 0 6.78 12.43 
42743 1658 24 124 64 49 233 0 7.43 16.42 
42916 3748 37 79 63 50 191 6 9.76 16.44 
43089 7605 99 121 151 136 411 0 12.12 26.13 
43262 7447 95 119 146 131 398 0 16.46 15.79 
43435 7375 93 116 142 127 386 0 15.50 16.13 
43608 7762 99 123 153 139 418 0 14.48 16.12 
43781 7614 80 98 122 110 332 1 15.50 15.79 
43954 8800 87 107 138 130 378 0 19.62 18.02 
44127 9199 92 111 146 139 399 0 24.45 22.98 
44301 8738 78 98 124 117 341 0 30.04 28.95 
44476 9894 69 85 112 109 307 0 32.86 31.53 
44651 6139 39 59 62 54 174 0 35.68 37.21 
44826 6993 38 55 61 55 172 0 41.14 35.63 
45002 10414 51 64 84 83 231 0 42.28 43.21 
45178 10893 52 67 88 88 243 0 50.17 45.97 
45355 3755 22 74 51 47 171 0 49.16 50.63 
45532 3842 28 59 48 38 144 2 52.87 51.61 
45709 4027 40 67 60 45 172 0 58.36 55.49 
45887 3511 24 78 54 48 179 0 68.54 35.38 
46064 3531 25 81 56 50 185 0 67.15 37.20 
46241 3531 25 81 56 50 186 0 38.64 41.09 
46417 3709 27 73 54 46 173 0 61.01 36.29 
46594 4131 86 127 122 88 340 0 28.75 32.04 
46769 3994 82 119 114 80 316 0 49.49 16.42 
46944 3006 65 93 81 44 219 0 16.76 15.79 
47117 2824 90 128 109 54 294 0 16.46 15.79 
47290 2823 87 125 106 53 286 0 46.65 9.40 
47464 2844 77 111 94 48 256 3 42.28 7.09 
47638 2679 32 87 59 44 188 0 37.50 6.78 
47812 2855 35 94 65 50 207 0 37.50 8.06 
47986 3448 47 96 76 57 227 0 35.90 6.14 
48160 3471 51 104 83 62 247 0 31.84 5.49 
48333 2286 28 102 62 50 212 0 10.10 32.57 
48507 2211 24 94 56 46 194 0 62.80 45.97 
48685 5519 55 76 82 67 226 0 55.86 46.39 
48862 7485 102 93 139 119 353 0 30.55 32.81 
49037 7206 99 92 135 114 342 0 31.08 29.22 
49212 4748 42 68 65 52 185 0 30.04 31.77 
49387 2962 28 72 51 39 160 0 30.04 41.75 
49562 2643 26 81 53 42 175 0 31.84 29.22 
49737 1895 22 110 61 52 220 0 32.88 37.89 
49912 1846 22 111 61 51 220 0 34.41 35.85 
50087 1938 22 109 61 52 219 0 28.48 24.41 
50261 2765 24 70 47 37 153 0 20.89 20.23 
50435 6443 87 92 120 99 312 0 15.50 16.42 
50608 7037 121 119 167 141 430 0 14.82 15.79 
50781 6444 91 98 127 105 331 2 21.52 16.12 
50954 6649 109 114 151 126 395 0 19.94 21.50 
51128 1885 44 139 80 50 267 0 15.83 16.42 
51301 1669 42 158 82 49 286 0 15.50 14.47 
51474 1660 42 163 84 51 296 0 16.15 12.10 
51647 1667 43 164 85 51 297 2 16.76 6.77 
51820 1699 42 151 80 48 276 0 15.16 9.06 
51993 2030 43 118 72 43 232 0 8.74 18.63 
52166 3598 82 77 89 45 213 2 7.11 7.74 
52338 3721 108 86 111 53 254 0 4.54 7.41 
52510 3743 108 85 111 53 252 0 6.78 97.10 
52687 3730 108 84 110 52 250 0 7.43 16.75 
52860 3730 108 84 110 52 249 0 9.74 55.90 
53035 3750 76 67 82 42 193 0 16.46 74.77 
53212 3723 101 81 104 50 238 0 14.82 65.93 
53388 3729 106 84 109 52 248 0 10.10 9.06 
53560 3716 95 78 99 48 228 0 135.57 8.06 
53740 3601 68 68 76 40 185 0 86.28 7.09 
53917 2710 48 86 66 38 192 0 8.74 9.06 
54089 2376 48 103 71 41 216 0 10.10 7.74 
54261 2253 43 102 67 40 210 0 58.92 6.78 
54436 1741 56 182 99 55 334 0 12.12 48.93 
54611 1718 58 190 102 56 346 0 65.19 45.78 
54789 1725 58 191 103 57 348 0 63.10 47.96 
54967 1725 58 191 103 57 349 0 59.60 3.25 
55142 1802 56 173 97 55 323 0 55.71 3.25 
55317 6800 114 122 161 136 423 0 52.04 5.81 
55492 1712 25 140 74 62 272 0 6.46 35.39 
55666 2532 85 130 102 46 282 0 9.42 13.11 
55838 2545 82 118 95 40 257 0 9.42 32.56 
56012 2519 100 145 116 48 314 0 22.15 18.00 
56186 2476 137 202 159 65 432 0 54.38 49.78 
56363 2558 71 125 94 50 270 2 58.77 32.57 
56540 3704 41 108 80 68 255 0 58.92 36.07 
56717 6937 108 112 151 128 394 0 55.42 36.99 
56894 6988 109 113 153 130 399 0 58.22 47.79 
57071 6537 86 94 121 101 318 0 22.44 43.01 
57246 6627 94 104 133 112 351 1 58.79 40.15 
57423 6740 103 110 145 122 381 0 59.06 20.86 
57599 6375 85 99 122 102 324 12 58.24 17.37 
57775 6130 77 93 111 92 296 0 16.76 15.47 
57948 2251 28 114 68 57 237 2 9.08 13.45 
58120 2157 25 98 58 47 203 0 10.10 18.00 
58293 2334 45 116 76 50 242 0 14.82 15.79 
58466 2572 111 165 132 59 361 0 12.46 38.33 
58640 2596 83 137 106 54 300 0 15.50 38.33 
58814 1625 22 135 68 56 254 4 14.48 31.79 
58988 2385 78 153 108 58 321 0 14.47 37.67 
59162 2454 179 259 204 80 553 0 14.16 15.79 
59335 2460 179 260 205 81 557 0 16.44 18.33 
59508 2466 182 263 208 82 563 0 43.47 44.79 
59684 2452 178 260 204 81 555 0 46.05 18.95 
59859 2464 183 265 209 83 568 3 22.15 19.28 
60033 2910 147 213 182 96 500 0 18.04 15.79 
60206 4081 189 271 262 186 728 0 15.83 30.50 
60380 2179 23 144 81 79 302 6 3.57 14.79 
60552 3507 32 140 90 87 315 0 3.57 13.45 
60724 7361 119 143 179 159 485 0 3.25 15.13 
60896 7313 123 147 184 163 499 6 4.86 16.75 
61068 7318 123 148 185 164 502 0 5.81 15.79 
61240 7293 119 145 179 159 487 0 7.74 15.79 
61413 6238 70 90 104 88 283 4 9.08 16.12 
61586 1997 17 132 72 73 274 0 9.76 20.23 
61759 2108 20 139 77 77 291 3 36.36 23.26 
61934 3997 161 235 224 158 624 0 35.90 25.57 
62109 4035 110 156 151 106 418 0 35.67 24.68 
62284 2585 131 189 153 67 414 0 14.48 16.12 
62457 2532 146 211 169 71 457 0 13.80 15.13 
62630 2891 100 144 123 64 336 5 14.82 13.79 
62803 4044 149 213 206 145 573 0 15.83 14.13 
62976 4050 173 248 239 169 664 0 14.14 11.08 
63149 4060 171 246 237 168 659 0 15.83 16.44 
63322 4022 134 192 185 130 513 0 15.81 16.75 
63495 4013 180 256 247 173 685 0 16.78 10.74 
63668 4047 145 207 200 141 555 0 15.83 9.74 
63841 4135 126 175 173 122 478 0 15.83 16.12 
64014 4132 129 178 176 124 486 4 16.76 10.76 
64187 4039 159 228 220 155 612 0 15.83 9.40 
64360 4034 186 265 256 180 710 0 9.42 9.06 
64532 4010 187 265 256 179 709 0 6.14 9.06 
64704 4004 184 264 254 178 706 0 6.14 10.40 
64876 4010 187 265 256 179 709 0 6.46 8.38 
65048 4010 187 265 256 179 709 1 6.46 7.41 
65220 2759 242 251 242 79 673 0 8.74 7.09 
65392 2685 112 161 133 62 350 0 10.10 8.06 
65564 2768 104 149 125 61 339 3 13.12 12.44 
65737 3953 99 138 134 92 371 0 18.04 16.75 
65910 4028 144 208 200 141 556 0 21.20 19.28 
66084 4028 147 214 205 145 570 0 23.29 20.21 
66258 4058 161 233 224 159 621 0 35.67 35.62 
66433 4027 108 158 151 107 420 0 35.44 35.38 
66608 4012 131 188 181 127 503 0 31.33 22.97 
66782 4007 151 218 209 147 581 0 30.31 20.54 
66956 3642 101 144 135 88 373 0 19.62 18.00 
67129 2833 105 147 126 62 341 3 15.50 15.47 
67302 2564 134 195 157 68 427 0 15.83 14.13 
67475 1623 19 136 67 57 256 0 18.36 9.74 
67648 1620 19 132 66 57 251 2 16.46 9.40 
67821 6575 103 109 143 119 374 0 16.46 6.77 
67994 6833 120 121 166 139 430 0 16.46 17.07 
68167 6833 120 121 166 139 430 0 13.48 9.74 
68340 6879 118 119 163 137 423 0 10.10 10.08 
68512 2364 50 133 87 59 279 1 7.74 7.09 
68684 1668 42 162 84 51 295 0 6.46 17.07 
68857 1690 46 169 89 54 310 0 9.42 10.08 
69029 2429 50 110 76 46 232 3 14.82 17.37 
69202 3603 75 70 81 41 194 0 15.50 15.79 
69375 3625 77 71 83 42 198 0 13.12 15.79 
69548 3723 101 81 104 50 237 5 12.78 16.12 
69721 3738 103 82 106 51 241 0 10.10 15.47 
69894 3738 103 82 106 51 242 0 9.08 15.79 
70067 3776 68 63 75 40 181 0 10.42 13.12 
70240 3813 68 62 75 40 180 0 9.08 15.49 
70413 3762 72 65 78 41 186 1 12.10 16.42 
70586 3777 70 63 76 40 182 0 11.78 17.70 
70759 3738 103 82 106 51 242 3 10.10 15.49 
70932 3716 106 83 108 51 245 4 8.74 12.10 
71104 3729 73 66 79 41 188 0 7.11 36.07 
71278 3710 91 75 95 46 219 0 7.11 10.08 
71450 3729 106 84 109 52 248 0 8.06 7.11 
71622 3722 110 86 112 53 253 0 6.14 7.09 
71794 3729 105 84 108 52 247 0 4.86 7.09 
71966 3716 106 83 108 51 246 1 4.86 7.11 
72138 3729 105 84 108 52 246 0 4.86 7.11 
72310 3729 105 84 108 52 246 0 8.74 8.06 
72482 3729 105 84 108 52 246 3 12.12 16.12 
72655 3731 96 79 100 49 230 0 16.46 17.05 
72828 1966 40 116 69 42 226 0 37.49 16.42 
73002 1681 45 170 89 55 311 0 16.13 16.12 
73175 1673 44 169 88 54 308 0 14.14 16.12 
73348 1676 43 161 84 50 293 6 13.46 15.79 
73521 2646 49 92 69 40 202 0 8.06 8.06 
73693 3736 77 69 83 43 197 0 5.81 5.81 
73865 3708 107 85 110 52 250 7 4.54 4.52 
74037 3749 75 67 81 42 192 0 5.18 7.74 
74209 3750 76 67 82 42 194 0 91.63 16.44 
74387 3707 79 70 85 43 200 0 118.90 55.64 
74568 3723 101 81 104 50 237 0 6.14 9.06 
74740 3729 105 84 108 52 246 0 5.18 6.77 
74912 3715 104 83 107 51 244 0 7.11 5.80 
75084 3746 96 80 101 50 234 0 10.42 9.06 
75256 3151 53 75 67 38 182 0 12.10 9.74 
75428 1785 51 162 90 52 302 0 13.46 9.74 
75601 1734 54 181 98 56 333 0 15.83 17.37 
75774 1734 54 181 98 56 333 0 13.48 22.12 
75947 1749 53 174 95 54 322 0 15.83 17.68 
76120 5800 80 95 113 91 300 0 15.83 16.12 
76293 6836 113 116 157 132 408 0 14.14 14.79 
76466 6834 109 113 152 128 396 4 12.12 15.13 
76639 6444 91 98 127 105 331 1 12.12 14.13 
76812 4416 48 74 71 54 199 0 12.12 15.79 
76985 2268 38 97 63 40 198 0 11.78 13.11 
77158 2268 38 97 63 40 198 0 7.43 12.78 
77330 2246 39 97 63 39 197 0 6.14 11.42 
77502 2080 44 116 72 43 231 0 6.14 11.42 
77674 1929 47 132 78 45 255 0 7.74 9.74 
77846 1926 47 134 79 46 258 0 4.54 2.92 
78018 1886 47 138 80 47 264 4 8.06 3.25 
78190 3652 88 77 93 46 219 0 69.22 4.84 
78366 3713 101 83 105 51 242 0 64.48 6.77 
78541 3698 99 82 103 50 238 0 63.65 11.08 
78717 3734 87 74 92 46 214 4 14.82 15.79 
78890 3700 102 82 105 50 240 0 17.08 17.07 
79063 3724 102 81 105 50 240 0 21.84 64.96 
79239 3702 104 82 106 50 241 0 60.59 50.76 
79417 3739 104 82 107 51 243 0 55.73 52.14 
79594 3627 108 84 109 49 248 0 51.70 51.27 
79771 3754 90 78 96 49 226 0 51.36 51.78 
79948 3748 103 80 105 50 238 0 52.53 49.76 
80125 3746 107 88 112 55 258 0 53.38 50.27 
80302 3769 105 87 110 55 255 0 52.89 49.10 
80479 3742 105 85 109 53 249 0 52.87 48.93 
80656 3733 101 79 103 49 234 0 52.87 48.91 
80833 3726 105 81 107 50 241 0 49.33 48.55 
81010 3739 104 82 107 51 243 0 43.26 44.79 
81186 3774 84 71 89 45 207 0 41.84 42.99 
81362 3748 73 67 80 42 190 0 40.46 42.23 
81538 3743 81 72 87 45 206 0 36.35 36.75 
81713 3761 84 73 90 46 211 0 33.64 35.60 
81888 3907 99 113 121 75 314 0 30.04 31.79 
82063 3842 107 120 129 78 331 0 30.29 30.24 
82238 3787 71 69 80 44 194 0 30.02 28.14 
82413 3791 77 72 85 46 206 0 28.19 27.28 
82587 3787 70 69 79 44 193 1 25.31 29.21 
82761 3781 49 55 59 35 150 0 18.99 20.54 
82934 3788 53 58 63 37 160 0 16.15 20.21 
83107 3803 66 67 76 43 186 0 15.83 17.70 
83280 3803 66 67 76 43 188 0 16.15 15.79 
83453 3803 66 67 76 43 187 4 14.82 15.79 
83626 3803 66 67 76 43 186 0 14.82 15.79 
83799 3781 66 66 75 42 186 4 15.50 16.42 
83972 3781 66 66 75 42 185 0 15.50 16.75 
84145 3781 66 66 75 42 186 0 15.83 17.05 
84318 3781 66 66 75 42 186 0 15.50 16.12 
84491 3781 66 66 75 42 186 0 13.80 20.21 
84664 3759 64 65 73 41 181 0 17.08 20.23 
84837 3788 50 58 61 37 156 4 16.46 19.28 
85010 3781 58 66 70 42 178 0 16.76 18.95 
85183 3749 55 62 66 39 168 0 7.43 15.79 
85356 3800 54 64 67 41 172 2 12.12 9.06 
85528 4213 59 77 79 55 212 0 11.78 5.49 
85700 6339 32 51 53 47 150 0 12.12 5.49 
85872 7329 31 49 53 49 151 3 12.46 4.52 
86044 7329 31 49 53 49 151 0 11.10 3.57 
86216 7176 31 49 52 48 149 0 102.54 3.25 
86393 7151 30 48 51 47 147 0 73.53 2.92 
86569 5256 29 46 46 38 130 0 70.09 5.17 
86745 5730 30 47 48 41 136 0 10.10 9.40 
86917 4862 29 46 45 36 127 0 15.83 18.00 
87090 4555 29 44 43 33 121 0 15.83 18.95 
87263 4555 29 44 43 33 120 0 19.94 58.28 
87439 4555 29 44 43 33 120 16 68.14 53.13 
87617 3831 35 48 47 31 126 0 67.15 43.81 
87795 3739 34 43 43 27 114 0 69.75 42.42 
87973 3772 41 52 52 33 137 4 69.67 42.94 
88151 3747 42 54 54 34 142 0 68.68 44.20 
88329 3835 39 51 51 33 136 0 68.68 56.05 
88507 3747 42 54 54 34 143 0 69.05 48.93 
88685 3747 42 54 54 34 143 0 69.75 67.46 
88864 3910 36 50 49 33 132 0 69.31 56.46 
89043 3835 39 51 51 33 137 0 68.25 42.40 
89221 3837 38 51 50 33 134 0 64.36 15.79 
89397 3747 42 54 54 34 143 0 65.19 50.76 
89575 3865 30 43 41 28 112 0 67.29 41.53 
89753 3807 41 53 53 34 140 0 69.22 57.15 
89932 3839 43 54 55 35 145 0 72.32 49.76 
90110 3905 38 50 50 33 133 0 73.47 55.62 
90289 5068 27 42 42 34 118 0 72.76 52.46 
90468 5191 25 39 39 32 110 0 73.20 52.10 
90647 5191 25 39 39 32 110 0 73.20 49.57 
90825 5243 25 40 40 33 113 0 73.22 49.59 
91003 5368 24 40 39 33 112 0 73.20 49.10 
91181 5243 25 40 40 33 112 0 72.40 23.26 
91358 5243 25 40 40 33 112 0 71.52 47.55 
91536 5558 25 40 40 34 115 0 69.56 53.62 
91714 5439 28 44 44 37 126 0 69.31 55.62 
91893 4318 29 43 42 31 117 0 69.14 42.42 
92071 3835 39 51 51 33 135 0 67.54 40.61 
92249 3835 39 51 51 33 135 0 68.82 41.31 
92427 3807 41 53 53 34 140 0 70.29 56.17 
92606 3829 37 48 48 31 128 0 73.20 62.58 
92785 5018 27 41 41 33 116 0 74.10 63.97 
92964 5137 24 38 38 31 108 0 74.09 63.27 
93143 5454 24 38 38 32 109 0 73.90 41.29 
93321 5313 23 39 38 32 109 0 72.05 48.57 
93499 5400 23 37 37 31 106 0 68.95 68.73 
93678 4862 29 46 45 36 127 0 67.83 38.35 
93855 3807 41 53 53 34 140 0 67.85 43.40 
94033 3713 42 53 53 33 140 0 67.29 51.61 
94211 3770 33 41 42 26 110 0 68.10 48.93 
94389 3793 29 36 37 23 97 0 67.27 39.49 
94566 3833 41 51 52 33 137 0 67.69 40.41 
94744 3781 44 55 56 35 146 0 67.29 39.95 
94921 3781 44 55 56 35 146 0 67.01 39.93 
95098 3781 44 55 56 35 146 0 69.04 49.08 
95276 3839 43 54 55 35 145 0 69.48 49.59 
95454 3806 43 53 54 34 141 0 68.25 59.65 
95633 3772 41 52 52 33 138 0 63.80 46.77 
95811 3839 43 54 55 35 145 0 60.18 47.75 
95988 3717 39 56 53 35 144 0 59.19 45.36 
96165 3352 35 63 52 36 150 0 60.86 43.01 
96342 3336 34 60 50 34 144 0 63.22 48.91 
96520 3336 34 60 50 34 144 0 65.04 52.62 
96698 3384 33 59 49 34 142 0 63.67 62.12 
96877 3341 32 58 48 33 140 0 60.45 41.99 
97054 3566 34 58 50 35 143 0 56.42 48.74 
97231 5464 43 50 59 46 156 0 56.56 43.81 
97408 4670 37 50 52 39 141 4 54.74 45.00 
97585 3442 33 66 53 39 158 0 51.85 49.08 
97762 3408 31 63 50 37 149 0 50.34 48.93 
97939 3634 31 49 44 30 123 8 49.50 44.20 
98116 3560 36 52 48 31 131 0 47.43 45.58 
98293 3255 45 67 59 36 162 0 46.24 45.97 
98470 3237 48 73 64 39 176 0 44.66 42.62 
98646 3254 48 71 63 38 173 0 43.06 21.49 
98821 4002 42 64 60 43 167 0 20.89 22.12 
98995 3429 43 63 57 36 157 0 18.67 18.60 
99168 3710 41 64 58 40 163 0 16.13 16.75 
99341 3998 50 76 71 51 199 3 14.82 17.37 
99514 4001 47 73 68 49 191 0 33.64 35.62 
99689 3882 32 60 51 39 150 0 9.76 32.30 
99863 3886 27 68 52 44 163 0 7.43 30.24 
100036 3886 27 68 52 44 164 0 31.08 7.41 
100209 5715 33 50 52 44 147 0 35.90 1.97 
100382 6227 36 49 55 47 152 0 48.01 3.89 
100556 3843 34 62 53 40 155 0 59.31 3.25 
100731 3035 31 72 53 39 163 0 18.04 5.17 
100904 3101 32 71 53 39 162 0 6.78 43.79 
101078 3583 39 66 57 40 163 0 13.46 49.44 
101253 3627 55 93 81 57 232 0 3.25 15.79 
101425 3687 52 68 67 42 178 2 46.26 46.36 
101602 3629 80 93 96 56 248 0 4.54 25.26 
101775 3641 89 101 106 61 270 4 4.54 40.17 
101949 3637 92 106 110 64 283 0 31.84 18.33 
102123 4661 56 87 84 66 238 0 6.14 16.42 
102295 14279 25 61 59 65 186 0 25.87 5.17 
102468 10430 27 63 59 62 185 0 20.25 3.25 
102641 3847 42 101 78 65 244 3 9.42 8.38 
102813 3194 60 166 117 96 378 0 14.14 15.81 
102986 3191 56 162 113 94 368 0 16.78 36.99 
103160 3140 55 160 111 92 362 0 15.83 19.60 
103333 3156 57 160 112 92 362 0 15.83 18.33 
103506 3156 57 160 112 92 363 0 13.80 16.42 
103679 3118 57 161 112 92 363 3 13.80 15.47 
103852 3118 57 161 112 92 363 0 14.48 15.49 
104025 3118 57 161 112 92 364 5 10.44 11.42 
104197 3118 57 161 112 92 364 0 9.76 10.08 
104369 3118 57 161 112 92 364 0 9.76 12.44 
104541 3118 57 161 112 92 364 4 11.10 15.79 
104714 3118 57 161 112 92 364 0 11.78 12.78 
104887 3118 57 161 112 92 364 0 12.10 11.76 
105060 3118 57 161 112 92 364 0 20.57 16.73 
105233 3118 57 161 112 92 364 0 19.62 15.79 
105406 3118 57 161 112 92 364 0 17.08 28.95 
105580 3118 57 161 112 92 364 0 15.83 16.12 
105753 3118 57 161 112 92 364 0 15.83 16.12 
105926 3118 57 161 112 92 364 1 15.83 16.10 
106099 3165 56 161 112 93 364 0 15.83 16.12 
106272 3165 56 161 112 93 365 0 15.83 16.12 
106445 3165 56 161 112 93 365 0 15.81 16.12 
106618 3165 56 161 112 93 365 0 15.83 16.12 
106791 3165 56 161 112 93 365 5 15.83 16.12 
106964 3165 56 161 112 93 365 0 15.81 16.12 
107137 3165 56 161 112 93 365 0 15.83 16.12 
107310 3165 56 161 112 93 365 2 15.83 16.10 
107483 3165 56 161 112 93 365 0 15.81 16.12 
107656 3165 56 161 112 93 365 0 15.81 16.12 
107829 3165 56 161 112 93 365 0 15.81 16.10 
108002 3165 56 161 112 93 365 0 15.83 16.12 
108175 3165 56 161 112 93 365 8 15.83 16.12 
108348 3126 56 162 112 93 365 0 15.83 16.12 
108521 3126 56 162 112 93 365 0 15.81 16.12 
108694 3126 56 162 112 93 365 0 15.83 16.13 
108867 3126 56 162 112 93 365 0 15.81 16.12 
