=~=~=~=~=~=~=~=~=~=~=~= PuTTY log 2025.11.28 02:39:35 =~=~=~=~=~=~=~=~=~=~=~=
ets Jul 29 2019 12:21:46

rst:0x1 (POWERON_RESET),boot:0x13 (SPI_FAST_FLASH_BOOT)
configsip: 0, SPIWP:0xee
clk_drv:0x00,q_drv:0x00,d_drv:0x00,cs0_drv:0x00,hd_drv:0x00,wp_drv:0x00
mode:DIO, clock div:1
load:0x3fff0030,len:4980
load:0x40078000,len:16612
load:0x40080400,len:3480
entry 0x400805b4
Found sensor
Milis - ColorTemp - Lux - R - G - B - C - Pot - UsensA - UsensB

399 4632 36 49 51 38 139 0 3.26 3.25 
571 4632 36 49 51 38 139 10 3.25 3.25 
743 4632 36 49 51 38 139 0 3.25 3.25 
915 4632 36 49 51 38 139 0 3.25 3.25 
1087 4632 36 49 51 38 139 13 3.25 3.25 
1259 4632 36 49 51 38 139 4 3.25 3.25 
1431 4632 36 49 51 38 139 0 4.54 3.25 
1603 4632 36 49 51 38 139 15 3.26 3.25 
1775 4632 36 49 51 38 139 0 4.54 3.25 
1947 4632 36 49 51 38 139 0 4.54 3.25 
2119 4632 36 49 51 38 139 31 4.54 3.25 
2291 4632 36 49 51 38 139 0 4.54 3.25 
2463 4632 36 49 51 38 139 0 3.25 3.25 
2635 4632 36 49 51 38 139 13 3.25 3.25 
2807 4632 36 49 51 38 139 0 4.54 3.25 
2979 4632 36 49 51 38 139 6 4.54 3.25 
3151 4632 36 49 51 38 139 9 4.54 3.25 
3323 4632 36 49 51 38 139 0 4.54 3.25 
3495 4632 36 49 51 38 139 0 3.25 3.25 
3667 4632 36 49 51 38 139 3 4.54 3.25 
3839 4632 36 49 51 38 139 12 4.54 3.25 
4011 4632 36 49 51 38 139 0 4.54 3.25 
4183 4632 36 49 51 38 139 0 4.54 3.25 
4355 4632 36 49 51 38 139 2 3.26 3.25 
4527 4632 36 49 51 38 139 0 4.54 3.25 
4699 4632 36 49 51 38 139 7 4.54 3.25 
4871 4632 36 49 51 38 139 5 4.54 3.25 
5043 4632 36 49 51 38 139 0 4.54 3.25 
5215 4632 36 49 51 38 139 0 4.54 3.25 
5387 4632 36 49 51 38 139 10 3.25 3.25 
5559 4632 36 49 51 38 139 4 4.54 3.25 
5731 4632 36 49 51 38 139 0 4.54 3.25 
5903 4632 36 49 51 38 139 12 3.25 3.25 
6075 4632 36 49 51 38 139 0 4.54 3.25 
6247 4632 36 49 51 38 139 0 4.54 3.25 
6419 4632 36 49 51 38 139 31 3.26 3.25 
6591 4632 36 49 51 38 139 0 4.54 3.25 
6763 4632 36 49 51 38 139 0 4.54 3.25 
6935 4632 36 49 51 38 139 16 3.26 3.25 
7107 4632 36 49 51 38 139 0 4.54 3.25 
7279 4632 36 49 51 38 139 7 4.54 3.25 
7451 4632 36 49 51 38 139 12 4.54 3.25 
7623 4632 36 49 51 38 139 0 4.54 3.25 
7795 4632 36 49 51 38 139 0 4.54 3.25 
7967 4632 36 49 51 38 139 11 3.25 3.25 
8139 4632 36 49 51 38 139 17 4.54 3.25 
8311 4632 36 49 51 38 139 0 4.54 3.25 
8483 4632 36 49 51 38 139 0 4.54 3.25 
8655 4632 36 49 51 38 139 1 4.54 3.25 
8827 4632 36 49 51 38 139 0 4.54 3.25 
8999 4632 36 49 51 38 139 7 4.54 3.25 
9171 4632 36 49 51 38 139 5 4.54 3.25 
9343 4632 36 49 51 38 139 0 4.54 3.25 
9515 4632 36 49 51 38 139 0 4.54 3.25 
9687 4632 36 49 51 38 139 17 4.54 3.25 
9859 4632 36 49 51 38 139 2 4.54 3.25 
10031 4632 36 49 51 38 139 0 4.54 3.25 
10203 4632 36 49 51 38 139 21 4.54 3.25 
10375 4632 36 49 51 38 139 0 4.54 3.25 
10547 4632 36 49 51 38 139 0 3.25 3.25 
10719 4632 36 49 51 38 139 39 4.54 3.25 
10891 4632 36 49 51 38 139 0 4.54 3.25 
11063 4632 36 49 51 38 139 0 3.25 3.25 
11235 4632 36 49 51 38 139 21 4.54 3.25 
11407 4632 36 49 51 38 139 0 4.54 3.25 
11579 4632 36 49 51 38 139 6 4.54 3.25 
11751 4803 36 49 51 39 139 7 3.25 3.25 
11923 4632 36 49 51 38 139 0 3.25 3.25 
12095 4632 36 49 51 38 139 0 3.26 3.25 
12267 4632 36 49 51 38 139 0 3.26 3.25 
12439 4632 36 49 51 38 139 10 4.54 3.25 
12611 4632 36 49 51 38 139 0 3.25 3.25 
12783 4632 36 49 51 38 139 0 3.25 3.25 
12955 4632 36 49 51 38 139 0 4.54 3.25 
13127 4803 36 49 51 39 139 0 3.26 3.25 
13299 4803 36 49 51 39 139 7 3.25 3.25 
13471 4803 36 49 51 39 139 5 4.54 3.25 
13643 4803 36 49 51 39 139 0 4.54 3.25 
13815 4803 36 49 51 39 139 0 3.25 3.25 
13987 4803 36 49 51 39 139 9 3.25 3.25 
14159 4803 36 49 51 39 139 5 3.25 3.25 
14331 4803 36 49 51 39 140 0 3.25 3.25 
14503 5805 46 51 63 50 164 12 3.25 3.25 
14675 6639 51 53 71 59 184 0 3.25 3.25 
14847 6639 51 53 71 59 184 0 3.25 3.25 
15019 5478 42 55 61 49 166 25 3.25 3.25 
15191 3187 33 73 55 41 168 0 3.25 3.25 
15363 3332 45 70 61 39 170 0 3.25 3.25 
15535 3265 51 76 67 41 185 6 3.25 3.25 
15707 3222 50 77 67 41 184 0 3.25 3.25 
15879 3534 47 74 66 44 185 7 3.25 3.25 
16051 3918 53 82 76 54 212 0 3.26 3.25 
16223 4122 61 96 89 66 250 0 3.25 3.25 
16395 4021 61 95 88 64 245 0 3.25 3.25 
16567 4021 61 95 88 64 246 0 3.26 3.25 
16739 4021 61 95 88 64 246 16 3.25 3.25 
16911 4021 61 95 88 64 246 0 3.25 3.25 
17083 4021 61 95 88 64 246 0 3.26 3.25 
17255 4021 61 95 88 64 246 7 3.26 3.25 
17427 4021 61 95 88 64 246 0 4.54 3.25 
17599 4021 61 95 88 64 246 7 4.54 3.25 
17771 4021 61 95 88 64 246 12 4.54 3.25 
17943 4021 61 95 88 64 246 0 3.26 3.25 
18115 4021 61 95 88 64 246 0 3.25 3.25 
18287 4021 61 95 88 64 246 11 3.25 3.25 
18459 4021 61 95 88 64 246 7 3.26 3.25 
18631 4021 61 95 88 64 246 0 3.25 3.25 
18803 4021 61 95 88 64 246 6 3.26 3.25 
18975 4021 61 95 88 64 246 0 3.25 3.25 
19147 4021 61 95 88 64 246 0 3.25 3.25 
19319 4021 61 95 88 64 246 12 3.25 3.25 
19491 4021 61 95 88 64 245 0 3.25 3.25 
19663 4066 61 94 88 64 245 0 3.26 3.25 
19835 4066 61 94 88 64 245 0 3.25 3.25 
20007 4021 61 95 88 64 245 3 3.25 3.25 
20179 4021 61 95 88 64 245 4 3.25 3.25 
20351 4021 61 95 88 64 245 0 3.25 3.25 
20523 4021 61 95 88 64 245 7 3.25 3.25 
20695 4021 61 95 88 64 245 0 3.25 3.25 
20867 4021 61 95 88 64 245 0 3.25 3.25 
21039 4021 61 95 88 64 245 26 3.25 3.25 
21211 4021 61 95 88 64 245 0 3.25 3.25 
21383 4021 61 95 88 64 245 0 3.25 3.25 
21555 4021 61 95 88 64 245 10 3.25 3.25 
21727 4021 61 95 88 64 245 0 3.25 3.25 
21899 4021 61 95 88 64 245 6 3.25 3.25 
22071 4021 61 95 88 64 245 3 3.26 3.25 
22243 4021 61 95 88 64 245 0 3.26 3.25 
22415 4021 61 95 88 64 245 0 3.26 3.25 
22587 4021 61 95 88 64 245 0 3.26 3.25 
22759 4021 61 95 88 64 245 13 3.25 3.25 
22931 4021 61 95 88 64 245 0 3.25 3.25 
23103 4021 61 95 88 64 245 0 3.25 1.97 
23274 4021 61 95 88 64 245 6 3.25 1.97 
23445 4021 61 95 88 64 245 0 3.25 1.97 
23616 4021 61 95 88 64 245 0 3.25 1.97 
23787 4021 61 95 88 64 245 0 3.25 1.97 
23958 4021 61 95 88 64 245 4 3.26 1.97 
24129 4021 61 95 88 64 246 0 3.25 1.97 
24300 4021 61 95 88 64 246 0 3.25 3.25 
24472 4021 61 95 88 64 246 1 3.25 3.25 
24644 4021 61 95 88 64 248 0 3.25 3.25 
24816 4119 60 93 87 64 246 0 3.25 3.25 
24988 4026 60 106 93 71 271 0 3.25 3.25 
25160 4366 29 71 56 49 175 2 3.25 3.25 
25332 7239 39 55 63 57 176 0 3.25 3.25 
25504 3788 35 69 57 44 169 0 3.25 3.25 
25676 2922 35 85 61 45 189 7 4.54 3.25 
25848 3320 31 58 47 33 139 0 3.25 3.25 
26020 3624 69 83 84 50 219 0 3.26 3.25 
26192 3648 86 99 103 60 265 13 3.25 3.25 
26364 3733 75 91 93 57 243 0 4.54 3.25 
26536 7959 32 66 63 62 190 0 4.54 3.25 
26708 12624 26 63 60 65 188 11 3.25 3.25 
26880 3460 43 114 83 69 265 0 3.26 3.25 
27052 3202 53 156 108 91 355 0 3.25 3.25 
27224 3202 53 156 108 91 355 4 3.26 3.25 
27396 3202 53 156 108 91 355 0 3.25 3.25 
27568 3202 53 156 108 91 354 0 3.26 3.25 
27740 3202 53 156 108 91 354 0 3.25 3.25 
27912 3202 53 156 108 91 354 0 3.25 3.25 
28084 3245 53 155 108 91 354 0 3.25 3.25 
28256 3245 53 155 108 91 353 0 3.25 3.25 
28428 3245 53 155 108 91 353 6 4.54 3.25 
28600 3105 51 155 106 89 353 0 3.25 3.25 
28772 4094 37 90 70 60 348 0 3.25 3.25 
28944 10828 27 60 58 61 180 11 3.25 3.25 
29116 7123 34 67 64 61 192 0 3.25 3.25 
29288 3622 91 105 109 63 279 0 3.25 3.25 
29460 3621 78 90 93 54 239 12 3.25 3.25 
29632 3117 34 70 54 38 161 0 3.25 3.25 
29804 2933 39 91 66 48 203 0 4.54 3.25 
29976 3165 52 110 84 61 253 9 3.26 3.25 
30148 3177 52 113 86 63 259 0 3.25 3.25 
30320 3084 50 107 81 58 243 0 3.25 3.25 
30492 2947 42 98 71 52 218 0 3.26 3.25 
30664 2917 36 84 61 44 188 0 3.25 3.25 
30836 2864 36 85 61 44 189 0 3.25 3.25 
31008 2811 36 86 61 44 189 0 3.25 3.25 
31180 2845 37 86 62 44 189 8 3.25 3.25 
31352 2845 37 86 62 44 189 0 3.25 3.25 
31524 2845 37 86 62 44 189 0 3.25 3.25 
31696 2845 37 86 62 44 189 16 3.25 3.25 
31868 2845 37 86 62 44 189 0 3.25 3.25 
32040 2845 37 86 62 44 189 0 3.25 3.25 
32212 2845 37 86 62 44 189 11 3.26 3.25 
32384 2845 37 86 62 44 189 0 3.25 3.25 
32556 2900 37 86 62 45 191 0 3.25 3.25 
32728 2808 34 82 58 42 180 11 3.25 3.25 
32900 2863 34 81 58 42 181 0 3.25 3.25 
33072 3047 32 69 52 37 157 0 3.25 3.25 
33244 2643 35 91 62 45 197 6 4.54 3.25 
33416 2745 31 79 55 40 172 0 3.25 3.25 
33588 2319 30 94 59 44 196 0 3.25 3.25 
33760 2297 30 98 61 46 203 0 3.25 3.25 
33932 2347 32 98 62 46 205 0 3.25 3.25 
34104 2694 29 74 51 37 161 0 3.26 3.25 
34276 2527 29 82 54 40 175 0 3.25 3.25 
34448 2239 32 104 64 48 213 2 3.25 3.25 
34620 2315 32 104 65 49 215 0 3.25 3.25 
34792 2341 34 108 68 51 227 0 3.26 3.25 
34964 2236 33 107 66 49 221 6 3.26 3.25 
35136 2339 33 107 67 51 226 0 3.26 3.25 
35308 2374 35 109 69 52 231 0 3.25 3.25 
35480 2416 40 118 76 56 249 11 3.25 3.25 
35652 2516 40 118 77 58 251 0 4.54 3.25 
35824 2600 41 122 80 62 265 0 3.25 3.25 
35996 2612 41 120 79 61 262 10 3.25 3.25 
36168 2570 40 121 79 61 262 0 3.25 3.25 
36340 2570 40 121 79 61 262 0 3.26 3.25 
36512 2570 40 121 79 61 263 6 3.25 3.25 
36684 2570 40 121 79 61 263 0 4.54 3.25 
36856 2570 40 121 79 61 262 0 4.54 3.25 
37028 2570 40 121 79 61 263 0 3.25 3.25 
37200 2535 41 121 79 60 262 0 3.25 3.25 
37372 2535 41 121 79 60 262 0 3.26 3.25 
37544 2535 41 121 79 60 262 0 4.54 3.25 
37716 2535 41 121 79 60 262 1 3.25 3.25 
37888 2535 41 121 79 60 262 0 3.25 3.25 
38060 2535 41 121 79 60 262 0 3.26 3.25 
38232 2535 41 121 79 60 262 7 3.26 3.25 
38404 2498 39 121 78 60 262 0 3.26 3.25 
38576 2535 41 121 79 60 262 0 3.25 3.25 
38748 2535 41 121 79 60 262 10 3.25 3.25 
38920 2535 41 121 79 60 262 0 3.25 3.25 
39092 2498 39 121 78 60 262 0 3.25 3.25 
39264 2498 39 121 78 60 262 10 3.25 3.25 
39436 2466 40 121 78 59 262 0 3.25 3.25 
39608 2466 40 121 78 59 262 0 3.25 3.25 
39780 2466 40 121 78 59 262 6 3.26 3.25 
39952 2466 40 121 78 59 262 0 3.25 3.25 
40124 2466 40 121 78 59 262 0 3.25 3.25 
40296 2466 40 121 78 59 262 0 3.25 3.25 
40468 2466 40 121 78 59 262 0 3.25 3.25 
40640 2466 40 121 78 59 262 0 3.25 3.25 
40812 2466 40 121 78 59 262 0 3.26 3.25 
40984 2466 40 121 78 59 262 0 3.25 3.25 
41156 2466 40 121 78 59 262 0 3.26 3.25 
41328 2466 40 121 78 59 262 0 3.25 3.25 
41500 2466 40 121 78 59 262 5 3.25 3.25 
41672 2466 40 121 78 59 262 0 3.25 3.25 
41844 2466 40 121 78 59 262 0 3.25 3.25 
42016 2466 40 121 78 59 262 11 3.25 3.25 
42188 2466 40 121 78 59 262 0 3.25 3.25 
42360 2466 40 121 78 59 262 0 3.26 3.25 
42532 2466 40 121 78 59 262 11 3.25 3.25 
42704 2466 40 121 78 59 262 0 3.26 3.25 
42876 2502 42 121 79 59 262 0 3.26 3.25 
43048 2502 42 121 79 59 262 7 4.54 3.25 
43220 2502 42 121 79 59 262 0 3.26 3.25 
43392 2435 41 121 78 58 262 0 3.25 3.25 
43564 2435 41 121 78 58 262 1 4.54 3.25 
43736 2435 41 121 78 58 262 0 4.54 3.25 
43908 2435 41 121 78 58 262 0 3.25 3.25 
44080 2435 41 121 78 58 261 0 3.25 3.25 
44252 2435 41 121 78 58 262 0 4.54 3.25 
44424 2435 41 121 78 58 261 0 3.25 3.25 
44596 2435 41 121 78 58 261 0 3.25 3.25 
44768 2435 41 121 78 58 261 4 3.25 3.25 
44940 2406 37 111 71 53 235 0 4.54 3.25 
45112 4739 36 67 60 50 176 0 3.26 3.25 
45284 10273 48 63 81 80 225 7 3.25 3.25 
45456 10760 48 63 81 81 225 0 3.25 3.25 
45628 4203 34 67 57 46 169 0 3.25 3.25 
45800 2436 39 113 73 54 239 11 3.25 3.25 
45972 2932 44 90 68 46 204 0 3.26 3.25 
46144 3569 127 137 146 80 367 0 4.54 3.25 
46316 3602 115 128 135 76 342 11 3.25 3.25 
46488 7928 35 74 70 69 214 0 3.25 3.25 
46660 11390 35 81 77 82 239 0 3.25 3.25 
46832 12486 32 77 73 79 229 8 3.25 3.25 
47004 12486 32 77 73 79 228 0 3.26 3.25 
47176 12486 32 77 73 79 228 0 3.25 3.25 
47348 12486 32 77 73 79 228 3 3.25 3.25 
47520 12486 32 77 73 79 228 0 3.25 3.25 
47692 12486 32 77 73 79 228 0 3.25 3.25 
47864 12486 32 77 73 79 228 0 3.25 3.25 
48036 12486 32 77 73 79 229 0 3.25 3.25 
48208 4694 55 82 81 63 226 0 3.26 3.25 
48380 3572 144 154 165 90 415 0 3.25 3.25 
48552 3241 63 100 86 54 241 2 3.25 3.25 
48724 2405 33 102 65 49 214 0 3.25 3.25 
48896 8384 46 65 76 72 213 0 3.25 3.25 
49068 9588 45 60 75 73 208 6 3.25 3.25 
49240 3681 24 81 56 51 187 0 3.25 3.25 
49412 3875 34 71 58 46 175 0 3.25 3.25 
49584 4055 54 84 78 57 219 8 4.54 3.25 
49756 4090 39 63 58 43 165 0 3.26 3.25 
49928 4077 41 63 59 43 166 0 3.26 3.25 
50100 4052 50 75 71 51 198 11 3.26 3.25 
50272 3762 46 93 76 59 230 0 3.25 3.25 
50444 3855 53 99 84 64 246 0 3.25 3.25 
50616 3966 52 89 79 59 227 12 3.25 3.25 
50788 4098 66 99 94 68 262 0 3.25 3.25 
50960 3901 67 99 93 65 258 0 3.25 3.25 
51132 2824 90 128 109 54 293 8 3.25 3.25 
51304 2836 75 109 92 47 251 0 4.54 3.25 
51476 3136 54 82 71 42 197 0 4.54 3.25 
51648 2971 36 78 58 41 177 5 3.26 3.25 
51820 2786 33 79 56 40 175 0 3.25 3.25 
51992 2844 32 79 56 41 175 0 3.26 3.25 
52164 2844 32 79 56 41 175 0 4.54 3.25 
52336 2844 32 79 56 41 175 0 4.54 3.25 
52508 2844 32 79 56 41 175 0 4.54 3.25 
52680 2844 32 79 56 41 175 0 4.54 3.25 
52852 2844 32 79 56 41 175 0 3.25 3.25 
53024 2844 32 79 56 41 175 0 3.25 3.25 
53196 2844 32 79 56 41 175 0 3.25 3.25 
53368 2844 32 79 56 41 175 1 3.25 3.25 
53540 2786 32 80 56 41 175 0 4.54 3.25 
53712 2786 32 80 56 41 175 0 4.54 3.25 
53884 2786 32 80 56 41 175 3 4.54 3.25 
54056 2786 32 80 56 41 175 0 4.54 3.25 
54228 2786 32 80 56 41 175 0 4.54 3.25 
54400 2786 32 80 56 41 175 7 4.54 3.25 
54572 2786 32 80 56 41 175 0 3.25 3.25 
54744 2786 32 80 56 41 176 0 3.25 3.25 
54916 2786 32 80 56 41 176 10 4.54 3.25 
55088 2786 32 80 56 41 176 0 4.54 3.25 
55260 2786 32 80 56 41 176 0 3.26 3.25 
55432 2786 32 80 56 41 176 10 3.25 3.25 
55604 2786 32 80 56 41 176 0 3.25 3.25 
55776 2786 32 80 56 41 176 0 3.25 3.25 
55948 2786 32 80 56 41 176 7 4.54 3.25 
56120 2786 32 80 56 41 176 0 4.54 3.25 
56292 2786 32 80 56 41 176 0 3.25 3.25 
56464 2786 32 80 56 41 176 2 3.25 3.25 
56636 2786 32 80 56 41 176 0 3.25 3.25 
56808 2786 32 80 56 41 175 0 3.25 3.25 
56980 2786 32 80 56 41 176 0 3.26 3.25 
57152 2786 32 80 56 41 176 0 3.25 3.25 
57324 2786 32 80 56 41 176 0 3.25 3.25 
57496 2786 32 80 56 41 176 0 3.26 4.52 
57668 2786 32 80 56 41 176 0 3.25 3.25 
57840 2786 32 80 56 41 175 0 3.25 4.52 
58012 2786 32 80 56 41 175 0 3.26 4.52 
58184 2786 32 80 56 41 175 3 3.26 4.52 
58356 2786 32 80 56 41 176 0 3.25 3.25 
58528 2786 32 80 56 41 176 0 3.25 4.52 
58700 2786 32 80 56 41 176 7 3.25 4.84 
58872 2786 32 80 56 41 176 0 3.26 8.72 
59044 2786 32 80 56 41 175 0 3.25 4.54 
59216 2786 33 79 56 40 175 10 4.54 3.25 
59388 2786 32 80 56 41 175 0 3.25 3.25 
59560 2786 32 80 56 41 176 0 4.54 3.25 
59732 2786 32 80 56 41 176 9 4.54 3.25 
59904 2786 32 80 56 41 176 0 4.54 3.25 
60076 2786 32 80 56 41 176 0 4.54 3.25 
60248 2786 32 80 56 41 176 6 3.25 3.25 
60420 2786 32 80 56 41 176 0 4.54 3.25 
60592 2786 32 80 56 41 176 0 3.25 3.25 
60764 2809 32 84 58 44 185 0 3.25 3.25 
60936 3275 30 71 53 41 165 0 3.26 3.25 
61108 2916 28 76 53 41 169 0 4.54 3.25 
61280 3009 29 73 52 40 164 0 4.54 3.25 
61452 3138 30 70 52 39 160 0 3.25 3.25 
61624 2432 29 101 63 51 213 0 4.54 3.25 
61796 2849 66 109 88 50 249 0 4.54 3.25 
61968 2611 117 170 138 62 375 3 4.54 3.25 
62140 3946 110 158 151 105 420 0 4.54 3.25 
62312 7010 90 170 164 155 456 0 3.26 3.25 
62484 4095 160 231 223 159 609 7 3.25 16.44 
62656 3995 128 197 183 132 517 0 4.54 3.25 
62828 2818 24 111 68 64 240 0 4.52 3.25 
63000 7428 65 116 117 111 345 11 3.25 3.25 
63172 7189 69 94 109 98 303 0 3.25 3.25 
63344 1624 25 148 72 55 270 0 3.25 3.25 
63516 1641 25 155 74 56 280 11 3.25 3.25 
63688 1641 25 155 74 56 279 0 3.25 4.54 
63860 1641 25 155 74 56 279 0 3.25 3.25 
64032 1633 25 154 74 56 279 6 3.25 3.25 
64204 1633 25 154 74 56 279 0 3.25 3.25 
64376 1633 25 154 74 56 279 0 3.25 3.25 
64548 1633 25 154 74 56 279 2 3.26 3.25 
64720 1633 25 154 74 56 279 0 3.25 3.25 
64892 1633 25 154 74 56 279 0 3.26 3.25 
65064 1633 25 154 74 56 279 0 3.26 3.25 
65236 1633 25 154 74 56 279 0 3.26 3.25 
65408 1633 25 154 74 56 279 0 3.25 3.25 
65580 1633 25 154 74 56 279 0 3.25 3.25 
65752 1633 25 154 74 56 279 3 3.25 3.25 
65924 1633 25 154 74 56 279 0 3.25 3.25 
66096 1633 25 154 74 56 279 0 3.25 3.25 
66268 1633 25 154 74 56 279 7 3.25 3.25 
66440 1633 25 154 74 56 279 0 3.25 3.25 
66612 1633 25 154 74 56 279 0 3.25 3.25 
66784 1633 25 154 74 56 279 11 3.25 3.25 
66956 1633 25 154 74 56 279 0 3.25 3.25 
67128 1633 25 154 74 56 279 0 3.25 3.25 
67300 1633 25 154 74 56 279 10 3.25 3.25 
67472 1633 25 154 74 56 279 0 3.25 3.25 
67644 1633 25 154 74 56 279 0 3.25 3.25 
67816 1633 25 154 74 56 279 6 3.25 3.25 
67988 1633 25 154 74 56 279 0 3.25 3.25 
68160 1633 25 154 74 56 279 0 3.25 3.25 
68332 1633 25 154 74 56 279 0 3.26 3.25 
68504 1633 25 154 74 56 279 0 3.25 3.25 
68676 1633 25 154 74 56 279 0 3.25 3.25 
68848 1633 25 154 74 56 279 0 3.25 3.25 
69020 1633 25 154 74 56 279 0 3.25 3.25 
69192 1633 25 154 74 56 279 0 3.25 3.25 
69364 1641 25 155 74 56 279 0 3.25 3.25 
69536 1641 25 155 74 56 279 5 3.25 3.25 
69708 1641 25 155 74 56 279 0 3.25 3.25 
69880 1641 25 155 74 56 279 0 3.25 3.25 
70052 1625 27 155 75 56 280 11 3.25 3.25 
70224 1625 27 155 75 56 279 0 3.26 3.25 
70396 1625 27 155 75 56 280 0 3.25 3.25 
70568 1625 27 155 75 56 280 15 3.26 3.25 
70740 1625 27 155 75 56 280 0 3.25 3.25 
70912 1625 27 155 75 56 280 0 3.25 3.25 
71084 1625 27 155 75 56 280 11 3.26 3.25 
71256 1625 27 155 75 56 280 0 3.25 3.25 
71428 1625 27 155 75 56 280 0 3.25 3.25 
71600 1625 27 155 75 56 280 4 3.25 3.25 
71772 1625 27 155 75 56 280 0 3.26 3.25 
71944 1625 27 155 75 56 280 0 3.26 3.25 
72116 1625 27 155 75 56 280 0 3.25 3.25 
72288 1625 27 155 75 56 280 0 3.25 3.25 
72460 1625 27 155 75 56 280 0 3.25 3.25 
72632 1625 27 155 75 56 280 0 3.26 3.25 
72804 1625 27 155 75 56 280 5 3.25 3.25 
72976 1625 27 155 75 56 280 0 3.25 3.25 
