=~=~=~=~=~=~=~=~=~=~=~= PuTTY log 2025.11.28 01:39:13 =~=~=~=~=~=~=~=~=~=~=~=
ets Jul 29 2019 12:21:46

rst:0x1 (POWERON_RESET),boot:0x13 (SPI_FAST_FLASH_BOOT)
configsip: 0, SPIWP:0xee
clk_drv:0x00,q_drv:0x00,d_drv:0x00,cs0_drv:0x00,hd_drv:0x00,wp_drv:0x00
mode:DIO, clock div:1
load:0x3fff0030,len:4980
load:0x40078000,len:16612
load:0x40080400,len:3480
entry 0x400805b4
Found sensor
Milis - ColorTemp - Lux - R - G - B - C - Pot - UsensA - UsensB

399 2465 137 209 162 69 445 0 32.86 30.77 
574 2465 137 209 162 69 445 0 35.44 29.48 
749 2456 138 209 162 68 445 0 35.44 29.48 
924 2456 138 209 162 68 445 0 35.44 29.48 
1099 2465 137 209 162 69 445 13 73.83 29.48 
1276 2456 138 209 162 68 445 0 68.97 29.48 
1453 2465 137 209 162 69 445 0 69.14 29.48 
1630 2465 137 209 162 69 445 9 66.59 29.48 
1807 2465 137 209 162 69 445 0 64.38 29.48 
1984 2465 137 209 162 69 445 0 32.88 29.48 
2159 2465 137 209 162 69 445 3 88.82 29.48 
2337 2465 137 209 162 69 445 0 81.65 29.48 
2515 2465 137 209 162 69 445 0 26.18 29.48 
2689 2465 137 209 162 69 445 0 26.18 29.48 
2863 2465 137 209 162 69 445 3 32.88 29.50 
3038 2465 137 209 162 69 445 0 33.64 15.79 
3212 2456 138 209 162 68 445 10 50.69 17.70 
3387 2456 138 209 162 68 445 0 50.35 51.78 
3564 2456 138 209 162 68 445 0 50.69 52.97 
3741 2456 138 209 162 68 445 0 50.69 52.46 
3918 2456 138 209 162 68 445 0 50.69 3.25 
4092 2465 137 209 162 69 445 0 50.68 52.12 
4269 2465 137 209 162 69 446 0 50.86 51.78 
4446 2465 137 209 162 69 446 0 50.85 52.63 
4623 2465 137 209 162 69 445 0 51.37 51.95 
4800 2465 137 209 162 69 446 0 53.55 54.30 
4977 2465 137 209 162 69 446 2 50.52 54.31 
5154 2465 137 209 162 69 446 0 49.15 55.78 
5331 2465 137 209 162 69 446 0 49.16 55.78 
5508 2454 137 210 162 69 446 0 49.67 53.63 
5685 2465 137 209 162 69 446 0 49.67 53.63 
5862 2454 137 210 162 69 446 0 47.24 51.14 
6039 2454 137 210 162 69 446 2 108.24 56.63 
6220 2454 137 210 162 69 447 0 108.22 56.19 
6401 2464 138 210 163 69 447 0 108.21 57.44 
6582 2454 137 210 162 69 446 0 107.78 59.65 
6763 2454 137 210 162 69 446 0 108.22 56.19 
6944 2454 137 210 162 69 446 0 108.60 55.79 
7125 2454 137 210 162 69 446 0 108.65 57.97 
7306 2454 137 210 162 69 446 0 108.24 55.78 
7487 2454 137 210 162 69 447 0 108.24 56.61 
7668 2454 137 210 162 69 447 0 107.80 64.68 
7849 2454 137 210 162 69 447 0 109.12 61.61 
8030 2454 137 210 162 69 446 0 15.83 54.47 
8205 2452 140 213 165 69 453 0 108.22 62.58 
8386 2461 140 213 165 70 453 0 16.15 54.16 
8561 2453 139 212 164 69 452 1 108.24 61.61 
8742 2452 140 213 165 69 452 16 15.83 54.49 
8917 2453 139 212 164 69 451 0 108.24 55.76 
9098 2453 139 212 164 69 452 0 9.42 10.08 
9270 2453 139 212 164 69 452 0 108.65 86.82 
9453 2453 139 212 164 69 452 0 108.22 55.78 
9634 2453 139 212 164 69 451 0 107.78 60.06 
9815 2453 139 212 164 69 451 0 107.81 55.76 
9996 2453 139 212 164 69 451 0 107.80 55.76 
10177 2453 139 212 164 69 451 0 108.24 56.61 
10358 2453 139 212 164 69 451 0 107.80 63.43 
10539 2453 139 212 164 69 452 1 108.26 61.32 
10720 2453 139 212 164 69 452 0 108.24 57.44 
10901 2453 139 212 164 69 452 0 108.22 55.76 
11082 2453 139 212 164 69 452 0 108.22 60.08 
11263 2461 140 213 165 70 453 0 108.24 55.79 
11444 2461 140 213 165 70 454 0 108.26 55.78 
11625 2452 140 213 165 69 453 0 109.26 63.97 
11806 2461 140 213 165 70 453 3 107.97 71.84 
11988 2461 176 257 202 81 550 0 110.52 111.88 
12172 2486 180 257 205 81 550 3 110.65 68.73 
12354 2462 179 258 204 80 553 0 109.84 65.38 
12535 2463 185 267 211 83 572 0 109.48 64.53 
12716 2466 188 272 215 85 583 0 112.05 81.50 
12899 2463 184 266 210 83 570 6 107.24 89.01 
13082 2460 179 260 205 81 555 0 112.93 81.58 
13265 2458 181 263 207 82 561 0 107.71 86.61 
13448 2484 159 231 183 74 496 0 107.08 88.06 
13631 2475 158 231 182 74 495 0 106.91 111.16 
13815 2782 71 102 86 42 234 0 110.13 99.57 
13998 3818 28 42 39 27 108 0 108.32 87.79 
14181 3918 26 41 38 27 106 0 114.63 81.58 
14364 3376 39 54 50 30 135 0 106.54 88.42 
14547 3175 49 67 61 34 165 0 107.00 88.06 
14730 2671 96 136 113 51 304 0 106.98 90.17 
14913 2567 122 174 141 60 381 0 106.98 113.85 
15097 2567 122 174 141 60 381 0 107.44 88.84 
15280 2567 122 174 141 60 381 0 106.98 88.93 
15463 2581 122 173 141 60 380 0 106.98 88.88 
15646 2569 120 173 140 60 379 0 107.00 114.22 
15830 2569 120 173 140 60 378 0 106.98 88.08 
16013 2569 120 173 140 60 378 0 106.56 88.88 
16196 2569 120 173 140 60 379 0 106.54 88.43 
16379 2569 120 173 140 60 378 3 106.54 89.37 
16562 2569 120 173 140 60 379 0 106.54 88.88 
16745 2569 120 173 140 60 379 0 105.11 111.79 
16929 2569 120 173 140 60 379 0 107.54 58.40 
17110 2483 160 232 184 74 498 0 101.66 48.76 
17290 2498 143 208 165 68 449 0 100.08 81.50 
17472 3798 59 86 81 55 224 0 96.88 83.11 
17654 6601 35 55 58 52 165 3 92.55 81.50 
17835 4555 29 44 43 33 120 0 92.29 76.47 
18016 8875 30 50 54 53 156 0 76.06 70.89 
18196 26747 34 59 75 88 223 0 70.28 69.65 
18375 13265 32 54 62 66 183 0 67.98 67.47 
18554 3920 29 44 41 29 113 1 83.57 74.68 
18734 7798 31 50 54 51 156 0 82.18 53.81 
18913 4845 62 91 92 72 259 0 82.16 55.64 
19092 4057 33 50 47 34 131 0 78.00 63.14 
19271 3972 27 42 39 28 109 0 68.95 69.46 
19450 3870 28 43 40 28 110 0 71.08 57.85 
19629 3870 28 43 40 28 111 0 58.07 55.15 
19807 4172 28 43 41 30 114 0 56.03 55.78 
19985 8584 31 48 54 52 155 0 70.12 58.84 
20164 21901 33 55 69 79 205 0 52.24 49.27 
20341 26864 35 58 75 88 222 0 48.08 47.97 
20518 29669 34 58 75 89 223 0 46.68 47.79 
20695 27750 33 57 73 86 217 0 43.30 43.40 
20871 4951 90 129 132 104 368 0 39.80 38.35 
21047 6602 72 107 116 103 332 0 69.70 68.97 
21226 25448 33 57 72 84 213 0 67.46 63.99 
21405 9701 29 48 53 53 156 0 64.80 59.55 
21583 4143 26 42 39 29 110 0 60.35 48.91 
21761 3977 72 103 99 69 275 0 56.59 55.15 
21939 3972 27 42 39 28 109 4 55.10 54.83 
22117 3870 28 43 40 28 110 0 53.09 53.29 
22294 3870 28 43 40 28 112 0 48.86 49.08 
22471 3870 28 43 40 28 111 0 44.08 43.40 
22647 4024 27 43 40 29 111 0 39.80 39.03 
22823 13491 33 53 63 67 184 0 35.92 35.16 
22998 14106 43 70 84 90 246 0 31.86 30.51 
23173 9185 59 91 103 101 297 0 30.06 31.02 
23348 18545 34 54 68 76 199 0 28.78 29.99 
23523 4921 29 44 44 35 123 0 27.91 29.73 
23698 4121 28 42 40 29 112 0 27.03 30.00 
23873 3972 27 42 39 28 110 0 35.92 76.64 
24051 3961 29 42 40 28 110 2 23.02 27.00 
24225 4967 30 45 45 36 127 0 19.31 23.55 
24399 25655 37 60 78 91 230 7 796.40 182.04 
24628 25655 37 60 78 91 230 0 73.34 68.43 
24807 26517 35 58 76 89 225 0 69.34 67.47 
24986 24587 36 57 75 87 220 0 67.59 69.22 
25165 23259 34 56 72 83 212 0 207.69 207.98 
25361 15763 34 54 67 73 195 0 234.80 225.37 
25559 21417 34 56 71 81 209 0 215.58 201.16 
25755 6616 73 108 117 104 333 0 197.01 194.70 
25949 24335 35 59 75 87 222 0 53.24 98.60 
26129 21753 32 56 69 79 205 0 49.20 98.80 
26309 4555 27 43 41 32 116 0 183.09 110.62 
26497 3818 28 42 39 27 108 0 187.34 180.23 
26690 3851 66 94 90 61 246 0 107.17 61.90 
26871 3851 51 74 70 48 195 0 100.57 61.73 
27052 3928 27 44 40 29 113 0 96.22 55.91 
27232 6785 30 44 48 43 117 0 29.29 95.78 
27411 4863 57 107 96 81 287 0 25.62 25.57 
27585 1746 22 152 69 50 267 0 19.01 20.88 
27758 1672 21 135 63 46 240 0 18.38 18.00 
27931 3779 28 44 40 28 111 0 25.60 29.48 
28105 3779 28 44 40 28 113 0 29.02 28.42 
28280 2834 28 65 47 33 145 0 32.11 28.97 
28455 3098 28 59 45 32 137 0 52.05 31.77 
28631 2668 28 71 49 35 155 0 36.36 34.61 
28806 3098 28 59 45 32 136 0 40.70 28.95 
28981 3759 68 98 92 62 254 0 49.18 29.48 
29157 1620 24 133 65 48 242 0 81.48 29.99 
29335 1742 23 160 73 54 282 0 45.08 44.79 
29511 1766 23 159 72 53 280 0 44.27 42.42 
29687 1743 23 158 72 53 278 0 60.06 42.21 
29864 1704 23 152 70 51 269 0 46.48 43.81 
30040 1687 22 144 67 50 256 0 49.52 35.63 
30216 1784 22 155 70 52 272 4 39.34 47.94 
30392 2019 26 90 53 38 178 0 62.15 25.84 
30568 2929 49 103 77 53 233 0 95.46 58.85 
30748 3203 36 69 55 38 162 3 100.95 54.98 
30928 2553 26 72 48 35 154 0 74.02 69.63 
31108 1765 23 161 73 54 283 0 146.54 141.63 
31296 1633 28 163 78 57 294 0 148.51 103.38 
31482 2267 67 191 121 84 395 0 37.26 71.96 
31660 1816 22 165 74 55 289 0 104.01 57.03 
31841 1764 23 163 74 55 286 0 44.86 43.01 
32017 1816 22 165 74 55 288 0 45.25 45.19 
32193 1839 21 161 72 54 282 0 46.63 45.59 
32370 2867 109 227 169 114 514 0 53.89 52.96 
32547 3188 128 227 185 123 539 3 55.71 49.25 
32724 3406 41 71 60 41 173 0 59.06 55.64 
32902 3688 88 129 120 80 333 0 75.51 56.46 
33081 3780 37 55 51 35 141 3 72.05 89.40 
33262 3818 28 42 39 27 108 0 98.12 81.51 
33444 3792 57 83 78 53 215 0 90.44 79.93 
33625 3870 28 43 40 28 112 0 59.35 55.91 
33803 3870 81 115 110 75 302 0 55.85 55.66 
33981 3847 142 199 191 129 527 3 56.00 43.01 
34158 3737 94 85 102 53 243 0 49.50 55.76 
34335 3861 109 127 134 83 350 0 64.21 59.40 
34513 3829 74 107 101 69 280 4 79.24 71.49 
34693 3787 46 69 64 44 178 0 58.79 57.02 
34871 3860 41 49 51 32 134 0 71.54 69.58 
35050 3731 62 61 70 38 171 0 71.96 68.29 
35229 3781 52 55 61 35 154 2 70.72 70.45 
35408 3790 38 47 48 30 127 0 57.80 56.32 
35586 3942 57 75 75 50 202 0 55.85 67.46 
35764 3711 141 205 191 128 530 0 182.44 76.47 
35950 3838 69 99 94 64 260 0 796.03 159.51 
36177 3870 28 43 40 28 112 0 203.54 96.31 
36366 3825 32 45 43 29 118 0 55.86 87.96 
36546 3798 59 86 81 55 223 5 69.92 79.05 
36726 3726 83 93 99 58 254 0 60.86 55.79 
36904 3717 112 91 116 56 267 0 56.81 61.06 
37082 3704 112 90 115 55 264 0 55.06 50.61 
37259 3705 104 85 108 52 247 0 53.38 51.46 
37436 3705 104 85 108 52 249 0 53.21 51.12 
37613 3686 76 69 82 42 195 0 51.87 52.14 
37790 3689 60 62 69 38 169 0 62.12 58.72 
37968 3696 81 72 87 44 206 0 62.81 65.52 
38147 3825 32 45 43 29 118 0 181.17 77.10 
38333 3870 28 43 40 28 112 0 186.47 183.01 
38526 3779 28 44 40 28 112 0 172.40 184.81 
38718 3779 28 44 40 28 112 0 176.65 62.59 
38903 3752 49 54 58 34 147 0 172.31 56.92 
39088 3875 27 43 39 28 110 0 170.12 160.21 
39279 3961 29 42 40 28 110 11 156.81 49.61 
39462 3841 59 85 81 55 223 0 157.61 81.51 
39647 3818 28 42 39 27 109 0 146.61 74.71 
39831 3818 28 42 39 27 108 0 72.76 63.31 
40010 3918 26 41 38 27 106 1 155.12 154.67 
40199 3972 27 42 39 28 109 0 121.53 119.68 
40384 3890 67 93 90 61 246 0 109.62 153.36 
40571 3667 90 133 123 82 343 0 180.05 115.18 
40760 3920 29 44 41 29 113 1 179.57 111.16 
40948 3780 29 44 41 28 113 0 163.47 175.59 
41139 3831 42 51 53 33 138 0 170.19 169.68 
41330 3908 34 47 46 31 125 0 167.09 56.32 
41514 3969 29 45 42 30 117 0 144.57 154.53 
41703 3874 85 121 116 79 320 0 159.37 158.88 
41893 3890 57 84 79 55 219 2 139.35 139.67 
42081 3928 27 44 40 29 113 0 135.61 61.34 
42264 3928 27 44 40 29 113 0 61.71 45.39 
42441 3920 29 44 41 29 114 2 57.12 44.00 
42618 3928 27 44 40 29 113 0 53.23 41.77 
42795 3870 28 43 40 28 112 0 49.49 37.91 
42971 3870 28 43 40 28 111 0 35.68 36.29 
43146 3972 27 42 39 28 110 0 35.67 42.77 
43322 3703 84 75 90 46 212 0 43.49 48.76 
43499 3697 96 107 114 66 290 4 60.45 62.19 
43677 3781 48 55 58 35 148 0 18.67 52.96 
43852 2513 160 228 183 74 493 0 19.31 51.61 
44027 2466 182 263 208 82 563 0 18.99 51.63 
44202 2460 181 261 206 81 559 0 17.71 52.96 
44377 2460 182 262 207 81 561 0 20.89 49.59 
44552 2466 181 262 207 82 561 0 35.90 66.08 
44729 2474 183 262 208 82 562 0 29.26 42.64 
44904 2466 182 263 208 82 563 0 63.92 5.49 
45079 2466 182 263 208 82 563 0 40.22 26.71 
45254 2466 182 263 208 82 563 0 41.36 4.52 
45428 2466 182 263 208 82 563 0 29.00 18.00 
45602 2466 182 263 208 82 563 0 29.02 21.81 
45776 2466 182 263 208 82 563 0 29.02 21.81 
45950 2466 182 263 208 82 563 0 30.29 21.81 
46124 2466 182 263 208 82 563 5 29.00 21.81 
46298 2466 182 263 208 82 563 0 30.29 20.54 
46472 2466 182 263 208 82 563 0 30.29 21.81 
