=~=~=~=~=~=~=~=~=~=~=~= PuTTY log 2025.11.28 01:40:28 =~=~=~=~=~=~=~=~=~=~=~=
ets Jul 29 2019 12:21:46

rst:0x1 (POWERON_RESET),boot:0x13 (SPI_FAST_FLASH_BOOT)
configsip: 0, SPIWP:0xee
clk_drv:0x00,q_drv:0x00,d_drv:0x00,cs0_drv:0x00,hd_drv:0x00,wp_drv:0x00
mode:DIO, clock div:1
load:0x3fff0030,len:4980
load:0x40078000,len:16612
load:0x40080400,len:3480
entry 0x400805b4
Found sensor
Milis - ColorTemp - Lux - R - G - B - C - Pot - UsensA - UsensB

399 2465 184 264 209 82 565 0 33.64 24.40 
574 2457 182 264 208 82 565 0 33.64 24.41 
749 2457 182 264 208 82 565 0 92.99 23.83 
927 2457 182 264 208 82 565 0 92.72 23.85 
1105 2457 182 264 208 82 565 0 32.37 24.41 
1279 2457 182 264 208 82 565 0 33.64 24.41 
1454 2457 182 264 208 82 565 2 30.29 23.83 
1628 2457 182 264 208 82 565 0 33.64 23.83 
1803 2457 182 264 208 82 565 6 33.64 24.41 
1978 2457 182 264 208 82 565 0 33.64 23.83 
2153 2457 182 264 208 82 565 5 58.22 24.41 
2329 2457 182 264 208 82 565 0 48.99 24.41 
2504 2457 182 264 208 82 565 0 110.99 22.98 
2683 2457 182 264 208 82 565 0 33.64 24.40 
2858 2457 182 264 208 82 564 0 33.64 24.41 
3033 2457 182 264 208 82 565 0 33.64 23.85 
3208 2457 182 264 208 82 564 0 33.66 24.40 
3383 2457 182 264 208 82 565 0 33.64 23.83 
3558 2457 182 264 208 82 564 0 33.64 23.83 
3733 2457 182 264 208 82 564 0 32.37 23.83 
3907 2457 182 264 208 82 564 0 33.64 24.41 
4082 2466 182 263 208 82 564 0 33.64 22.98 
4256 2466 182 263 208 82 563 0 33.64 24.41 
4431 2466 182 263 208 82 562 0 33.64 24.40 
4606 2466 182 263 208 82 563 0 33.64 22.98 
4780 2466 182 263 208 82 564 0 33.64 23.83 
4955 2466 182 263 208 82 564 0 33.64 23.83 
5130 2466 182 263 208 82 564 0 111.42 24.41 
5309 2466 182 263 208 82 564 0 33.64 23.85 
5484 2466 182 263 208 82 564 6 33.64 23.83 
5659 2466 182 263 208 82 564 5 33.64 24.41 
5834 2466 182 263 208 82 563 5 32.37 24.41 
6008 2466 182 263 208 82 562 0 33.64 24.41 
6183 2458 181 263 207 82 562 7 32.37 23.83 
6357 2466 182 263 208 82 563 0 32.37 24.40 
6531 2466 182 263 208 82 564 6 33.64 24.41 
6706 2457 182 264 208 82 564 0 33.64 24.40 
6881 2457 182 264 208 82 564 0 33.64 23.83 
7056 2457 182 264 208 82 564 0 111.42 23.83 
7235 2457 182 264 208 82 564 0 33.64 22.98 
7409 2457 182 264 208 82 564 0 190.81 25.26 
7593 2465 184 264 209 82 565 0 190.81 25.26 
7777 2457 182 264 208 82 564 0 110.55 25.26 
7956 2465 184 264 209 82 565 0 190.81 25.26 
8140 2465 184 264 209 82 566 0 111.01 25.26 
8319 2465 184 264 209 82 565 0 189.94 24.41 
8503 2466 182 263 208 82 564 0 110.53 25.26 
8682 2457 182 264 208 82 565 1 191.22 25.26 
8866 2465 184 264 209 82 565 0 191.18 25.26 
9050 2457 182 264 208 82 565 0 190.37 25.26 
9234 2465 184 264 209 82 565 0 25.04 25.26 
9408 2465 184 264 209 82 565 0 43.66 24.41 
9583 2465 184 264 209 82 565 0 36.36 20.21 
9757 2465 184 264 209 82 565 0 61.85 22.69 
9933 2465 184 264 209 82 565 0 61.44 108.34 
10114 2465 184 264 209 82 565 0 61.85 101.88 
10295 2465 184 264 209 82 565 1 62.27 108.27 
10476 2465 184 264 209 82 565 0 108.34 81.67 
10658 2465 184 264 209 82 565 0 61.85 100.54 
10839 2465 184 264 209 82 565 2 61.85 107.90 
11020 2465 184 264 209 82 565 0 62.27 107.83 
11201 2465 184 264 209 82 565 0 107.90 81.68 
11383 2465 184 264 209 82 565 0 61.44 108.31 
11564 2465 184 264 209 82 565 0 61.42 102.75 
11745 2465 184 264 209 82 565 0 107.90 64.68 
11926 2465 184 264 209 82 565 0 108.36 81.23 
12108 2465 184 264 209 82 565 0 108.32 81.24 
12290 2457 182 264 208 82 565 0 107.90 82.14 
12472 2465 184 264 209 82 565 0 107.88 82.11 
12654 2465 184 264 209 82 565 0 35.90 35.62 
12829 2465 184 264 209 82 565 0 35.89 35.60 
13004 2465 184 264 209 82 565 0 40.46 39.27 
13180 2457 182 264 208 82 565 0 39.80 40.17 
13356 2465 184 264 209 82 565 0 40.46 41.33 
13532 2465 184 264 209 82 565 0 49.16 50.78 
13709 2465 184 264 209 82 565 4 51.88 51.97 
13886 2465 184 264 209 82 565 0 56.97 55.76 
14064 2465 184 264 209 82 565 0 60.89 107.81 
14245 2465 184 264 209 82 565 0 107.80 81.68 
14427 2457 182 264 208 82 565 0 61.28 93.55 
14607 2457 182 264 208 82 564 0 61.73 106.95 
14788 2465 184 264 209 82 565 0 60.88 107.37 
14969 2466 182 263 208 82 564 0 60.47 107.39 
15150 2465 184 264 209 82 565 0 60.86 94.42 
15330 2465 184 264 209 82 565 0 60.86 107.42 
15511 2465 184 264 209 82 565 0 60.88 107.01 
15692 2465 184 264 209 82 565 0 61.28 107.46 
15873 2465 184 264 209 82 565 1 61.32 107.39 
16054 2465 184 264 209 82 565 0 60.91 107.37 
16235 2465 184 264 209 82 565 0 62.17 92.65 
16415 2465 184 264 209 82 566 0 61.34 101.88 
16596 2465 184 264 209 82 565 0 62.19 109.22 
16777 2465 184 264 209 82 565 0 108.29 64.94 
16958 2466 181 262 207 82 561 0 64.26 101.25 
17139 2468 182 261 207 81 559 14 111.71 45.80 
17319 2460 179 260 205 81 556 0 113.82 56.34 
17500 2467 166 241 190 76 517 0 113.19 44.01 
17680 2467 164 240 189 76 514 0 114.43 67.17 
17862 2694 88 125 104 48 282 0 111.57 71.67 
18044 3972 27 42 39 28 109 0 110.81 90.42 
18227 3875 27 43 39 28 110 0 111.13 90.01 
18410 3928 27 44 40 29 113 0 109.00 116.94 
18594 3928 27 44 40 29 113 0 107.76 114.24 
18778 3875 27 43 39 28 110 0 108.04 112.74 
18962 3818 28 42 39 27 107 0 114.41 62.46 
19144 3918 26 41 38 27 106 0 111.93 108.15 
19328 3918 26 41 38 27 106 0 109.45 109.65 
19512 2574 114 164 133 57 359 0 109.90 63.29 
19693 2460 182 262 207 81 561 0 106.71 88.23 
19876 2469 178 258 204 81 554 0 106.03 104.33 
20060 3200 46 64 58 33 157 0 105.20 108.99 
20244 3818 28 42 39 27 110 0 105.62 108.53 
20428 3870 28 43 40 28 110 0 105.64 108.49 
20612 3870 28 43 40 28 111 0 106.00 90.51 
20795 3870 28 43 40 28 111 0 106.00 90.47 
20978 3870 28 43 40 28 111 0 105.62 105.13 
21162 3870 28 43 40 28 111 0 105.62 91.71 
21345 3870 28 43 40 28 111 0 106.08 90.44 
21528 3870 28 43 40 28 111 0 106.10 91.24 
21711 3870 28 43 40 28 111 0 105.65 91.27 
21894 3870 28 43 40 28 111 0 105.20 92.12 
22077 3870 28 43 40 28 111 0 105.64 90.44 
22260 3870 28 43 40 28 111 0 105.64 91.26 
22443 3870 28 43 40 28 111 0 105.65 92.12 
22626 3870 28 43 40 28 111 0 105.18 92.12 
22809 3870 28 43 40 28 111 0 106.05 90.44 
22992 3870 28 43 40 28 111 0 105.62 90.88 
23175 3870 28 43 40 28 111 0 105.62 108.51 
23359 3870 28 43 40 28 111 0 105.62 91.31 
23542 3870 28 43 40 28 111 0 106.06 90.03 
23725 3870 28 43 40 28 110 0 106.01 90.90 
23908 3870 28 43 40 28 110 0 105.64 90.86 
24091 3870 28 43 40 28 110 0 105.65 91.65 
24274 3870 28 43 40 28 110 0 105.20 108.95 
24458 3870 28 43 40 28 110 0 105.11 110.35 
24642 3870 28 43 40 28 110 0 112.30 82.19 
24825 3672 32 47 44 29 121 0 111.84 56.61 
25006 2497 158 227 181 73 490 0 112.03 83.11 
25189 2457 183 265 209 82 566 0 109.00 81.63 
25371 2457 183 265 209 82 567 0 104.65 81.09 
25553 2575 106 157 126 56 344 0 101.83 104.87 
25736 3875 27 43 39 28 110 0 93.23 101.52 
25919 3955 42 60 58 40 158 5 89.33 90.12 
26101 3759 68 98 92 62 256 0 88.52 59.24 
26281 7176 31 49 52 48 150 2 96.22 49.62 
26461 24600 34 59 74 86 220 0 91.75 55.62 
26641 25014 34 58 73 85 216 0 83.23 86.21 
26822 6003 29 46 47 41 134 0 82.26 88.21 
27003 3920 29 44 41 29 114 0 85.56 55.49 
27182 3920 29 44 41 29 114 0 87.14 55.91 
27362 5098 29 46 45 37 128 0 144.26 80.44 
27546 3889 61 87 83 57 230 2 71.01 69.65 
27725 8283 29 48 52 50 150 0 69.34 64.67 
27904 26864 35 58 75 88 222 0 65.19 61.78 
28083 31027 35 60 78 93 231 0 68.39 68.85 
28262 3870 28 43 40 28 111 1 56.97 66.49 
28440 6687 30 46 49 44 139 0 53.72 51.29 
28617 4076 28 44 41 30 115 0 51.20 48.93 
28794 3870 28 43 40 28 111 0 61.17 46.78 
28972 3780 70 99 94 63 259 0 44.06 45.59 
29148 3818 28 42 39 27 108 0 42.48 75.24 
29326 3918 26 41 38 27 106 0 40.26 41.09 
29502 3818 28 42 39 27 109 0 69.85 65.23 
29681 3972 27 42 39 28 109 0 68.54 60.93 
29860 3818 28 42 39 27 109 0 63.38 56.05 
30038 3918 26 41 38 27 106 0 60.33 59.92 
30216 3875 65 95 90 62 249 0 57.82 55.64 
30394 3958 33 48 46 32 127 1 54.59 49.27 
30571 3918 26 41 38 27 106 0 49.67 49.59 
30748 3870 28 43 40 28 111 0 46.46 45.97 
30925 3870 28 43 40 28 111 0 43.88 46.36 
31101 3875 27 43 39 28 110 0 43.88 47.55 
31278 5051 28 45 44 36 125 5 38.40 37.43 
31454 18239 33 56 68 76 201 0 34.41 33.34 
31629 27633 33 58 73 86 218 0 32.35 35.38 
31804 12059 41 64 76 79 220 0 32.10 35.14 
31979 4183 50 68 68 48 187 0 27.03 30.51 
32154 3667 110 159 148 98 409 0 21.83 22.98 
32328 8593 32 50 56 54 162 2 18.36 23.55 
32502 29941 36 61 80 95 237 0 267.85 185.20 
32700 26111 39 63 83 97 244 0 17.71 24.70 
32874 24870 38 62 80 93 236 0 199.56 180.98 
33068 17744 36 58 72 80 211 0 67.30 68.27 
33247 10804 34 53 62 63 180 0 139.08 155.67 
33435 6272 31 49 51 45 146 0 221.27 212.98 
33632 4024 27 43 40 29 112 0 796.09 235.26 
33864 4172 28 43 41 30 115 0 566.98 200.96 
34080 8157 61 94 104 99 300 0 193.46 191.64 
34274 24600 34 59 74 86 219 0 51.19 51.97 
34451 28059 32 58 72 85 215 0 45.85 79.20 
34630 8498 60 92 103 99 296 0 130.58 102.49 
34815 22984 34 58 72 83 215 0 101.15 55.91 
34995 4765 28 44 43 34 121 0 35.67 35.62 
35170 3870 28 43 40 28 111 0 164.71 65.38 
35355 3870 28 43 40 28 111 0 83.23 23.55 
35532 3748 57 84 78 53 217 0 19.30 19.91 
35705 3036 26 56 42 30 129 0 20.59 19.28 
35879 3394 27 50 41 29 120 0 27.32 28.41 
36053 3870 28 43 40 28 111 0 49.16 28.97 
36229 3920 29 44 41 29 114 0 48.64 28.15 
36405 3830 28 45 41 29 115 0 50.52 29.73 
36581 3830 28 45 41 29 114 0 34.68 33.61 
36756 3779 28 44 40 28 113 2 30.55 41.75 
36931 3479 27 49 41 29 119 0 31.31 44.61 
37107 1790 23 162 73 54 284 4 40.00 41.31 
37283 1658 27 170 80 59 305 0 40.00 36.53 
37459 1845 22 166 74 55 290 11 55.71 29.73 
37635 1767 23 157 71 52 275 0 78.35 56.07 
37814 2984 26 60 44 32 135 0 82.35 57.43 
37993 3870 28 43 40 28 111 0 49.33 42.81 
38170 3920 29 44 41 29 114 0 49.50 49.08 
38347 3780 52 77 72 49 200 0 40.22 38.37 
38523 3384 29 52 43 30 124 5 43.08 42.21 
38699 3837 57 82 78 53 215 0 95.01 55.91 
38879 3870 28 43 40 28 111 0 98.38 56.05 
39059 1631 24 123 62 45 227 0 126.31 66.49 
39241 2624 74 193 131 95 420 0 69.68 54.47 
39419 4045 152 189 196 130 519 0 136.63 66.06 
39602 3831 143 214 199 138 556 0 118.10 120.11 
39787 1694 38 171 90 66 325 0 122.60 133.82 
39973 2079 59 186 112 78 375 0 171.82 131.00 
40162 1866 27 105 59 43 206 0 80.83 87.64 
40343 3818 28 42 39 27 109 0 80.38 49.10 
40522 3870 28 43 40 28 111 3 38.64 49.10 
40698 3920 29 44 41 29 113 0 42.48 42.81 
40874 1678 24 113 59 43 213 0 44.86 42.21 
41050 1847 22 164 73 54 287 0 45.07 41.53 
41226 1621 23 127 63 47 233 0 49.84 48.74 
41403 3779 28 44 40 28 113 0 61.17 49.08 
41581 3922 44 62 60 41 165 0 62.27 74.09 
41760 3622 125 184 169 112 470 0 93.45 79.31 
41941 3436 38 70 58 41 170 0 60.59 57.58 
42119 3779 28 44 40 28 113 0 73.93 71.77 
42299 3875 27 43 39 28 109 2 68.29 90.80 
42480 3789 39 58 54 37 149 0 84.10 62.05 
42660 3825 39 59 55 38 154 0 75.80 60.93 
42839 3921 31 47 44 31 121 0 56.42 55.90 
43017 3958 50 72 69 48 189 0 69.48 50.27 
43195 3828 30 45 42 29 116 0 73.58 61.18 
43374 3876 49 72 68 47 189 0 67.71 58.55 
43553 3728 27 43 39 27 109 0 67.98 59.11 
43732 3818 28 42 39 27 108 0 67.44 65.25 
43911 4044 45 63 62 43 170 0 67.97 67.61 
44090 4188 71 93 95 66 259 0 55.71 53.13 
44268 3898 100 140 135 92 372 0 61.28 43.20 
44445 3920 29 44 41 29 115 0 796.11 154.21 
44672 3866 34 46 45 30 121 0 171.75 183.70 
44864 3790 35 47 46 30 123 0 193.63 193.09 
45058 3704 136 141 156 87 390 0 190.62 76.36 
45245 3436 187 260 241 148 658 0 67.71 75.31 
45425 3793 170 227 222 145 604 0 60.74 35.85 
45602 3821 134 144 158 93 400 3 58.36 52.80 
45780 3651 151 184 186 112 489 0 55.71 56.34 
45958 3677 109 88 112 53 256 0 52.21 52.63 
46135 3753 63 62 71 39 174 2 62.12 62.17 
46313 3870 28 43 40 28 112 0 185.04 66.66 
46499 3870 28 43 40 28 112 2 183.70 186.29 
46692 3833 41 51 52 33 136 0 183.89 189.29 
46885 3711 70 68 78 42 189 0 192.08 189.43 
47079 3912 30 44 42 29 115 4 187.93 174.42 
47271 3781 49 55 59 35 149 0 159.10 120.04 
47459 3875 27 43 39 28 110 4 166.46 165.99 
47650 3827 54 76 73 49 200 0 159.37 161.45 
47840 3716 95 78 99 48 229 0 155.48 75.31 
48025 3693 105 84 108 51 246 0 148.84 68.32 
48209 3677 109 88 112 53 256 0 67.01 55.91 
48387 3692 125 124 140 76 345 0 150.69 113.75 
48574 3727 101 84 106 52 246 0 105.21 81.45 
48756 3864 39 49 50 32 132 0 178.11 114.09 
48944 3870 32 46 44 30 120 0 174.18 171.77 
49136 3748 33 46 44 29 120 0 170.73 168.74 
49327 3825 32 45 43 29 118 0 164.44 163.30 
49517 3807 95 120 121 77 322 0 144.57 130.90 
49704 3950 32 45 44 30 120 0 140.39 70.97 
49888 3928 27 44 40 29 113 0 73.20 58.14 
50067 3928 27 44 40 29 113 2 67.83 56.32 
50245 4024 27 43 40 29 112 0 130.41 55.78 
50427 3761 68 65 76 41 184 0 49.16 50.76 
50604 3914 33 47 45 31 123 0 46.05 43.60 
50780 3920 29 44 41 29 114 0 44.86 43.01 
50956 3831 42 51 53 33 137 0 55.85 58.14 
51134 3714 63 63 71 39 174 1 74.27 73.71 
51314 3774 60 85 81 54 223 0 64.92 67.88 
51493 3034 48 72 62 35 170 0 62.97 66.33 
51672 2472 176 254 201 80 545 0 63.67 96.41 
51853 4159 31 49 46 34 130 0 64.92 84.86 
52033 5051 28 45 44 36 125 0 65.62 67.46 
52212 5051 28 45 44 36 125 0 65.19 68.46 
52391 5051 28 45 44 36 125 0 59.48 22.98 
52567 5051 28 45 44 36 125 0 31.59 34.63 
52742 5051 28 45 44 36 125 0 30.04 36.99 
52917 5051 28 45 44 36 125 0 34.42 29.22 
53092 5051 28 45 44 36 125 0 35.67 35.85 
53267 5051 28 45 44 36 125 0 33.90 35.39 
53442 5051 28 45 44 36 125 0 33.92 35.39 
53617 5051 28 45 44 36 125 0 33.90 35.39 
53792 5051 28 45 44 36 125 0 33.90 35.39 
53967 5051 28 45 44 36 125 0 33.92 35.39 
54142 5051 28 45 44 36 125 0 33.90 35.38 
54317 5051 28 45 44 36 125 0 33.90 35.41 
54492 5051 28 45 44 36 125 0 33.90 35.39 
