=~=~=~=~=~=~=~=~=~=~=~= PuTTY log 2025.11.28 18:46:59 =~=~=~=~=~=~=~=~=~=~=~=
ets Jul 29 2019 12:21:46

rst:0x1 (POWERON_RESET),boot:0x13 (SPI_FAST_FLASH_BOOT)
configsip: 0, SPIWP:0xee
clk_drv:0x00,q_drv:0x00,d_drv:0x00,cs0_drv:0x00,hd_drv:0x00,wp_drv:0x00
mode:DIO, clock div:1
load:0x3fff0030,len:4980
load:0x40078000,len:16612
load:0x40080400,len:3480
entry 0x400805b4
Found sensor
Milis - ColorTemp - Lux - R - G - B - C - Pot - UsensA - UsensB

399 2802 34 76 55 38 168 0 61.47 42.42 
576 2802 34 76 55 38 168 0 61.49 44.00 
753 2802 34 76 55 38 168 0 61.47 44.00 
930 2802 34 76 55 38 168 2 61.47 43.60 
1107 2802 34 76 55 38 168 0 61.47 44.00 
1284 2802 34 76 55 38 168 0 61.49 44.00 
1461 2802 34 76 55 38 168 0 61.49 44.81 
1638 2802 34 76 55 38 168 0 61.49 44.00 
1815 2802 34 76 55 38 168 0 61.49 44.79 
1992 2802 34 76 55 38 168 0 61.49 44.40 
2169 2802 34 76 55 38 168 0 61.49 44.39 
2346 2802 34 76 55 38 168 2 61.47 44.01 
2523 2802 34 76 55 38 168 0 61.49 44.81 
2700 2802 34 76 55 38 168 0 61.47 44.01 
2877 2802 34 76 55 38 168 0 61.49 44.40 
3054 2802 34 76 55 38 168 0 61.49 44.40 
3231 2802 34 76 55 38 168 0 61.49 44.81 
3408 2802 34 76 55 38 168 0 61.47 43.60 
3585 2802 34 76 55 38 168 0 61.49 44.81 
3762 2802 34 76 55 38 168 0 61.49 44.01 
3939 2802 34 76 55 38 168 0 61.57 28.73 
4115 2802 34 76 55 38 168 0 61.59 28.71 
4291 2802 34 76 55 38 168 0 61.15 28.71 
4467 2802 34 76 55 38 168 0 61.57 45.99 
4644 2802 34 76 55 38 168 0 61.17 28.71 
4820 2802 34 76 55 38 168 0 61.59 28.73 
4996 2802 34 76 55 38 168 4 61.59 28.71 
5172 2802 34 76 55 38 168 0 61.57 45.19 
5349 2802 34 76 55 38 168 0 61.57 28.71 
5525 2802 34 76 55 38 168 0 61.17 28.71 
5701 2802 34 76 55 38 168 0 61.57 28.71 
5877 2802 34 76 55 38 168 0 61.57 45.59 
6054 2802 34 76 55 38 168 0 61.15 28.71 
6230 2802 34 76 55 38 168 4 61.57 45.19 
6407 2802 34 76 55 38 168 0 61.56 45.99 
6584 2802 34 76 55 38 168 0 61.17 28.71 
6760 2802 34 76 55 38 168 0 61.57 28.71 
6936 2802 34 76 55 38 168 0 61.15 28.73 
7112 2802 34 76 55 38 168 0 61.59 28.71 
7288 2802 34 76 55 38 168 0 61.17 28.71 
7464 2802 34 76 55 38 168 2 61.59 28.71 
7640 2802 34 76 55 38 168 0 61.59 28.71 
7816 2802 34 76 55 38 168 0 61.17 28.71 
7992 2802 34 76 55 38 168 0 61.18 28.71 
8168 2802 34 76 55 38 168 0 61.17 28.71 
8344 2802 34 76 55 38 168 0 61.59 28.71 
8520 2802 34 76 55 38 168 0 61.57 28.71 
8696 2802 34 76 55 38 168 0 61.59 28.71 
8872 2802 34 76 55 38 168 0 61.57 28.71 
9048 2802 34 76 55 38 168 1 61.15 28.71 
9224 2802 34 76 55 38 168 0 61.57 28.71 
9400 2802 34 76 55 38 168 0 61.57 45.99 
9577 2802 34 76 55 38 168 0 61.59 28.71 
9753 2802 34 76 55 38 168 0 61.57 45.59 
9930 2802 34 76 55 38 168 1 61.57 28.71 
10106 2802 34 76 55 38 168 0 61.57 45.58 
10283 2802 34 76 55 38 168 0 61.57 28.71 
10459 2802 34 76 55 38 168 0 61.57 45.58 
10636 2802 34 76 55 38 168 0 61.57 28.73 
10812 2802 34 76 55 38 168 0 61.57 45.99 
10989 2802 34 76 55 38 168 0 61.59 28.71 
11165 2802 34 76 55 38 168 1 61.17 28.71 
11341 2802 34 76 55 38 168 0 61.57 28.71 
11517 2802 34 76 55 38 168 0 61.17 46.00 
11694 2802 34 76 55 38 168 0 61.17 28.71 
11870 2802 34 76 55 38 168 0 61.17 45.19 
12047 2802 34 76 55 38 168 0 61.59 28.70 
12223 2802 34 76 55 38 168 0 61.57 45.17 
12400 2802 34 76 55 38 168 0 61.57 45.58 
12577 2802 34 76 55 38 168 0 61.17 28.71 
12753 2802 34 76 55 38 168 0 61.17 28.70 
12929 2802 34 76 55 38 168 0 61.59 45.59 
13106 2802 34 76 55 38 168 0 61.57 28.70 
13282 2802 34 76 55 38 168 2 61.57 28.71 
13458 2802 34 76 55 38 168 0 61.15 28.71 
13634 2802 34 76 55 38 168 0 61.59 28.71 
13810 2802 34 76 55 38 168 0 61.15 28.71 
13986 2802 34 76 55 38 168 0 61.57 43.42 
14163 2802 34 76 55 38 168 0 61.15 28.71 
14339 2802 34 76 55 38 168 0 61.59 28.71 
14515 2802 34 76 55 38 168 4 61.59 28.71 
14691 2802 34 76 55 38 168 0 61.15 45.58 
14868 2802 34 76 55 38 168 0 61.17 28.71 
15044 2802 34 76 55 38 168 0 61.17 28.71 
15220 2802 34 76 55 38 168 0 61.15 28.71 
15396 2802 34 76 55 38 168 0 61.17 28.71 
15572 2802 34 76 55 38 168 0 61.57 28.71 
15748 2802 34 76 55 38 168 0 61.57 45.99 
15925 2802 34 76 55 38 168 0 61.57 28.71 
16101 2802 34 76 55 38 168 0 61.56 45.19 
16278 2802 34 76 55 38 168 0 61.57 28.71 
16454 2802 34 76 55 38 168 0 61.57 28.71 
16630 2802 34 76 55 38 168 0 61.17 28.71 
16806 2802 34 76 55 38 168 0 61.57 45.58 
16983 2802 34 76 55 38 168 1 61.17 28.71 
17159 2802 34 76 55 38 168 0 61.59 45.17 
17336 2802 34 76 55 38 168 0 61.57 28.71 
17512 2802 34 76 55 38 168 0 61.59 28.71 
17688 2802 34 76 55 38 168 0 61.17 28.71 
17864 2802 34 76 55 38 168 0 61.57 45.58 
18041 2802 34 76 55 38 168 0 61.57 45.99 
18218 2802 34 76 55 38 168 1 61.17 28.71 
18394 2802 34 76 55 38 168 0 61.57 43.42 
18571 2802 34 76 55 38 168 0 61.17 45.99 
18748 2802 34 76 55 38 168 0 61.15 28.71 
18924 2802 34 76 55 38 168 0 61.57 45.58 
19101 2802 34 76 55 38 168 1 61.59 28.70 
19277 2802 34 76 55 38 168 0 61.57 45.17 
19454 2802 34 76 55 38 168 0 61.17 28.71 
19630 2802 34 76 55 38 168 0 61.15 45.59 
19807 2802 34 76 55 38 168 0 61.57 45.58 
19984 2802 34 76 55 38 168 0 61.57 45.20 
20161 2802 34 76 55 38 168 0 61.57 45.99 
20338 2802 34 76 55 38 167 2 61.57 45.58 
20515 2802 34 76 55 38 168 0 61.57 45.99 
20692 2802 34 76 55 38 168 0 61.15 45.99 
20869 2802 34 76 55 38 168 12 61.44 43.59 
21046 2802 34 76 55 38 167 0 61.57 49.25 
21224 2802 34 76 55 38 168 0 61.57 45.95 
21401 2802 34 76 55 38 168 0 61.57 43.42 
21578 2802 34 76 55 38 168 0 61.17 45.97 
21755 2802 34 76 55 38 168 0 62.13 42.82 
21932 2802 34 76 55 38 168 0 62.70 55.93 
22110 2913 37 83 61 43 187 0 62.68 60.50 
22288 2843 38 85 62 43 188 0 62.70 60.50 
22466 2843 38 85 62 43 188 0 61.03 44.98 
22643 2806 36 80 58 40 178 0 61.17 43.60 
22820 2857 34 75 55 38 167 1 61.15 28.97 
22996 2802 34 76 55 38 168 0 61.15 28.97 
23172 2802 34 76 55 38 169 0 61.17 28.95 
23348 2802 34 76 55 38 169 0 61.30 43.20 
23525 2802 34 76 55 38 168 0 62.99 42.42 
23702 2802 34 76 55 38 169 0 63.80 58.84 
23880 2748 33 77 55 38 168 0 56.01 49.59 
24057 6071 50 58 71 58 187 0 52.38 58.41 
24235 6554 54 55 74 61 191 0 21.52 51.97 
24410 7178 66 63 91 77 231 0 20.26 51.27 
24585 4021 34 66 56 44 166 0 17.41 50.61 
24760 3228 30 70 52 40 161 0 16.46 49.27 
24935 4428 36 53 52 39 144 0 14.82 16.75 
25108 3457 32 75 57 45 176 0 16.46 13.11 
25281 2522 31 102 65 52 217 0 43.08 41.07 
25457 2873 29 80 55 43 177 0 8.38 42.42 
25631 2404 27 97 60 49 204 0 7.43 39.49 
25805 2263 28 106 64 52 220 2 37.72 36.53 
25981 2344 30 109 67 54 228 0 37.72 36.07 
26156 3250 43 98 74 56 226 0 4.54 39.49 
26330 3392 48 99 78 58 232 0 5.18 33.06 
26503 2537 31 100 64 51 213 0 2.92 31.28 
26676 2069 27 112 65 53 226 0 4.22 40.85 
26850 2239 26 100 60 49 207 0 9.08 18.02 
27023 1862 24 118 65 55 235 3 16.78 15.13 
27196 1862 24 118 65 55 235 0 15.50 16.75 
27369 1794 23 120 65 55 237 0 11.78 46.77 
27544 2101 30 127 74 61 259 0 16.78 5.81 
27716 2537 94 161 122 62 349 0 16.46 3.89 
27888 2984 131 188 163 88 444 3 15.83 3.25 
28060 4060 147 214 205 146 571 0 14.14 3.89 
28232 3401 26 95 63 58 216 0 11.44 4.20 
28404 9815 70 97 119 117 335 0 16.13 7.41 
28577 3178 42 113 80 65 256 0 15.83 14.13 
28750 3698 70 106 97 66 272 0 17.08 19.91 
28923 3713 115 143 144 89 381 1 54.06 17.68 
29098 3162 56 99 81 53 235 0 38.18 19.58 
29273 2288 28 90 56 42 186 3 35.68 25.55 
29448 1853 27 115 64 49 225 0 35.44 32.56 
29623 8699 55 78 92 88 258 2 39.54 48.91 
29799 7288 36 84 74 73 231 0 44.27 44.18 
29975 4045 101 147 141 100 391 0 49.67 50.42 
30152 2892 79 113 97 50 262 0 54.91 42.43 
30329 2597 30 92 60 47 197 0 56.13 42.62 
30506 5307 44 59 64 51 174 1 55.74 35.62 
30683 7377 74 68 101 86 255 0 54.40 21.50 
30859 7890 88 76 120 104 301 8 18.68 21.49 
31033 7395 75 70 103 88 262 0 16.13 17.37 
31206 3000 32 87 61 48 194 3 45.87 48.91 
31383 3026 37 82 61 44 187 0 6.78 46.95 
31557 2971 83 117 102 54 276 0 7.43 43.01 
31731 3486 62 91 83 53 228 0 10.76 10.76 
31903 4109 65 102 95 70 268 0 16.46 16.10 
32076 4151 65 101 95 70 266 0 15.83 15.13 
32249 4112 62 96 90 66 252 0 32.62 34.88 
32424 3954 38 87 69 57 214 0 26.47 8.04 
32597 4297 31 65 54 45 163 0 29.02 6.77 
32770 6186 37 52 57 49 160 0 18.04 15.79 
32943 3192 32 68 52 38 157 0 15.83 30.24 
33117 2943 32 74 54 39 166 0 17.41 9.40 
33290 3004 32 73 54 39 166 3 25.89 10.74 
33463 3087 34 75 56 41 171 0 25.89 10.74 
33636 3190 34 75 57 42 171 0 25.31 10.08 
33809 3127 34 76 57 42 174 0 16.78 9.74 
33982 3025 32 71 53 38 162 0 16.15 8.72 
34155 3103 31 66 50 36 152 0 25.30 9.72 
34328 3311 32 63 50 36 147 0 9.42 9.40 
34500 3528 30 55 46 33 134 0 9.08 7.41 
34672 3355 32 64 51 37 151 0 9.42 7.74 
34844 3329 32 66 52 38 155 0 8.74 7.41 
35016 3266 33 64 51 36 152 0 8.74 7.41 
35188 3454 31 64 51 38 152 0 7.43 6.77 
35360 3334 31 64 50 37 150 0 6.78 7.41 
35532 3311 32 63 50 36 149 0 6.14 8.72 
35704 3382 32 62 50 36 147 0 7.74 9.74 
35876 3267 31 62 49 35 145 0 9.08 11.42 
36048 3065 34 77 57 42 176 0 14.48 12.10 
36221 2957 34 76 56 40 170 0 15.83 12.78 
36394 3355 32 64 51 37 152 0 15.83 11.08 
36567 4929 36 54 54 43 150 0 13.48 9.06 
36739 3756 33 60 51 38 149 1 9.08 6.14 
36911 3217 33 68 53 38 159 0 5.17 6.46 
37083 3311 32 63 50 36 148 0 4.54 9.08 
37255 3223 32 63 50 35 147 0 5.51 69.05 
37431 3560 30 53 45 32 130 0 6.78 66.91 
37606 3759 34 49 46 31 126 0 7.75 9.74 
37778 3732 37 51 49 32 133 0 7.43 9.40 
37950 3704 37 53 50 33 136 0 6.14 66.93 
38125 3417 35 62 52 36 150 0 8.40 9.06 
38297 3368 39 76 61 44 179 0 10.44 10.08 
38469 3182 36 71 56 39 165 0 15.83 14.47 
38642 3179 35 69 54 38 160 0 1.82 19.91 
38814 3283 34 67 53 38 158 0 0.00 62.19 
39987 6616 27 55 51 48 155 0 57.31 55.78 
40165 4263 40 59 57 42 159 0 109.72 112.46 
40349 3518 42 69 60 41 171 0 112.64 90.10 
40532 5164 36 55 55 45 156 0 15.83 67.18 
40708 3713 30 84 61 53 197 0 16.47 15.79 
40881 4085 71 116 106 79 302 0 15.52 15.13 
41054 4146 68 107 100 74 282 0 16.15 15.47 
41227 4146 68 107 100 74 283 0 17.42 18.00 
41400 4138 63 100 93 69 262 0 16.15 18.00 
41573 4089 62 95 89 65 249 2 13.14 16.12 
41746 4079 66 101 95 69 266 0 5.83 62.03 
41921 4152 58 91 85 63 240 0 6.14 3.89 
42093 3722 43 67 61 42 171 0 7.75 4.84 
42265 3339 50 74 66 41 181 0 54.59 5.17 
42440 3339 50 74 66 41 182 2 49.37 6.77 
42614 3406 47 72 64 41 178 0 46.87 47.57 
42791 3471 41 62 56 36 154 0 43.89 12.10 
42965 3611 37 56 51 34 141 0 16.47 43.81 
43140 3376 47 71 63 40 175 0 15.52 53.14 
43315 3585 37 58 52 35 145 0 16.46 15.49 
43488 3930 32 50 46 33 128 0 43.30 19.28 
43663 3975 40 63 58 42 163 0 29.04 37.65 
43838 3394 41 65 57 37 159 0 55.76 49.44 
44015 3790 33 58 50 37 145 0 56.73 45.19 
44192 6431 49 52 68 56 177 0 59.94 47.97 
44370 6264 51 54 70 57 182 0 63.83 43.40 
44547 5955 48 53 66 53 172 0 54.77 45.76 
44724 6465 53 55 73 60 189 0 48.28 46.77 
44901 3321 33 71 55 41 167 0 41.21 39.93 
45077 3358 54 79 71 44 195 0 34.44 33.08 
45252 4095 44 75 67 51 194 0 29.80 27.85 
45427 4196 33 61 53 42 155 0 25.33 25.57 
45601 7004 42 59 67 60 186 0 34.46 19.58 
45775 7276 40 57 65 59 180 0 20.28 19.58 
45949 7054 37 52 59 53 164 0 18.36 16.12 
46122 4420 34 55 52 40 148 1 16.46 14.79 
46295 3016 35 80 59 43 181 0 15.16 13.11 
46468 3178 37 76 59 42 176 0 14.14 12.10 
46641 3268 37 79 61 45 183 0 6.14 6.44 
46813 3055 35 76 57 41 173 0 6.14 3.25 
46985 3666 34 55 49 34 139 0 6.14 3.25 
47157 3660 41 57 54 35 147 3 6.14 3.25 
47329 3660 41 57 54 35 146 0 6.14 3.25 
47501 3660 41 57 54 35 146 0 7.11 3.25 
47673 3720 41 56 54 35 146 3 16.15 4.84 
47845 3717 39 56 53 35 144 0 20.26 5.81 
48018 3660 33 55 48 34 137 0 16.47 6.12 
48190 3672 36 55 50 34 139 1 9.42 10.42 
48362 3754 41 57 55 36 149 0 13.14 13.45 
48535 3698 43 58 56 36 150 0 15.83 16.44 
48708 3698 43 58 56 36 150 0 19.96 22.42 
48882 3780 40 55 53 35 143 0 29.02 31.55 
49057 3311 32 63 50 36 149 1 20.26 16.44 
49230 5274 35 51 53 43 147 0 25.04 21.18 
49404 5418 35 56 56 47 158 0 39.81 36.52 
49580 3789 27 69 52 44 164 0 29.80 33.34 
49755 3855 28 73 55 47 175 0 27.91 28.71 
49929 4666 33 64 56 47 167 0 23.60 24.12 
50103 7168 45 62 71 64 198 0 18.04 18.33 
50276 4651 38 64 60 48 170 0 15.83 17.07 
50449 3615 36 59 52 36 148 0 17.71 16.75 
50622 3764 44 60 58 38 157 0 18.36 15.47 
50795 3642 58 74 73 45 192 0 16.46 16.12 
50968 3684 51 68 66 42 177 0 8.38 6.77 
51140 6076 30 56 53 48 157 4 8.07 5.80 
51312 5018 29 51 48 40 139 0 6.78 5.80 
51484 3989 28 48 43 32 123 0 5.81 6.14 
51656 3803 29 50 44 32 126 1 6.14 7.72 
51828 3730 30 54 46 34 134 0 11.44 10.74 
52000 3727 28 54 45 34 133 0 13.80 15.49 
52173 3778 29 55 46 35 136 3 13.14 13.79 
52346 5640 29 53 50 44 147 0 13.14 9.40 
52518 5683 30 54 51 45 150 0 10.10 9.74 
52690 3704 29 59 48 37 144 3 5.81 5.80 
52862 3562 31 64 51 39 155 0 5.83 4.84 
53034 3743 30 57 48 36 141 0 5.81 4.84 
53206 3667 32 58 49 36 143 0 7.75 5.49 
53378 3712 32 59 50 37 146 0 8.38 5.17 
53550 3635 32 60 50 37 147 0 6.46 6.12 
53722 3708 31 59 49 37 145 0 7.43 6.78 
53894 3708 31 59 49 37 145 0 6.78 9.40 
54066 3900 30 52 46 34 132 0 7.74 16.12 
54239 5058 27 50 46 39 136 9 15.83 9.06 
54412 4956 26 48 44 37 129 0 17.73 6.46 
54585 5696 26 51 47 42 140 0 11.10 9.08 
54757 6180 27 54 50 46 149 2 13.80 8.72 
54929 6616 27 55 51 48 154 0 16.78 15.79 
55102 4928 32 54 51 42 147 0 22.73 19.26 
55276 3647 50 64 63 39 167 0 23.87 21.18 
55450 3277 45 90 71 51 211 0 21.20 18.02 
55623 2707 35 88 61 44 192 3 16.78 14.47 
55796 2829 34 85 60 44 188 0 17.71 14.79 
55969 3201 39 76 60 42 178 0 16.46 7.09 
56142 3676 50 65 64 40 171 0 9.76 6.12 
56314 4378 34 54 51 39 145 0 9.42 6.77 
56486 5476 28 53 49 43 144 0 10.42 8.36 
56658 5359 30 53 50 43 146 0 11.10 10.08 
56830 5786 27 53 49 44 146 0 13.12 13.11 
57003 5640 29 53 50 44 148 0 13.80 16.10 
57176 4367 31 50 47 36 132 0 17.73 15.79 
57349 3685 40 55 53 34 143 0 22.73 17.68 
57523 3646 44 59 57 36 154 0 29.02 22.12 
57697 3087 34 75 56 41 170 0 35.44 22.12 
57872 9241 48 62 78 75 168 0 22.73 17.70 
58046 5616 37 58 59 50 167 0 17.41 15.79 
58219 3099 38 84 63 46 193 0 14.48 8.38 
58391 3552 41 62 56 37 156 1 9.42 13.79 
58564 3720 41 56 54 35 146 0 9.42 13.79 
58737 3880 33 49 46 32 127 0 9.08 15.47 
58910 3759 34 49 46 31 127 0 15.83 14.13 
59083 3770 36 52 49 33 134 0 16.78 18.95 
59256 3720 41 56 54 35 145 0 22.73 29.99 
59430 3194 33 70 54 39 162 0 27.61 31.02 
59605 6051 37 56 59 51 166 0 32.10 32.57 
59780 7239 39 55 63 57 174 0 39.32 32.32 
59955 3886 27 68 52 44 164 0 25.02 26.71 
60129 6847 40 57 64 57 178 0 19.96 20.54 
60303 3921 42 81 68 53 201 0 15.15 16.12 
60476 3572 43 65 59 39 163 0 15.16 13.45 
60649 3955 42 60 58 40 159 0 13.12 13.11 
60822 6316 28 53 50 46 150 0 10.78 11.42 
60994 6354 28 54 51 47 152 0 9.76 9.06 
61166 7186 28 59 55 53 167 0 15.16 9.74 
61339 5155 28 52 48 41 142 10 14.82 13.45 
61512 4700 29 49 46 37 131 0 10.76 8.72 
61684 4700 29 49 46 37 133 0 8.38 5.81 
61856 5597 28 52 49 43 145 0 5.18 4.52 
62028 5786 27 53 49 44 146 0 6.78 4.52 
62200 5597 28 52 49 43 144 0 5.17 4.52 
62372 5786 27 53 49 44 146 0 6.78 16.12 
62545 5640 29 53 50 44 148 0 16.13 8.38 
62718 5724 30 55 52 46 152 0 10.78 10.08 
62890 5724 30 55 52 46 154 3 12.80 13.45 
63063 5359 30 53 50 43 146 0 16.46 15.79 
63236 3879 37 52 50 34 137 0 22.73 26.42 
63410 3546 37 57 51 34 143 0 32.37 30.77 
63585 4039 32 55 49 37 140 0 36.60 39.73 
63761 4295 30 62 52 43 156 0 44.86 44.42 
63937 3996 40 69 61 46 176 0 43.47 47.57 
64114 3259 57 87 76 47 211 0 41.60 43.81 
64290 3113 67 99 86 50 235 0 37.26 38.11 
64466 3457 63 95 85 55 235 0 32.35 32.04 
64641 4041 46 74 68 50 192 0 25.89 26.98 
64815 4133 28 67 53 45 165 0 19.94 20.23 
64989 5548 36 56 57 48 162 0 15.50 14.79 
65162 3261 40 72 59 40 171 0 13.12 16.10 
65335 3618 53 68 67 41 177 0 15.83 14.13 
65508 3704 51 66 65 41 173 0 13.82 11.76 
65681 3722 43 56 55 35 146 0 6.14 5.49 
65853 5683 30 54 51 45 150 0 6.78 5.80 
66025 5640 29 53 50 44 146 0 6.78 5.81 
66197 5521 29 54 50 44 149 0 8.07 6.12 
66369 5683 30 54 51 45 149 0 5.18 7.09 
66541 5683 30 54 51 45 151 0 9.08 8.38 
66713 5683 30 54 51 45 151 0 10.10 9.74 
66885 5683 30 54 51 45 150 0 13.46 13.11 
67058 5640 29 53 50 44 147 0 20.57 18.65 
67231 4143 34 52 49 36 137 0 25.89 28.71 
67405 3603 35 56 50 34 140 0 33.39 35.38 
67580 4983 35 57 55 45 156 0 38.18 39.03 
67756 4246 29 61 51 42 154 0 38.64 39.49 
67932 4011 49 79 72 53 204 0 35.90 38.81 
68108 4087 65 101 94 69 265 0 32.62 35.62 
68283 3961 51 86 77 57 219 0 25.87 33.08 
68458 3890 30 71 55 46 171 0 18.99 19.91 
68631 5226 33 51 51 42 145 0 20.57 17.70 
68804 3696 35 64 54 40 158 0 22.44 20.23 
68978 3365 35 69 55 40 163 0 21.83 19.60 
69152 3266 33 64 51 36 150 0 24.45 21.18 
69326 3344 36 68 55 39 160 0 20.89 19.28 
69500 3329 32 66 52 38 155 0 22.44 18.95 
69674 3297 36 72 57 41 171 0 22.44 22.12 
69848 3259 34 69 54 39 162 0 23.58 22.13 
70022 3201 34 67 53 37 156 3 20.26 17.37 
70195 3359 36 71 57 41 168 0 16.78 15.79 
70368 3615 36 59 52 36 147 0 14.82 14.79 
70541 3698 43 58 56 36 151 0 13.14 15.13 
70714 3698 43 58 56 36 150 0 13.80 14.81 
70887 3754 41 57 55 36 149 0 14.82 14.47 
71060 3720 41 56 54 35 146 0 17.41 14.81 
71233 3685 40 55 53 34 143 0 22.44 21.49 
71407 3427 33 60 50 35 144 0 27.32 28.71 
71581 4457 32 52 49 38 140 0 24.45 26.13 
71755 5198 34 49 51 41 141 4 19.30 16.44 
71928 3416 34 65 53 38 155 0 11.44 11.42 
72101 3691 40 58 54 36 148 0 6.46 9.74 
72273 4911 29 52 48 40 141 0 5.49 5.80 
72445 4205 28 49 44 34 126 0 5.18 5.80 
72617 3805 28 50 43 32 125 0 6.46 5.81 
72789 3805 28 50 43 32 125 2 9.42 11.08 
72961 4304 28 48 44 34 126 0 16.15 16.42 
73134 4593 31 51 48 38 137 0 20.26 22.12 
73308 3676 37 55 51 34 140 0 23.00 24.70 
73482 3355 32 64 51 37 151 0 20.89 21.81 
73656 3382 32 62 50 36 147 0 15.83 16.75 
73829 3483 35 61 52 36 149 0 16.78 18.95 
74002 3665 42 57 55 35 147 0 16.13 22.41 
74175 3681 39 55 52 34 141 0 15.16 17.07 
74348 3690 47 63 61 39 164 0 14.48 15.49 
74521 3754 41 57 55 36 149 2 18.04 18.02 
74694 3698 43 58 56 36 150 0 22.44 26.69 
74868 3595 34 56 49 34 138 0 27.90 34.10 
75043 4325 33 61 54 43 157 0 20.89 16.75 
75216 5563 34 49 52 43 145 0 16.46 16.44 
75389 5573 35 53 55 46 155 0 23.87 26.13 
75563 4748 36 59 56 45 159 0 19.30 22.41 
75737 3349 34 66 53 38 157 3 25.60 24.14 
75911 3329 32 66 52 38 156 0 29.02 31.53 
76086 3642 33 60 51 37 147 0 31.33 36.75 
76261 5426 33 49 51 42 142 0 31.08 35.39 
76436 3983 28 67 52 44 162 0 26.18 30.00 
76610 4863 33 59 54 45 159 0 20.57 20.86 
76784 4722 34 52 51 40 144 0 14.82 15.49 
76957 3432 36 65 54 38 157 0 12.80 14.13 
77130 3816 40 56 54 36 147 0 13.14 9.40 
77302 3921 31 47 44 31 123 2 12.12 7.09 
77474 3670 38 52 50 32 135 0 13.14 20.55 
77647 3681 39 55 52 34 142 0 16.78 22.41 
77820 3771 37 52 50 33 136 1 22.73 16.75 
77993 3629 46 61 59 37 157 0 22.73 18.63 
78167 3324 37 67 55 38 161 0 28.19 26.42 
78341 2881 34 79 57 41 175 0 41.38 44.40 
78517 7603 39 56 64 59 180 0 41.62 31.02 
78692 10337 50 64 83 82 229 0 37.28 37.45 
78868 11384 52 67 88 89 245 0 33.13 28.71 
79043 6270 38 63 64 57 185 0 27.90 21.49 
79217 2791 34 84 59 43 184 0 10.10 14.47 
79390 3673 59 78 76 48 203 0 17.41 13.79 
79563 5278 33 57 54 46 158 0 14.82 11.76 
79736 6824 28 56 53 50 158 3 13.46 10.76 
79909 6792 28 55 52 49 157 0 11.78 12.43 
80082 6259 28 56 52 48 156 0 7.75 6.77 
80254 5403 30 54 51 44 149 0 8.06 8.72 
80426 3916 29 55 47 36 138 0 9.08 7.41 
80598 3613 30 57 47 35 139 0 11.78 9.74 
80770 4101 27 47 42 32 121 0 15.50 12.44 
80943 4875 28 48 45 37 130 0 15.50 14.47 
81116 6759 27 54 51 48 154 0 18.99 18.00 
81289 6316 28 53 50 46 149 0 18.99 16.75 
81462 7681 28 59 55 54 168 0 14.82 13.79 
81635 8261 27 60 56 56 172 3 9.08 6.78 
81807 6915 30 59 56 53 168 0 6.78 4.52 
81979 6391 29 55 52 48 155 6 6.14 4.84 
82151 4924 28 49 46 38 134 0 6.46 5.49 
82323 4403 29 47 44 34 125 0 11.10 9.06 
82495 4651 29 48 45 36 129 0 15.83 13.79 
82668 5506 27 50 47 41 139 2 18.67 17.37 
82841 6724 27 53 50 47 150 0 20.26 17.70 
83014 6334 29 58 54 50 161 0 18.36 15.79 
83187 6652 28 56 52 49 158 0 14.82 13.79 
83360 7312 31 64 60 58 183 0 8.06 7.09 
83532 6462 30 57 54 50 162 0 5.18 8.38 
83704 5521 29 54 50 44 149 0 4.54 5.49 
83876 3622 31 57 48 35 140 0 7.41 6.46 
84048 3647 29 55 46 34 136 0 6.14 8.36 
84220 3613 30 57 47 35 139 0 6.14 7.74 
84392 3622 31 57 48 35 140 0 9.76 8.38 
84564 3695 30 56 47 35 138 0 12.12 15.79 
84737 3564 29 56 46 34 136 0 13.46 12.78 
84910 3695 30 56 47 35 137 0 13.80 12.77 
85083 3708 31 59 49 37 144 0 15.83 13.11 
85256 4402 30 53 48 38 138 0 16.78 14.13 
85429 5724 30 55 52 46 152 0 15.83 14.79 
85602 5683 30 54 51 45 151 2 18.36 17.70 
85775 5597 28 52 49 43 145 0 122.71 114.12 
85960 4340 28 51 45 36 133 0 16.46 16.75 
86133 3515 30 63 50 38 151 0 11.10 11.76 
86305 3577 31 67 53 41 160 0 9.76 10.40 
86477 3577 31 67 53 41 161 0 7.11 4.52 
86649 3635 32 60 50 37 147 0 9.08 6.77 
86821 3635 32 60 50 37 148 0 6.78 12.10 
86993 3635 32 60 50 37 147 0 13.48 15.79 
87166 4209 29 52 46 36 133 0 16.76 15.47 
87339 6276 27 52 49 45 147 0 22.73 20.23 
87513 4073 40 60 57 41 159 0 27.90 27.27 
87687 3614 70 85 86 51 224 0 34.15 33.86 
87862 3639 88 101 105 61 269 0 38.18 39.49 
88038 3616 107 122 127 73 325 0 41.14 43.79 
88214 3577 137 150 159 88 402 0 66.45 62.03 
88393 3893 74 91 94 60 248 0 62.00 55.62 
88571 12428 26 64 60 65 189 0 59.91 52.46 
88749 13877 27 64 62 68 194 0 55.73 50.95 
88926 6608 42 75 74 68 218 0 54.57 51.78 
89103 3562 126 142 148 83 377 0 41.14 43.59 
89279 2134 33 115 69 52 233 0 39.56 41.07 
89455 1990 32 121 70 53 242 0 35.90 39.49 
89631 3198 32 79 58 45 181 0 36.82 40.41 
89807 6796 41 60 66 59 186 0 37.96 44.39 
89983 3817 28 53 45 34 132 0 55.73 63.73 
90161 3529 32 63 51 38 152 0 51.53 48.94 
90338 5796 38 64 63 55 182 0 59.33 45.97 
90515 10347 56 73 94 93 260 0 55.73 40.17 
90692 10305 54 71 91 90 253 0 83.84 49.08 
90871 3534 26 92 62 57 209 0 106.66 24.70 
91050 4148 80 118 113 82 314 0 15.83 18.33 
91223 3063 77 109 96 53 259 0 11.44 13.11 
91396 3312 62 96 84 53 233 0 8.07 9.40 
91568 3309 36 78 60 45 182 3 6.78 9.40 
91740 3247 34 77 58 44 177 0 7.75 9.06 
91912 3235 32 69 53 39 158 0 7.75 9.06 
92084 3352 31 67 52 39 156 0 7.75 9.06 
92256 3352 31 67 52 39 156 0 9.76 9.74 
92428 3352 31 67 52 39 156 0 9.76 9.74 
92600 3468 30 62 49 37 147 0 9.76 9.74 
92772 3790 33 58 50 37 145 0 11.10 10.42 
92944 3790 33 58 50 37 145 0 13.48 13.45 
93117 3993 31 54 48 36 138 0 13.48 13.45 
93290 4032 31 52 47 35 135 0 11.46 12.43 
93463 3613 30 57 47 35 138 0 11.44 10.06 
93635 3579 30 59 48 36 143 3 11.44 11.08 
93807 3380 31 65 51 38 154 0 10.08 10.08 
93979 3594 30 62 50 38 149 0 10.08 10.40 
94151 3529 32 63 51 38 151 0 8.74 9.06 
94323 3756 33 60 51 38 148 0 4.86 4.52 
94495 3755 31 60 50 38 148 0 7.11 4.84 
94667 4048 31 66 54 44 159 0 7.11 4.84 
94839 3336 37 73 58 42 177 6 7.43 6.12 
95011 3498 38 72 59 43 173 0 11.10 11.08 
95183 3380 31 65 51 38 151 0 15.52 15.79 
95356 3209 31 69 52 39 159 0 17.71 16.44 
95529 2956 30 76 54 41 169 0 55.98 45.78 
95706 3182 34 78 58 44 178 0 52.89 44.18 
95883 3635 32 60 50 37 146 0 46.44 46.78 
96060 3370 32 70 54 41 164 0 44.46 44.76 
96236 3250 49 76 66 41 184 0 35.90 39.25 
96412 3834 40 62 57 40 160 0 24.16 32.04 
96586 3897 31 63 52 41 156 2 19.94 16.75 
96759 4354 29 49 45 35 129 0 27.90 22.12 
96933 5159 34 48 50 40 138 0 29.78 32.81 
97108 5198 34 49 51 41 140 0 33.90 39.49 
97283 4213 30 55 48 38 141 0 39.76 44.78 
97459 3927 32 61 52 40 152 0 49.50 16.44 
97634 4041 46 74 68 50 192 0 39.56 42.40 
97810 4062 48 75 70 51 197 0 35.68 40.80 
97986 4088 52 82 76 56 214 0 32.37 32.30 
98161 3943 32 64 53 42 159 0 17.73 19.28 
98334 4589 32 54 50 40 145 0 16.46 17.37 
98507 4026 33 55 50 37 142 0 17.41 17.37 
98680 3303 42 81 65 46 192 0 17.73 18.00 
98853 3359 36 71 57 41 168 2 21.84 18.97 
99027 3418 41 77 63 45 184 0 26.16 22.41 
99201 4078 32 53 48 36 137 0 28.46 28.95 
99376 5119 33 47 49 39 135 0 28.75 28.97 
99551 4980 32 47 48 38 133 0 25.02 19.58 
99725 4820 33 48 49 38 136 0 18.68 16.44 
99898 4590 33 52 50 39 141 0 17.08 16.44 
100071 3281 35 69 55 39 161 0 18.67 16.10 
100244 3338 31 61 49 35 146 0 16.15 16.75 
100417 3721 31 51 45 32 129 0 20.57 18.97 
100590 3640 30 52 45 32 128 0 28.19 26.13 
100764 3612 34 62 52 38 151 0 33.39 36.29 
100939 4954 30 48 47 38 133 0 36.13 36.77 
101114 3883 28 57 47 37 141 0 35.90 36.97 
101289 3877 34 60 52 39 150 0 32.62 31.04 
101464 3849 36 65 56 42 163 0 25.58 24.70 
101638 3877 30 57 48 37 142 0 21.22 20.23 
101812 4204 32 50 47 35 133 0 17.71 15.79 
101985 3390 34 67 54 39 159 0 12.46 12.10 
102158 3704 37 53 50 33 137 0 12.12 13.11 
102331 4769 33 55 52 42 149 0 18.04 16.44 
102504 5552 28 51 48 42 142 1 15.83 15.79 
102677 3712 47 61 60 38 160 0 16.78 15.47 
102850 3696 50 63 63 39 166 0 15.83 14.47 
103023 3632 51 66 65 40 173 0 16.46 15.49 
103196 3963 38 57 54 38 149 0 16.13 15.49 
103369 4225 34 51 49 36 136 0 16.78 16.12 
103542 3665 42 57 55 35 147 0 15.83 14.13 
103715 3744 39 54 52 34 141 0 14.82 14.45 
103888 3771 37 52 50 33 137 0 15.15 14.79 
104061 3957 35 51 49 34 134 0 14.14 13.79 
104234 4031 39 56 54 38 148 0 9.76 9.40 
104406 4590 33 52 50 39 141 0 3.59 3.57 
104578 6427 29 56 53 49 158 0 4.86 4.84 
104750 5640 29 53 50 44 146 0 3.89 4.52 
104922 5640 29 53 50 44 148 0 7.43 4.52 
105094 5640 29 53 50 44 148 0 5.17 6.12 
105266 5640 29 53 50 44 148 0 13.14 8.06 
105438 5786 27 53 49 44 146 0 16.46 13.11 
105611 5223 28 50 47 40 137 0 22.73 17.07 
105784 6580 26 54 50 47 151 0 29.26 25.28 
105958 3809 49 67 65 43 175 0 30.04 28.71 
106133 3624 69 83 84 50 219 0 21.52 15.79 
106306 3656 62 77 77 47 203 0 15.16 15.79 
106479 5914 29 56 52 47 155 0 11.44 9.74 
106651 5872 28 55 51 46 153 0 11.44 8.06 
106823 4814 28 50 46 38 135 0 13.80 12.10 
106996 5696 26 51 47 42 140 0 18.99 16.75 
107169 6180 27 54 50 46 150 0 29.78 20.23 
107343 3894 48 67 65 44 176 0 36.14 35.62 
107518 3549 59 78 75 46 201 0 37.96 28.70 
107693 2702 30 79 54 40 171 0 37.94 40.65 
107869 2358 32 96 61 45 199 0 27.61 25.06 
108043 2672 31 82 56 41 178 0 19.62 18.33 
108216 2580 35 94 63 46 202 0 15.50 16.12 
108389 3680 49 68 65 42 175 0 13.12 13.11 
108562 3617 61 78 77 47 203 0 13.46 13.79 
108735 3750 48 65 63 41 170 0 14.82 13.45 
108908 3672 49 65 63 40 169 0 14.82 13.79 
109081 3698 43 58 56 36 149 0 14.14 12.77 
109254 3614 43 58 56 35 150 0 6.46 9.40 
109426 3732 51 67 66 42 176 0 5.81 5.17 
109598 3765 45 60 59 38 157 0 5.49 5.17 
109770 3698 43 58 56 36 151 0 5.49 5.17 
109942 3646 44 59 57 36 152 0 8.74 6.77 
110114 3698 43 58 56 36 151 0 13.14 12.44 
110287 3646 44 59 57 36 153 0 17.41 17.05 
110460 3704 55 74 72 46 194 0 21.52 18.97 
110634 3688 50 71 67 44 182 0 19.94 17.39 
110807 3469 35 58 50 34 143 0 24.74 18.65 
110981 3811 71 95 93 61 251 0 15.83 15.79 
111154 3678 55 73 71 45 189 0 15.83 15.79 
111327 3645 54 69 68 42 180 0 17.08 16.12 
111500 3676 50 65 64 40 170 0 13.46 14.13 
111673 3676 50 65 64 40 170 1 7.75 7.11 
111845 4433 39 60 58 44 162 0 9.42 5.80 
112017 4693 30 52 48 39 138 0 6.14 5.81 
112189 3743 30 57 48 36 140 3 8.38 7.74 
112361 3695 30 56 47 35 137 0 8.74 8.74 
112533 3717 29 51 44 32 127 0 11.10 13.46 
112706 3618 29 60 48 37 145 3 11.44 11.42 
112878 3515 30 63 50 38 150 0 11.44 13.79 
113051 3562 31 64 51 39 154 0 13.12 15.13 
113224 3562 31 64 51 39 154 0 13.12 16.44 
113397 3708 31 59 49 37 145 0 13.46 13.45 
113570 3751 39 68 59 43 169 0 13.80 11.42 
113743 3661 33 66 54 41 160 0 15.52 11.08 
113916 3577 31 67 53 41 160 0 15.16 11.10 
114089 3577 31 67 53 41 161 2 15.83 14.13 
114262 3562 31 64 51 39 155 0 22.15 18.63 
114436 3484 30 65 51 39 155 0 29.78 26.42 
114610 4100 29 61 50 41 151 0 34.94 34.87 
114785 7795 27 56 53 52 161 0 41.38 38.57 
114961 6462 30 57 54 50 161 0 14.82 17.68 
115134 3601 79 97 97 58 254 0 16.13 18.33 
115307 3597 103 121 124 72 319 1 41.84 35.62 
115483 3600 105 121 125 72 320 0 36.36 35.63 
115658 3639 117 131 138 79 351 0 35.19 35.85 
115833 3644 119 134 141 81 358 0 32.35 34.63 
116008 3681 120 140 145 86 373 0 27.03 28.71 
116182 3747 96 116 119 73 311 0 20.89 24.70 
116356 3633 101 113 119 68 303 0 16.46 18.65 
116529 3611 83 97 100 58 257 0 11.10 13.11 
116702 3475 49 77 68 45 191 0 5.81 7.74 
116874 3035 35 78 58 42 178 2 5.81 6.44 
117046 3868 33 57 50 37 145 0 9.08 5.49 
117218 4991 35 49 51 40 140 0 17.08 15.49 
117391 5367 35 50 53 43 147 2 15.83 17.70 
117564 5063 33 49 50 40 139 0 16.46 16.44 
117737 4551 32 48 47 36 132 0 16.46 16.12 
117910 4729 33 49 49 38 136 0 25.89 16.44 
118084 5274 35 51 53 43 147 0 25.02 24.70 
118258 5236 35 50 52 42 144 1 15.16 16.44 
118431 4547 35 52 51 39 142 0 14.48 16.75 
118604 4249 32 51 48 36 135 0 9.76 21.17 
118777 4588 35 53 52 40 145 0 6.46 17.07 
118950 3344 36 68 55 39 161 0 14.14 14.47 
119123 3596 38 61 54 37 151 0 15.50 15.47 
119296 3731 43 59 57 37 152 0 16.13 5.81 
119468 3720 41 56 54 35 146 0 16.46 5.17 
119640 3685 40 55 53 34 143 1 16.46 3.25 
119812 3665 42 57 55 35 147 0 16.76 2.92 
119984 3754 41 57 55 36 149 0 18.04 3.89 
120156 3722 43 56 55 35 147 0 18.99 4.20 
120329 3720 41 56 54 35 145 0 21.83 4.20 
120502 3720 41 56 54 35 146 0 21.52 6.44 
120675 3720 41 56 54 35 145 3 7.11 19.28 
120848 3727 34 51 47 32 131 0 4.22 16.75 
121020 3528 30 55 46 33 134 0 5.17 12.77 
121192 3714 38 56 52 35 143 2 12.78 9.74 
121364 3883 39 55 53 36 145 0 5.18 5.80 
121536 3884 35 52 49 34 143 0 10.42 8.38 
121708 3805 28 50 43 32 132 3 14.48 11.42 
121881 4653 27 50 45 37 132 0 17.73 16.42 
122054 4143 34 52 49 36 138 0 22.15 18.00 
122228 3742 38 54 51 34 138 0 21.84 18.33 
122402 3727 34 51 47 32 131 0 23.89 19.26 
122576 3654 33 52 47 32 132 3 22.15 18.65 
122750 3780 38 55 52 35 142 0 22.15 18.33 
122924 3780 40 55 53 35 143 0 22.44 18.33 
123098 3770 36 52 49 33 134 0 17.08 15.49 
123271 3720 41 56 54 35 146 0 13.12 11.42 
123444 4003 37 55 52 37 144 0 16.46 63.29 
123620 5683 30 54 51 45 149 0 72.42 35.62 
123798 5640 29 53 50 44 147 0 72.22 80.19 
123978 5597 28 52 49 43 145 0 72.25 56.05 
124157 5640 29 53 50 44 148 0 15.83 68.00 
124333 5597 28 52 49 43 144 0 14.48 10.08 
124506 5476 28 53 49 43 146 0 15.50 64.80 
124682 5640 29 53 50 44 148 0 22.15 58.97 
124858 5403 30 54 51 44 149 0 22.44 23.53 
125032 4863 29 51 47 39 137 0 22.44 61.32 
125208 4596 29 50 46 37 133 0 17.08 15.79 
125381 4596 29 50 46 37 132 0 15.16 8.06 
125554 3661 30 58 48 36 143 0 14.48 15.79 
125727 3543 32 66 53 40 159 2 15.83 13.79 
125900 3587 33 67 54 41 163 0 16.78 13.45 
126073 3558 33 69 55 42 165 0 35.67 11.71 
126247 3623 32 68 54 42 162 0 32.10 6.77 
126420 3546 32 69 54 42 164 0 53.55 10.40 
126595 3454 30 70 53 42 163 0 52.87 11.42 
126770 3708 31 59 49 37 145 0 54.21 5.80 
126945 3609 31 65 52 40 156 0 56.41 11.76 
127120 3674 31 61 50 38 148 0 15.50 16.75 
127293 3395 31 71 54 42 166 2 19.62 23.26 
127467 5041 28 53 48 41 142 0 15.83 15.79 
127640 6792 28 55 52 49 157 0 55.71 11.76 
127815 5649 30 57 53 47 157 0 32.61 6.77 
127988 3531 33 74 57 45 175 0 54.72 7.41 
128163 3534 30 69 53 42 163 0 30.29 7.09 
128336 3454 30 70 53 42 165 0 31.59 8.72 
128510 3326 29 70 52 41 163 2 31.84 8.06 
128684 3356 29 68 51 40 159 0 16.46 10.40 
128857 3311 26 65 48 38 151 0 36.58 11.08 
129031 3471 30 73 55 44 170 0 36.58 11.08 
129205 3545 33 77 59 47 181 0 36.13 9.74 
129379 3556 35 77 60 47 180 11 16.46 15.79 
129552 3598 35 78 61 48 184 0 16.13 37.43 
129726 3469 28 68 51 41 158 0 18.04 38.13 
129900 3599 30 65 51 40 154 0 17.73 40.85 
130075 3641 31 63 51 39 153 0 16.76 39.49 
130249 3630 33 68 55 42 163 0 16.46 36.97 
130423 3559 32 61 50 37 147 0 17.71 18.65 
130596 3544 31 58 48 35 142 0 18.67 18.31 
130769 3573 32 64 52 39 153 0 18.36 17.07 
130942 3381 35 72 57 42 170 0 19.62 17.07 
131115 3415 33 68 54 40 162 0 19.62 17.07 
131288 3425 32 66 52 39 156 0 19.62 16.12 
131461 3526 34 68 55 41 162 2 19.31 39.73 
131636 3685 35 72 58 45 173 0 22.73 17.05 
131809 3534 28 61 48 37 146 0 26.74 25.26 
131983 3727 28 54 45 34 133 0 25.89 47.17 
132158 3695 30 56 47 35 137 0 20.88 21.49 
132332 3667 32 58 49 36 143 0 16.46 21.18 
132505 3743 30 57 48 36 140 0 18.99 22.12 
132679 3695 30 56 47 35 136 15 22.15 23.85 
132853 3695 30 56 47 35 137 0 72.05 63.70 
133032 4010 28 51 44 34 128 0 0.00 16.13 
134202 3618 29 60 48 37 145 0 22.44 16.75 
134375 3654 29 58 47 36 141 0 44.06 20.23 
134550 3765 28 52 44 33 130 0 48.43 24.12 
134725 3647 29 55 46 34 135 0 48.03 22.13 
134900 3622 31 57 48 35 140 0 20.89 17.70 
135073 3667 32 58 49 36 143 0 64.23 16.75 
135249 3852 30 51 45 33 129 0 64.63 16.75 
135425 3803 29 50 44 32 126 0 64.48 17.07 
135601 3805 28 50 43 32 125 0 47.04 22.12 
135776 3682 29 53 45 33 130 0 46.46 21.17 
135951 3647 29 55 46 34 135 0 28.75 22.41 
136125 3647 29 55 46 34 136 0 28.76 22.41 
136299 3647 29 55 46 34 135 0 29.26 67.75 
136476 3695 30 56 47 35 137 0 25.89 20.21 
136650 3590 31 59 49 36 144 0 25.87 21.49 
136824 3667 32 58 49 36 143 0 28.75 20.54 
136998 3667 32 58 49 36 143 0 28.75 20.54 
137172 3590 31 59 49 36 144 0 28.75 20.54 
137346 3590 31 59 49 36 144 0 25.58 19.91 
137520 3667 32 58 49 36 143 0 22.15 16.12 
137693 3661 30 58 48 36 141 0 16.13 18.31 
137866 3594 30 62 50 38 150 0 15.83 34.61 
138040 3577 31 67 53 41 161 0 54.23 31.53 
138216 3486 32 73 56 44 172 0 51.51 49.08 
138393 3566 30 67 52 41 159 0 48.25 47.36 
138570 3372 32 84 61 50 195 0 44.86 21.49 
138745 3445 32 83 61 50 192 3 40.46 17.70 
138920 3252 36 104 73 61 237 0 41.21 15.79 
139095 3448 41 114 82 69 264 3 42.30 40.17 
139271 3396 44 120 86 72 276 0 43.67 40.63 
139447 3426 42 113 82 68 261 0 43.67 40.61 
139623 3285 42 111 80 65 254 0 40.68 39.95 
139799 3285 42 111 80 65 254 2 37.28 16.44 
139973 3357 41 111 80 66 256 0 33.92 30.77 
140148 3357 41 111 80 66 256 0 27.90 28.95 
140322 3882 39 99 75 64 238 0 25.31 19.28 
140496 11850 30 72 68 73 212 1 65.74 68.70 
140675 5277 51 86 83 70 240 0 28.19 25.86 
140849 4884 47 77 74 60 213 0 30.55 29.73 
141024 11626 30 74 69 74 217 0 31.59 30.50 
141199 10475 29 66 63 66 195 2 29.53 28.14 
141374 9798 27 61 58 60 179 0 24.24 18.33 
141548 9747 29 64 61 63 189 0 19.62 17.07 
141721 11850 30 72 68 73 213 0 15.52 12.10 
141894 9857 36 83 78 81 242 0 59.19 8.04 
142069 9322 35 78 73 75 227 0 59.04 55.76 
142247 3614 118 148 147 89 386 0 60.15 52.78 
142425 4313 88 134 128 96 365 0 61.97 56.05 
142603 3840 176 252 239 163 663 0 67.00 52.62 
142781 3839 192 269 258 174 712 0 21.83 15.47 
142954 3814 183 260 247 167 681 0 17.71 14.79 
143127 3816 189 266 254 171 701 0 22.15 16.44 
143300 3807 188 262 251 168 691 0 20.26 15.79 
143473 3795 190 266 254 170 700 0 74.12 16.44 
143649 3792 185 260 248 166 685 0 71.18 16.42 
143825 3799 194 272 260 174 718 0 69.34 72.20 
144004 3831 206 285 275 184 757 0 49.35 71.14 
144182 3824 215 298 287 192 789 0 49.35 70.81 
144360 3827 207 290 278 187 767 0 49.33 71.50 
144538 3826 205 287 275 185 758 0 49.15 62.85 
144716 3822 209 292 280 188 772 0 49.15 69.48 
144894 3821 211 292 281 188 774 0 49.16 58.53 
145071 3834 209 291 280 188 772 0 49.16 69.56 
145249 3821 211 292 281 188 774 0 49.32 61.63 
145427 3820 208 289 278 186 765 0 43.45 65.08 
145605 3828 198 276 265 178 731 0 58.21 49.42 
145782 3917 173 247 236 163 655 0 53.38 54.83 
145960 4015 107 146 144 99 392 0 53.19 51.61 
146137 3145 79 131 109 69 311 0 53.36 52.80 
146314 1892 22 173 77 59 303 0 52.53 50.93 
146491 1871 22 171 76 57 298 0 52.04 52.80 
146668 1782 24 172 78 59 304 0 66.42 35.62 
146845 3371 53 141 102 84 327 1 63.67 54.65 
147023 6901 100 123 149 130 406 0 61.85 51.61 
147201 4925 43 113 89 82 283 0 61.85 40.85 
147378 1620 13 149 76 79 304 0 37.72 35.39 
147553 2407 20 128 73 73 271 0 28.75 32.56 
147728 7567 57 100 102 97 299 0 31.59 55.91 
147904 10800 83 100 136 135 373 0 55.57 45.37 
148081 10446 84 102 137 135 376 0 53.04 49.78 
148258 8091 61 81 98 91 273 0 49.67 48.93 
148435 2716 32 89 60 46 193 0 49.18 46.39 
148612 2041 27 99 58 44 199 0 53.57 51.76 
148789 2078 30 108 64 48 217 0 22.15 26.13 
148963 2367 30 93 59 44 194 1 15.83 22.12 
149136 1999 30 112 65 49 224 0 15.83 16.42 
149309 2647 41 101 70 49 219 0 16.46 13.11 
149482 3568 141 154 163 90 412 0 13.14 15.79 
149655 3557 135 151 158 88 401 0 15.83 16.44 
149828 3562 139 151 160 88 405 0 14.82 16.12 
150001 3570 142 154 164 90 414 0 7.75 10.42 
150173 3663 118 133 140 81 359 0 8.06 3.25 
150345 11301 29 67 64 68 199 0 9.76 3.25 
150517 3629 38 84 66 52 201 0 35.90 5.17 
150691 3489 36 86 65 52 204 0 14.48 9.40 
150864 3298 36 100 71 59 229 3 6.78 35.60 
151038 3346 36 96 69 57 222 0 10.76 35.38 
151212 3402 37 100 72 60 231 0 13.48 16.44 
151385 3422 46 123 89 74 285 0 16.13 15.81 
151558 3390 45 122 88 73 281 0 16.13 16.12 
151731 3391 46 119 87 71 276 0 15.83 16.12 
151904 3710 45 119 88 75 278 0 15.83 15.79 
152077 3360 46 118 86 70 271 0 16.13 15.79 
152250 3277 45 118 85 69 271 0 13.14 16.44 
152423 3309 45 119 86 70 274 0 16.46 16.42 
152596 3413 42 110 80 66 255 4 30.57 31.79 
152771 3179 46 136 94 79 308 0 12.80 15.79 
152944 3275 42 119 84 70 271 0 11.46 39.71 
153118 3264 44 129 90 76 294 0 14.48 9.74 
153291 3213 44 130 90 76 294 0 18.99 16.12 
153464 5404 32 74 62 57 193 2 16.46 42.81 
153639 7328 29 58 55 53 166 2 39.34 19.28 
153814 10475 29 66 63 66 194 3 39.58 40.65 
153990 12343 26 65 61 66 192 0 41.38 39.95 
154166 11041 30 70 66 70 206 0 44.27 40.41 
154342 9578 36 77 74 76 227 0 63.22 56.05 
154520 9548 37 80 77 79 236 0 62.53 51.12 
154698 9610 34 74 71 73 219 0 59.33 51.60 
154876 8509 35 72 69 69 211 0 55.85 15.79 
155051 5597 28 52 49 43 144 0 55.10 55.35 
155229 3729 68 80 83 50 216 0 53.91 16.12 
155404 3690 80 91 96 56 248 0 16.46 15.15 
155577 3690 80 91 96 56 248 0 15.83 12.78 
155750 3483 42 65 58 38 162 0 15.83 13.45 
155923 2947 30 70 51 37 157 0 49.33 7.09 
156097 2926 30 72 52 38 161 3 46.44 5.17 
156271 2322 31 101 63 48 211 0 46.26 3.25 
156445 11838 63 80 107 109 297 0 53.89 3.25 
156620 12357 64 81 110 113 305 0 39.32 6.14 
156794 2851 16 124 71 75 267 0 36.60 9.40 
156968 2944 17 125 72 76 269 0 34.15 15.79 
157142 4044 82 127 118 86 334 0 34.92 34.87 
157317 4083 174 249 241 171 668 0 42.47 36.53 
157493 4093 172 247 239 170 664 0 42.04 41.75 
157669 3888 81 160 133 104 399 0 44.66 43.81 
157845 4243 25 117 76 77 267 0 50.51 50.27 
158022 8608 71 96 116 110 323 0 53.04 51.27 
158199 2312 31 97 61 45 201 0 52.72 50.44 
158376 2635 34 86 59 42 186 0 51.00 51.12 
158553 2330 30 92 58 43 191 0 50.00 49.25 
158730 1923 31 125 71 54 247 0 49.32 52.65 
158907 1898 31 124 70 53 245 0 56.69 53.48 
159085 2928 31 77 55 41 173 0 46.65 50.25 
159262 5490 50 81 80 68 228 0 48.43 35.85 
159438 8189 78 98 122 113 335 0 36.58 41.75 
159614 6232 49 113 98 93 303 0 34.17 36.99 
159789 2689 29 139 84 79 300 0 29.26 28.70 
159964 4012 188 271 260 183 721 0 28.48 23.55 
160138 2781 132 189 159 78 433 0 29.26 28.41 
160313 2455 199 288 227 89 615 0 29.80 29.22 
160488 2455 185 268 211 83 573 0 30.80 29.48 
160663 2449 182 265 208 82 565 0 32.10 29.22 
160838 2453 175 258 202 81 550 0 31.59 29.48 
161013 2456 171 253 198 80 540 0 31.59 29.48 
161188 2456 180 264 207 83 565 0 31.59 29.48 
161363 2453 182 268 210 84 571 0 31.59 29.48 
161538 2456 180 264 207 83 564 0 31.84 30.77 
161713 2456 180 264 207 83 564 0 32.62 33.08 
161888 2746 139 202 168 82 461 0 39.32 36.75 
162064 4057 190 274 264 187 734 0 11.78 8.06 
162236 4113 146 205 201 142 557 0 8.74 8.38 
162408 3986 165 240 229 161 637 0 8.06 9.06 
162580 4012 185 265 255 179 708 0 9.76 9.40 
162752 4004 187 267 257 180 713 0 12.46 11.42 
162925 4020 185 266 256 180 711 0 15.83 16.12 
163098 4019 188 269 259 182 719 0 17.41 16.12 
163271 4113 136 189 186 131 513 0 19.94 16.75 
163444 4186 117 160 160 113 441 0 21.52 18.02 
163617 4089 118 167 163 115 450 1 25.89 23.55 
163791 3289 39 121 83 72 274 0 30.55 30.50 
163966 2567 17 121 69 71 257 0 39.32 39.93 
164142 2982 18 108 64 65 236 0 47.26 45.39 
164319 3305 20 98 61 60 216 12 52.55 45.58 
164496 3898 47 89 75 58 222 0 51.36 47.38 
164673 3882 64 98 91 64 254 0 54.23 43.40 
164850 3228 60 98 83 53 234 0 57.38 46.97 
165027 3962 35 62 54 41 157 0 59.62 44.98 
165204 5277 42 51 58 45 154 0 59.89 49.59 
165382 5270 40 52 57 45 155 0 62.83 55.90 
165560 4427 37 56 54 41 151 0 54.23 57.44 
165738 3043 36 89 64 49 201 0 49.50 51.27 
165915 3081 58 91 77 46 214 0 44.66 44.39 
166091 2958 75 108 93 50 252 0 40.00 38.81 
166267 3995 80 116 111 78 308 0 40.46 36.99 
166443 4137 118 173 166 120 462 0 34.17 35.84 
166618 4143 111 161 156 112 434 3 32.88 36.06 
166793 4112 133 191 185 132 513 0 34.68 36.75 
166968 4119 129 188 181 130 504 1 45.46 37.65 
167144 4105 131 190 183 131 509 0 38.40 32.56 
167319 3946 105 152 145 101 402 0 35.68 31.79 
167494 2651 112 164 134 62 363 0 38.18 28.97 
167669 2645 115 166 136 62 368 0 36.58 37.65 
167845 2608 137 194 159 69 428 0 18.04 21.81 
168018 2432 62 136 94 57 288 2 14.14 16.44 
168191 4405 56 115 97 81 292 0 11.10 12.44 
168364 6813 117 121 163 137 425 0 12.12 11.42 
168537 1787 47 157 87 53 294 0 13.80 12.77 
168710 2109 41 111 69 43 221 0 16.46 17.07 
168883 4453 53 77 76 57 211 0 21.84 22.12 
169057 6601 101 110 142 119 375 0 27.61 28.71 
169231 1901 22 104 58 48 207 0 29.53 28.42 
169406 2555 91 153 117 59 332 0 29.53 32.83 
169581 2540 146 212 170 72 460 0 33.39 14.45 
169755 2423 50 124 83 55 262 0 29.53 10.42 
169929 1660 19 151 73 64 283 0 15.83 15.79 
170102 1620 20 137 68 58 258 3 16.13 14.79 
170275 2216 26 104 62 51 216 0 21.52 18.02 
170448 5359 64 91 96 78 266 0 23.89 29.21 
170622 1640 22 133 68 57 253 0 20.25 15.81 
170795 2463 112 184 139 65 392 0 21.83 18.95 
170969 2877 128 184 157 81 429 3 26.16 25.86 
171143 4026 152 220 211 149 586 0 33.39 34.10 
171318 4041 140 203 195 138 541 0 38.40 42.40 
171494 4086 124 179 173 123 480 0 48.82 48.93 
171671 4126 107 156 150 108 418 0 54.23 48.93 
171848 2925 80 115 99 52 268 0 56.44 55.61 
172026 2786 30 82 56 43 180 0 49.16 49.93 
172203 2748 29 87 58 46 190 0 47.84 48.57 
172380 2739 32 92 62 48 201 0 49.32 49.08 
172557 3202 36 83 62 47 191 0 49.16 49.10 
172734 2640 32 105 68 55 226 0 49.67 47.17 
172911 2656 36 108 71 56 232 0 48.64 49.08 
173088 2592 33 105 68 54 224 0 44.46 43.21 
173264 2504 28 91 58 46 194 0 16.46 16.12 
173437 6832 88 86 120 100 308 0 16.13 16.12 
173610 4390 63 101 95 73 268 0 28.75 31.55 
173785 1723 37 140 75 49 262 0 29.78 30.50 
173960 1826 36 125 70 46 238 0 30.04 30.24 
174135 2911 34 69 52 35 156 0 29.26 28.70 
174310 2728 34 73 53 35 162 0 25.89 23.27 
174484 1857 38 127 72 47 244 0 16.47 22.98 
174657 1982 39 118 70 45 231 0 16.13 17.70 
174830 2178 40 108 68 44 220 0 15.83 14.81 
175003 2462 41 97 66 43 207 3 15.83 14.79 
175176 1818 45 146 82 50 276 0 15.83 14.81 
175349 1795 46 151 84 51 284 0 15.50 15.79 
175522 1768 45 151 83 50 283 0 13.14 14.81 
175695 2561 43 91 65 40 197 0 14.14 15.79 
175868 3544 61 69 72 40 182 0 14.14 15.79 
176041 3475 59 69 70 39 179 0 14.14 15.79 
176214 3475 59 69 70 39 179 0 9.42 12.10 
176386 3572 64 70 74 41 185 3 7.11 5.49 
176558 3744 92 80 98 50 230 0 5.49 5.80 
176730 3751 102 83 106 52 244 0 16.46 13.79 
176903 3755 91 78 97 49 226 3 16.15 16.12 
177076 2391 48 105 72 43 220 0 20.26 20.54 
177250 1738 41 148 80 50 276 0 23.29 22.98 
177424 1818 37 127 71 46 241 0 26.45 18.02 
177598 1736 37 141 76 50 265 0 19.31 15.79 
177771 1768 41 146 80 51 275 0 10.78 6.77 
177943 1866 44 140 80 50 268 0 7.74 7.41 
178115 3735 97 82 102 51 238 0 6.46 6.46 
178287 3739 114 90 117 56 265 1 8.74 4.22 
178459 3727 113 89 116 55 264 0 9.08 4.20 
178631 3731 117 92 120 57 272 0 143.05 70.89 
178815 3743 118 93 121 58 274 0 77.01 44.40 
178993 3739 114 90 117 56 265 0 124.01 3.25 
179172 3740 116 90 118 56 268 0 6.14 5.49 
179344 3724 109 89 113 55 261 0 9.08 7.74 
179516 1935 54 152 90 52 293 0 16.13 15.81 
179689 1891 57 163 95 54 309 0 15.50 15.47 
179862 2165 48 117 75 44 235 0 15.83 14.81 
180035 2165 48 117 75 44 235 5 16.76 15.79 
180208 2023 51 132 81 46 257 0 16.78 16.12 
180381 1950 51 139 83 47 266 0 15.83 57.60 
180556 1769 61 192 106 59 355 0 7.43 36.29 
180730 2757 80 174 126 85 385 0 7.75 30.77 
180903 5241 81 142 134 114 390 0 9.08 11.08 
181075 2276 104 208 143 73 428 0 10.08 14.13 
181248 2461 208 300 237 93 643 0 15.83 15.81 
181421 2461 207 299 236 93 640 0 52.19 22.12 
181597 2450 188 274 215 85 583 0 51.68 22.69 
181773 2560 112 165 132 58 360 0 21.22 19.28 
181947 2243 34 102 64 45 211 0 19.62 15.49 
182120 2716 89 129 107 51 291 0 20.89 15.79 
182293 4085 204 291 282 200 606 0 21.52 19.28 
182467 4052 173 251 241 171 670 0 35.67 16.08 
182641 3528 124 178 164 105 453 0 48.04 21.81 
182816 2447 174 256 200 80 544 0 48.43 22.41 
182991 2453 185 270 212 84 576 0 21.20 16.12 
183164 2455 199 288 227 89 616 0 15.83 16.12 
183337 3969 188 263 255 176 705 0 18.67 33.85 
183511 3594 86 198 152 122 474 0 3.25 27.86 
183684 5369 60 152 123 115 390 0 11.44 22.39 
183857 5377 85 147 140 120 407 0 4.54 6.77 
184029 1670 33 154 80 58 288 0 7.11 7.11 
184201 3663 199 250 249 153 661 0 9.08 6.78 
184373 3916 152 212 205 140 567 0 7.11 8.06 
184545 3965 86 118 116 79 322 0 7.11 8.72 
184717 3935 88 122 119 81 330 0 13.14 14.79 
184890 3851 180 248 240 161 659 0 15.83 18.95 
185063 3134 111 174 148 90 414 0 28.46 27.00 
185237 3435 56 143 105 86 332 0 29.78 35.62 
185412 5842 69 140 126 115 382 0 35.67 37.65 
185587 2791 35 148 92 84 322 0 36.13 37.43 
185762 4047 183 266 255 181 711 0 35.68 36.97 
185937 4055 195 280 270 191 750 1 37.28 36.97 
186113 4055 195 280 270 191 750 0 37.26 36.97 
186289 4057 193 280 269 191 749 0 37.26 36.53 
186464 4057 193 280 269 191 749 0 36.13 37.43 
186639 4057 193 280 269 191 749 0 36.13 36.52 
186814 4057 193 280 269 191 749 0 37.25 37.43 
186990 4057 193 280 269 191 749 0 37.26 37.43 
187166 4057 193 280 269 191 749 0 36.14 37.43 
187341 4057 193 280 269 191 749 0 36.13 37.43 
187516 4057 193 280 269 191 749 0 36.13 37.43 
187691 4057 193 280 269 191 749 0 37.26 37.43 
187867 4057 193 280 269 191 749 0 37.26 37.43 
188043 4057 193 280 269 191 749 0 37.26 37.43 
188219 4057 193 280 269 191 749 9 36.13 37.43 
188394 4057 193 280 269 191 749 0 36.13 37.43 
188569 4057 193 280 269 191 749 0 36.13 36.97 
188744 4057 193 280 269 191 749 0 36.13 37.43 
188919 4057 193 280 269 191 749 0 36.13 36.97 
189094 4071 194 279 269 191 749 0 36.13 37.43 
189269 4057 193 280 269 191 749 0 36.13 36.97 
189444 4057 193 280 269 191 749 0 35.68 37.43 
189619 4057 193 280 269 191 749 0 35.68 37.45 
189794 4071 194 279 269 191 749 0 35.67 37.38 
189969 4071 194 279 269 191 749 0 35.68 37.43 
190144 4057 193 280 269 191 749 0 36.13 37.43 
190319 4057 193 280 269 191 749 0 36.13 36.97 
190494 4071 194 279 269 191 749 0 35.68 37.42 
190669 4071 194 279 269 191 749 0 35.68 37.43 
190844 4071 194 279 269 191 749 0 35.68 37.40 
191019 4071 194 279 269 191 747 0 35.68 36.97 
