=~=~=~=~=~=~=~=~=~=~=~= PuTTY log 2025.11.28 21:04:03 =~=~=~=~=~=~=~=~=~=~=~=
ets Jul 29 2019 12:21:46

rst:0x1 (POWERON_RESET),boot:0x13 (SPI_FAST_FLASH_BOOT)
configsip: 0, SPIWP:0xee
clk_drv:0x00,q_drv:0x00,d_drv:0x00,cs0_drv:0x00,hd_drv:0x00,wp_drv:0x00
mode:DIO, clock div:1
load:0x3fff0030,len:4980
load:0x40078000,len:16612
load:0x40080400,len:3480
entry 0x400805b4
Found sensor
Milis - ColorTemp - Lux - R - G - B - C - Pot - UsensA - UsensB

399 4126 35 52 50 36 139 0 5.81 17.37 
572 4126 35 52 50 36 139 7 5.81 16.75 
744 4126 35 52 50 36 139 0 5.81 16.76 
916 4126 35 52 50 36 139 0 5.81 16.76 
1088 4126 35 52 50 36 139 6 5.81 16.76 
1260 4126 35 52 50 36 139 0 5.81 16.76 
1432 4126 35 52 50 36 139 0 5.81 16.76 
1604 4126 35 52 50 36 139 9 5.81 16.75 
1776 4126 35 52 50 36 139 0 5.81 16.75 
1948 4126 35 52 50 36 139 0 5.81 16.75 
2120 4126 35 52 50 36 139 7 5.81 16.75 
2292 4126 35 52 50 36 139 0 5.81 16.75 
2464 4126 35 52 50 36 139 0 5.81 16.75 
2636 4126 35 52 50 36 139 5 5.81 16.75 
2808 4126 35 52 50 36 139 0 5.81 16.76 
2980 4126 35 52 50 36 139 0 5.81 17.70 
3153 4126 35 52 50 36 139 1 5.81 16.75 
3325 4126 35 52 50 36 139 0 5.81 16.76 
3497 4266 34 52 50 37 139 0 5.81 16.75 
3669 4266 34 52 50 37 139 2 5.81 16.76 
3841 4126 35 52 50 36 139 0 5.81 16.75 
4013 4049 35 53 50 36 139 0 5.83 0.00 
5540 4143 34 52 49 36 138 0 5.81 16.75 
5712 4049 35 53 50 36 139 0 5.81 16.76 
5884 4049 35 53 50 36 139 0 5.81 16.75 
6056 4049 35 53 50 36 139 0 5.81 8.74 
6228 4745 38 52 54 41 147 0 5.81 16.12 
6400 6249 53 54 72 58 184 0 5.81 16.44 
6572 4711 36 53 53 41 148 0 5.81 10.76 
6744 4336 33 53 50 38 141 0 4.54 10.40 
6916 3273 32 73 55 42 169 0 4.54 10.42 
7088 3108 33 73 55 40 167 4 4.54 6.14 
7260 3163 33 75 56 42 171 0 4.54 15.81 
7432 3167 35 77 58 43 176 0 4.54 6.14 
7604 3194 33 70 54 39 160 7 4.54 6.14 
7776 3555 40 65 57 39 161 0 4.54 6.14 
7948 3351 44 68 60 38 167 0 4.54 4.84 
8120 3248 58 86 76 46 208 5 4.54 6.14 
8292 3371 48 73 65 41 180 0 4.54 6.12 
8464 3945 47 74 68 49 190 0 4.54 20.86 
8637 4081 50 76 72 52 201 6 5.81 8.72 
8809 4018 60 92 86 62 240 0 5.81 6.14 
8981 4055 72 112 104 76 291 0 5.81 10.40 
9153 4041 64 99 92 67 258 6 5.81 49.45 
9327 3915 38 64 57 42 163 0 5.81 6.14 
9499 3831 28 56 46 36 138 6 5.81 6.14 
9671 3587 25 71 51 44 164 6 5.81 7.41 
9843 3472 24 83 56 51 188 0 5.81 16.12 
10015 3492 25 83 57 51 190 0 5.81 6.14 
10187 3454 25 85 58 52 192 6 4.54 6.14 
10359 3534 24 84 57 52 191 6 4.54 6.12 
10531 3433 25 82 56 50 187 0 4.54 10.40 
10703 3576 24 82 56 51 187 5 4.54 6.14 
10875 3433 25 82 56 50 187 0 5.81 4.84 
11047 3492 25 83 57 51 190 0 5.81 4.84 
11219 3547 25 73 52 45 169 14 4.54 6.14 
11391 3351 23 92 60 56 207 0 4.54 15.79 
11563 3379 25 92 61 56 208 0 4.54 4.84 
11735 3414 24 93 61 57 210 0 5.81 15.79 
11907 3342 25 94 62 57 211 0 4.54 6.12 
12079 3531 25 81 56 50 186 1 4.54 6.14 
12251 3513 28 94 64 58 214 0 4.54 9.74 
12423 3361 32 106 72 64 240 0 4.54 9.40 
12595 3430 22 91 59 56 205 0 4.54 9.06 
12767 3147 19 110 66 67 240 0 4.54 9.06 
12939 3065 18 109 65 66 238 16 4.54 7.09 
13111 3147 19 110 66 67 240 0 4.54 6.12 
13283 3024 19 111 66 67 242 0 4.54 7.41 
13455 3104 19 112 67 68 245 5 4.54 7.09 
13627 3104 19 112 67 68 244 0 4.54 9.06 
13799 3024 19 111 66 67 241 5 5.81 6.12 
13971 3024 19 111 66 67 241 8 4.54 5.81 
14143 3840 47 101 81 65 248 0 4.86 5.80 
14315 4022 115 167 160 113 442 0 4.54 10.76 
14487 4051 126 182 175 124 484 7 4.54 8.36 
14659 4045 133 191 184 130 509 5 4.54 4.86 
14831 4047 130 188 181 128 501 0 4.54 4.52 
15003 4015 102 148 142 100 390 3 4.54 4.84 
15175 4081 78 109 107 75 293 0 4.54 6.77 
15347 4010 80 114 110 77 300 0 4.54 9.06 
15519 3959 79 114 109 76 297 14 4.54 9.74 
15691 3907 78 114 108 75 295 0 4.54 11.42 
15863 3874 78 115 108 75 296 0 4.54 9.40 
16035 3874 78 115 108 75 296 0 4.54 4.52 
16207 3227 66 95 85 50 231 0 5.81 4.84 
16379 2653 105 153 125 58 337 1 4.84 6.12 
16551 2630 111 162 132 60 356 0 4.86 9.40 
16723 2597 116 171 138 62 373 0 4.86 15.79 
16895 2728 65 109 86 47 243 0 4.86 6.14 
17067 2221 30 111 67 53 227 0 4.86 4.52 
17239 2204 28 109 65 53 223 18 4.86 5.81 
17411 2121 27 109 64 52 222 0 4.54 7.74 
17583 2185 30 116 69 56 237 0 4.54 4.84 
17755 2248 30 117 70 58 242 6 4.54 4.52 
17927 3645 38 90 69 56 213 0 5.81 5.17 
18099 6307 81 81 109 88 279 6 18.68 5.47 
18272 5631 76 88 105 83 278 6 7.11 5.17 
18444 1768 35 128 70 46 242 0 6.46 9.06 
18616 2006 37 112 67 43 219 0 6.46 8.72 
18788 3205 42 66 57 35 159 6 6.46 9.08 
18960 3039 39 70 56 36 162 0 8.38 8.06 
19132 3039 39 70 56 36 162 0 4.54 4.84 
19304 2118 36 102 63 41 203 6 4.54 6.12 
19476 2524 36 84 58 38 179 0 4.54 19.91 
19649 6559 95 96 130 107 334 0 4.54 6.14 
19821 6612 103 100 139 114 355 5 4.86 17.70 
19993 6352 84 89 116 95 301 0 4.86 15.81 
20165 7015 117 110 159 133 404 0 5.81 10.42 
20337 6967 116 109 157 131 400 6 18.04 21.18 
20510 6345 77 82 106 87 276 0 4.86 10.42 
20682 5539 54 65 76 60 205 0 20.26 16.44 
20855 4095 50 79 73 54 208 5 5.81 4.84 
21027 2110 42 120 74 48 239 0 4.54 17.07 
21199 1823 41 141 79 51 267 0 4.54 16.44 
21371 1917 43 134 78 49 259 7 4.54 6.12 
21543 1775 47 156 86 52 290 0 4.54 28.14 
21716 1883 42 136 78 50 261 0 4.54 6.14 
21888 1691 44 169 89 56 309 7 4.54 6.12 
22060 1954 41 122 72 45 239 0 5.81 6.14 
22232 2002 41 120 72 45 236 0 5.81 4.84 
22404 1783 45 152 84 52 284 3 9.08 7.41 
22576 1684 44 162 85 51 295 0 5.81 6.46 
22748 4095 50 79 73 54 207 0 4.54 6.14 
22920 6682 118 122 163 136 423 0 4.54 56.32 
23095 6759 132 134 182 152 472 0 4.54 10.42 
23267 6750 135 135 185 154 478 0 4.54 33.86 
23440 6773 133 136 184 154 478 1 5.81 8.72 
23612 6801 133 135 184 154 477 0 4.54 26.13 
23785 6721 135 136 185 154 478 0 12.80 10.74 
23958 6604 123 126 169 140 439 0 8.40 10.40 
24130 2258 27 99 60 48 205 0 5.81 6.14 
24302 2279 29 111 67 55 231 0 5.81 6.12 
24474 5249 53 79 81 66 229 2 5.81 8.38 
24646 3021 35 100 69 56 224 0 4.54 5.80 
24818 1620 26 157 78 63 292 0 4.54 4.84 
24990 2452 178 260 204 81 551 5 4.54 5.49 
25162 3926 173 248 237 164 654 0 4.54 3.57 
25334 3120 51 153 105 88 343 0 5.81 4.52 
25506 4840 53 136 107 98 340 6 19.94 4.84 
25679 6021 98 140 151 129 421 3 6.78 4.84 
25851 1621 27 152 74 54 274 0 7.11 24.97 
26024 3482 92 120 115 69 307 0 19.31 15.79 
26197 1759 28 122 66 49 232 0 4.54 17.05 
26369 7321 108 132 163 145 444 0 4.54 4.84 
26541 2624 22 116 69 66 248 0 4.54 41.53 
26715 3856 115 193 171 125 643 0 4.54 16.75 
26887 1831 14 141 75 79 290 0 4.54 4.84 
27059 3281 41 128 88 76 291 8 4.54 10.42 
27231 3972 121 175 167 117 466 0 4.54 6.12 
27403 4049 104 145 142 99 388 0 5.81 16.75 
27575 4062 93 130 127 89 351 0 5.81 10.42 
27747 3033 32 125 80 73 276 0 4.86 6.12 
27919 2552 21 116 68 66 247 6 5.81 6.12 
28091 2325 20 111 64 61 233 0 5.81 6.12 
28263 3838 131 217 193 140 556 0 5.81 53.82 
28438 3956 116 165 159 110 441 0 16.78 10.40 
28611 3004 71 103 89 49 246 0 71.45 49.95 
28789 2943 86 121 105 55 289 5 70.48 10.42 
28965 3559 93 128 121 76 329 0 69.17 10.40 
29141 3854 103 151 142 98 389 0 67.17 55.62 
29319 4116 113 154 153 107 422 0 5.81 22.13 
29492 3973 182 260 250 174 692 0 4.54 21.81 
29665 3970 201 284 274 190 756 0 4.86 22.69 
29838 3977 204 288 278 193 768 2 4.86 66.66 
30013 3969 205 290 280 194 774 0 4.86 38.35 
30187 3969 205 290 280 194 774 0 4.86 65.82 
30362 3977 204 288 278 193 768 0 4.86 63.43 
30537 4034 146 206 200 140 555 0 4.86 62.88 
30712 3235 36 101 71 59 231 0 4.84 5.81 
30884 2861 24 101 63 58 219 0 4.86 43.62 
31058 3184 25 85 57 50 192 0 4.54 15.79 
31230 3184 25 85 57 50 191 0 4.54 9.06 
31402 1891 18 137 74 74 281 0 4.86 16.42 
31574 3977 162 233 223 156 621 0 35.44 37.21 
31749 3971 194 275 265 184 734 0 18.99 6.12 
31922 3964 186 265 255 177 705 4 5.81 28.71 
32095 3861 172 246 234 160 648 0 4.54 6.14 
32267 2493 174 248 198 79 533 0 5.81 19.60 
32440 1734 35 153 82 60 290 2 4.52 15.15 
32612 4385 58 118 100 83 301 0 4.54 16.12 
32784 6815 134 137 186 156 482 0 4.54 17.39 
32956 6763 136 137 187 156 484 2 4.54 15.81 
33128 6728 135 137 186 155 482 0 15.83 7.09 
33301 6815 134 137 186 156 483 0 14.82 8.74 
33474 5629 98 118 138 110 368 0 11.44 4.20 
33646 1822 50 152 86 49 285 0 5.81 4.52 
33818 3258 70 84 82 43 209 0 16.78 3.25 
33990 3705 113 90 116 55 263 0 14.48 4.22 
34162 3763 94 84 102 53 240 0 6.78 3.89 
34334 3830 81 88 96 57 245 0 6.78 3.89 
34506 3696 77 75 86 46 210 3 5.81 5.17 
34678 3743 81 72 87 45 204 0 15.83 6.14 
34850 3782 82 77 91 49 218 0 16.15 16.12 
35023 3644 95 84 101 50 237 0 18.05 15.79 
35196 1772 54 172 95 54 319 0 16.15 14.47 
35369 1728 57 189 102 58 347 0 4.86 49.61 
35543 1824 49 154 87 51 289 0 4.86 46.39 
35717 2890 60 95 78 44 217 0 4.86 43.01 
35891 3719 94 81 100 50 234 0 4.86 6.12 
36063 3723 119 94 122 58 276 0 4.86 9.74 
36235 3753 87 78 94 49 221 0 4.86 5.81 
36407 1863 44 138 79 48 262 0 4.86 4.84 
36579 1686 48 179 94 57 326 1 4.84 15.79 
36751 2842 56 123 90 62 275 0 15.83 16.44 
36924 6537 132 132 179 147 460 0 4.86 26.15 
37097 6490 111 114 152 125 394 0 4.86 5.80 
37269 4936 60 87 89 70 245 0 4.86 29.50 
37442 1679 20 115 60 51 222 0 4.86 5.80 
37614 1632 19 120 61 52 229 0 22.44 20.86 
37788 2525 26 88 56 45 188 3 4.84 22.13 
37961 5904 88 98 121 97 315 0 4.86 16.75 
38133 6225 90 98 125 102 326 0 4.86 5.81 
38305 6623 134 134 183 151 471 1 4.86 5.81 
38477 6686 132 131 180 149 463 0 4.86 5.81 
38649 6746 129 127 176 146 452 0 4.86 22.41 
38822 6665 120 122 165 137 426 0 4.86 15.81 
38994 6215 72 81 101 83 270 0 4.86 5.81 
39166 6411 97 102 134 110 349 0 4.86 16.75 
39338 6760 130 129 178 148 459 0 4.86 14.79 
39510 6672 131 129 178 147 458 0 4.84 18.33 
39683 6590 125 126 171 141 440 0 4.86 47.17 
39857 6095 102 110 140 113 365 0 4.86 51.80 
40031 2399 47 121 80 54 253 0 4.86 16.44 
40203 1728 40 145 78 49 269 3 4.86 16.44 
40375 4097 79 121 114 83 318 0 4.86 55.79 
40550 6530 125 128 171 141 441 0 4.86 21.49 
40723 6274 88 97 123 101 325 0 4.86 21.49 
40896 6627 123 124 168 139 434 0 4.86 22.68 
41069 6588 122 124 167 138 432 4 4.86 22.98 
41242 3924 64 108 96 71 276 0 4.86 20.55 
41415 1664 46 174 90 54 314 0 4.86 5.80 
41587 4789 85 122 124 96 342 2 4.86 5.81 
41759 6201 93 101 129 105 338 0 4.86 47.58 
41933 3489 36 86 65 52 202 0 4.86 49.10 
42107 6554 118 123 163 135 424 0 4.86 55.49 
42282 6795 133 134 183 153 474 0 4.86 7.11 
42454 6808 134 136 185 155 480 0 4.86 50.61 
42628 5156 65 102 101 83 465 0 4.86 5.81 
42800 1851 15 136 63 55 248 0 4.86 45.00 
42974 1633 17 127 62 53 237 0 4.86 42.62 
43148 1844 15 140 65 57 256 0 4.86 39.95 
43322 1793 24 114 62 50 222 0 4.84 5.80 
43494 2572 143 203 165 70 443 0 4.86 4.54 
43666 2542 165 232 188 77 505 0 4.86 4.52 
43838 2540 161 227 184 75 494 0 4.86 3.57 
44010 2541 160 226 183 75 491 0 4.86 5.81 
44182 3197 114 162 145 84 396 0 4.86 7.09 
44354 4005 179 255 246 172 681 0 4.86 18.02 
44526 3828 97 171 148 110 431 0 4.86 18.02 
44699 1953 18 140 76 77 288 0 4.86 15.79 
44871 1869 16 142 76 79 294 0 4.86 6.14 
45043 4528 38 105 80 73 258 0 4.84 5.49 
45215 5616 75 116 118 100 334 0 4.86 4.54 
45387 1838 36 138 77 55 265 0 5.81 8.38 
45559 3570 185 208 217 122 552 0 5.81 15.49 
45731 3566 183 205 214 120 544 0 9.76 5.81 
45903 3562 166 188 195 110 499 0 4.86 15.49 
46075 1625 26 136 68 50 250 0 16.15 19.91 
46248 7128 76 105 120 108 335 0 4.86 4.84 
46420 4428 32 136 91 91 316 0 4.86 36.77 
46594 3610 72 151 120 93 363 0 4.86 48.94 
46768 3958 180 258 247 172 685 2 4.84 55.93 
46943 4003 184 261 252 176 697 0 55.73 55.17 
47121 3968 159 229 219 153 608 0 55.73 6.14 
47296 2963 27 121 75 71 264 0 4.86 16.44 
47468 7754 45 98 90 89 276 2 4.86 29.73 
47641 10566 67 84 111 110 307 0 4.86 23.27 
47814 2173 31 102 62 46 208 0 20.26 19.91 
47988 1985 31 112 65 48 222 0 4.86 17.70 
48160 3175 64 104 88 55 247 0 4.86 16.75 
48332 3560 142 153 163 89 410 0 16.15 6.14 
48504 3560 142 153 163 89 408 0 5.81 17.07 
48677 3564 140 151 161 88 404 0 17.73 17.70 
48850 3570 142 154 164 90 412 4 4.86 7.09 
49022 3548 140 152 161 88 404 0 4.86 19.28 
49195 3552 138 150 159 87 399 0 4.86 16.75 
49367 3567 129 142 150 83 378 4 7.75 7.41 
49539 3561 146 158 168 92 421 0 5.18 7.09 
49711 5126 48 77 75 62 215 0 4.86 9.74 
49883 11404 28 65 62 66 192 2 4.86 16.12 
50055 5734 34 75 65 60 201 0 5.81 16.12 
50227 3198 47 136 95 79 308 0 4.86 15.81 
50399 3179 46 136 94 79 308 0 4.86 5.80 
50571 3168 47 135 94 78 305 0 18.04 17.70 
50744 3200 45 129 90 75 292 0 4.86 17.70 
50916 7229 32 67 62 60 189 2 4.86 24.99 
51089 4076 64 84 85 58 229 0 4.86 30.51 
51262 3581 74 91 91 54 237 0 4.86 35.39 
51436 2555 32 85 57 41 181 0 46.87 48.93 
51613 3290 33 62 50 35 147 0 4.86 36.31 
51787 3625 89 100 105 60 267 0 4.86 46.19 
51961 3605 104 116 122 69 309 0 4.86 16.42 
52133 3588 98 110 115 65 292 2 4.86 16.76 
52305 3635 116 128 136 77 345 0 4.54 15.81 
52477 3612 114 129 135 77 344 0 4.54 55.64 
52652 2550 39 99 67 47 210 1 4.54 43.40 
52826 2028 30 113 66 50 226 0 4.86 16.42 
52998 1976 29 109 63 47 215 0 4.54 13.46 
53170 2047 31 112 66 49 223 0 4.54 17.07 
53342 2369 31 94 60 44 195 0 4.54 14.13 
53514 2116 31 107 64 48 215 0 4.54 14.47 
53686 2127 32 108 65 48 217 0 4.86 16.42 
53858 2116 31 107 64 48 217 0 4.86 13.12 
54030 2067 31 106 63 46 212 0 4.86 13.45 
54202 2067 31 106 63 46 212 2 4.86 15.81 
54374 2067 31 106 63 46 212 0 4.86 12.78 
54546 2067 31 106 63 46 212 0 4.86 13.12 
54718 2067 31 106 63 46 212 4 4.54 13.11 
54890 2114 32 106 64 46 213 0 4.86 16.12 
55062 2114 32 106 64 46 213 0 4.54 37.21 
55236 2114 32 106 64 46 213 3 4.54 14.79 
55408 2127 32 108 65 48 218 0 4.86 7.09 
55580 2078 30 108 64 48 217 0 4.86 5.81 
55752 2379 40 119 76 56 247 4 4.86 36.29 
55926 2213 32 104 64 47 212 0 4.86 5.81 
56098 2490 32 88 58 42 185 0 5.81 35.39 
56272 1957 30 111 64 47 219 0 4.54 16.10 
56444 2083 32 111 66 49 222 0 4.54 15.79 
56616 3482 99 121 120 69 313 0 4.86 18.00 
56788 3591 161 173 185 102 466 0 5.81 17.07 
56961 3592 169 183 195 108 491 0 6.78 6.14 
57133 3598 133 150 157 89 400 0 3.59 5.81 
57305 3521 140 163 166 94 424 0 4.86 5.81 
57477 3508 141 164 167 94 426 0 10.10 5.81 
57649 3521 140 163 166 94 425 0 3.89 5.81 
57821 3511 139 162 165 93 421 2 4.86 9.06 
57993 3534 131 155 157 90 402 0 7.11 6.14 
58165 3926 56 77 75 51 203 0 9.42 9.06 
58337 6062 32 64 59 54 178 3 5.81 9.40 
58509 4709 42 70 66 53 188 0 4.86 9.40 
58681 3605 92 112 113 67 295 0 4.86 13.79 
58853 3566 96 117 117 69 307 4 5.18 10.40 
59025 3555 97 116 117 68 306 0 15.83 18.97 
59198 3538 151 171 177 99 453 0 4.86 35.39 
59372 3589 154 171 180 101 457 0 4.86 7.09 
59544 2094 33 112 67 49 224 0 4.86 39.27 
59718 10210 65 89 111 110 311 0 4.86 37.91 
59892 7369 40 95 84 83 261 0 4.86 39.05 
60066 3449 22 83 55 51 188 0 4.86 45.02 
60240 3924 79 126 115 83 325 0 4.86 5.81 
60412 4047 130 188 181 128 502 0 4.86 16.44 
60584 4063 138 199 192 136 532 0 5.81 16.76 
60756 4071 141 203 196 139 542 0 4.86 7.11 
60928 3999 101 144 139 97 383 0 4.86 