=~=~=~=~=~=~=~=~=~=~=~= PuTTY log 2025.11.28 21:00:31 =~=~=~=~=~=~=~=~=~=~=~=
ets Jul 29 2019 12:21:46

rst:0x1 (POWERON_RESET),boot:0x13 (SPI_FAST_FLASH_BOOT)
configsip: 0, SPIWP:0xee
clk_drv:0x00,q_drv:0x00,d_drv:0x00,cs0_drv:0x00,hd_drv:0x00,wp_drv:0x00
mode:DIO, clock div:1
load:0x3fff0030,len:4980
load:0x40078000,len:16612
load:0x40080400,len:3480
entry 0x400805b4
Found sensor
Milis - ColorTemp - Lux - R - G - B - C - Pot - UsensA - UsensB

399 6602 50 51 69 57 178 0 4.54 4.84 
571 6602 50 51 69 57 178 0 4.54 4.84 
743 6602 50 51 69 57 178 0 4.54 4.84 
915 6602 50 51 69 57 178 10 4.54 4.84 
1087 6602 50 51 69 57 178 0 4.54 4.86 
1259 6602 50 51 69 57 178 6 4.86 4.86 
1431 6602 50 51 69 57 178 10 4.54 4.86 
1603 6602 50 51 69 57 178 0 4.54 4.84 
1775 6602 50 51 69 57 178 0 4.54 4.84 
1947 6602 50 51 69 57 178 7 4.86 4.84 
2119 6602 50 51 69 57 178 8 4.54 4.84 
2291 6602 50 51 69 57 178 0 4.86 4.84 
2463 6602 50 51 69 57 178 5 4.86 4.84 
2635 6602 50 51 69 57 178 0 4.86 4.84 
2807 6602 50 51 69 57 178 0 4.86 4.84 
2979 6602 50 51 69 57 178 17 4.86 16.13 
3151 6602 50 51 69 57 178 0 4.86 18.97 
3324 6602 50 51 69 57 177 0 4.86 16.12 
3496 6602 50 51 69 57 178 12 4.86 18.97 
3669 6602 50 51 69 57 178 0 4.86 17.39 
3841 6602 50 51 69 57 177 0 4.86 6.14 
4013 6602 50 51 69 57 178 15 4.86 6.12 
4185 6602 50 51 69 57 178 0 4.86 6.14 
4357 6602 50 51 69 57 178 0 4.86 6.14 
4529 6602 50 51 69 57 178 13 4.86 4.84 
4701 6602 50 51 69 57 178 0 4.84 6.14 
4873 6602 50 51 69 57 178 0 4.86 6.14 
5045 6602 50 51 69 57 177 10 4.86 6.14 
5217 6602 50 51 69 57 177 0 4.86 6.14 
5389 6602 50 51 69 57 178 0 4.86 6.14 
5561 6602 50 51 69 57 178 5 4.84 6.14 
5733 6602 50 51 69 57 178 0 4.86 6.14 
5905 6602 50 51 69 57 178 0 4.86 18.65 
6078 6602 50 51 69 57 178 10 4.86 18.97 
6251 6602 50 51 69 57 177 0 4.86 16.12 
6423 6387 51 51 69 56 177 0 4.86 6.14 
6595 6387 51 51 69 56 177 19 4.86 17.39 
6767 6387 51 51 69 56 177 0 4.86 4.86 
6939 6387 51 51 69 56 177 6 4.86 18.97 
7112 6602 50 51 69 57 178 13 4.86 17.07 
7284 6602 50 51 69 57 178 0 4.84 15.81 
7456 6602 50 51 69 57 178 0 4.86 19.28 
7629 6602 50 51 69 57 177 12 4.86 19.28 
7802 6602 50 51 69 57 178 0 4.54 6.14 
7974 6407 51 52 70 57 180 0 6.14 4.84 
8146 6198 45 46 61 49 157 9 58.92 4.84 
8321 5459 26 29 35 27 92 0 17.41 6.14 
8494 5508 26 30 36 28 94 16 4.86 4.86 
8666 5725 27 31 38 30 100 0 4.54 4.84 
8838 5810 28 33 40 32 105 0 4.54 4.84 
9010 6093 44 46 60 48 154 14 4.54 4.86 
9182 6200 49 51 67 54 173 0 4.54 4.84 
9354 6200 49 51 67 54 172 0 4.54 4.84 
9526 6313 48 51 66 54 171 14 4.86 17.37 
9698 6313 48 51 66 54 171 0 4.86 16.12 
9870 6177 49 50 66 53 170 0 4.86 16.13 
10042 6313 48 51 66 54 171 16 4.86 17.07 
10214 6411 48 51 67 55 174 0 4.54 6.14 
10386 6290 47 50 65 53 169 0 4.86 15.81 
10558 6177 49 50 66 53 170 12 4.86 6.14 
10730 5982 47 50 64 51 165 0 4.54 29.48 
10903 6190 46 50 64 52 166 0 4.54 4.84 
11075 6290 47 50 65 53 168 17 4.84 16.12 
11247 6290 47 50 65 53 168 0 4.86 16.12 
11419 6080 48 50 65 52 168 0 4.86 16.12 
11591 6190 46 50 64 52 167 17 4.86 16.12 
11763 6190 46 50 64 52 167 0 4.86 16.12 
11935 6190 46 50 64 52 167 0 4.86 16.12 
12107 6080 48 50 65 52 167 11 4.86 16.12 
12279 6190 46 50 64 52 167 0 4.86 16.12 
12451 6190 46 50 64 52 167 0 4.84 17.07 
12623 6190 46 50 64 52 167 10 4.86 4.86 
12795 6166 46 49 63 51 163 0 4.84 15.79 
12967 6063 45 49 62 50 162 0 4.86 16.12 
13139 6190 46 50 64 52 166 9 4.86 6.14 
13311 6190 46 50 64 52 165 5 4.86 17.07 
13483 6190 46 50 64 52 166 0 4.86 17.07 
13655 6190 46 50 64 52 167 5 4.86 17.07 
13827 6087 45 50 63 51 164 3 4.86 6.14 
13999 6063 45 49 62 50 162 0 4.54 16.12 
14171 5957 46 49 63 50 162 0 4.86 17.07 
14343 5957 46 49 63 50 163 5 4.54 17.39 
14515 5856 46 49 62 49 160 0 4.86 37.89 
14689 5957 44 49 61 49 160 7 4.86 58.41 
14864 5957 44 49 61 49 160 0 4.86 17.07 
15036 5856 46 49 62 49 160 0 4.86 17.07 
15208 5881 46 50 63 50 163 13 4.86 17.07 
15380 5881 46 50 63 50 163 0 4.86 4.84 
15552 5881 46 50 63 50 163 0 4.86 16.12 
15724 6087 45 50 63 51 164 16 4.84 16.12 
15896 6190 46 50 64 52 167 0 4.86 16.12 
16068 6190 46 50 64 52 167 0 4.54 6.14 
16240 6190 46 50 64 52 167 9 4.54 6.12 
16412 5020 39 50 55 42 147 0 4.86 16.76 
16584 3142 33 63 50 34 146 0 4.54 19.60 
16757 3120 33 65 51 35 151 7 4.86 20.25 
16930 3079 33 64 50 34 149 0 4.54 18.65 
17103 3079 33 64 50 34 147 0 4.86 20.55 
17276 3183 34 64 51 35 149 0 4.54 18.33 
17449 3120 33 65 51 35 150 0 4.54 6.12 
17621 3147 35 65 52 35 152 5 4.54 6.14 
17793 4508 36 52 52 39 144 0 4.84 16.12 
17965 4469 36 51 51 38 140 0 4.54 19.60 
18138 3467 31 56 47 33 135 8 4.54 6.14 
18310 3206 33 62 50 34 145 0 4.84 16.44 
18482 3161 34 66 52 36 154 0 4.54 6.12 
18654 3120 33 65 51 35 151 7 4.86 5.81 
18826 3183 34 64 51 35 148 0 4.86 5.81 
18998 3316 32 60 49 34 143 0 4.86 5.81 
19170 3586 32 56 48 34 138 3 4.86 19.30 
19343 3586 32 56 48 34 138 0 4.86 5.80 
19515 3511 32 57 48 34 138 0 4.86 18.02 
19687 3511 32 57 48 34 139 9 4.86 18.02 
19860 3511 32 57 48 34 139 0 4.86 5.81 
20032 3511 32 57 48 34 139 0 4.84 18.02 
20205 3511 32 57 48 34 139 9 4.86 5.80 
20377 3511 32 57 48 34 139 0 4.86 5.81 
20549 3511 32 57 48 34 139 0 4.86 5.80 
20721 3511 32 57 48 34 139 9 4.86 18.02 
20894 3511 32 57 48 34 139 0 4.86 19.30 
21067 3511 32 57 48 34 139 0 4.86 18.02 
21240 3511 32 57 48 34 139 0 4.86 18.02 
21413 3511 32 57 48 34 139 0 4.86 5.81 
21585 3511 32 57 48 34 139 0 4.86 19.28 
21758 3511 32 57 48 34 139 0 4.86 18.00 
21931 3511 32 57 48 34 139 0 4.86 19.30 
22104 3511 32 57 48 34 139 8 0.00 17.07 
23274 3438 32 58 48 34 139 0 4.86 17.07 
23450 3438 32 58 48 34 139 0 4.86 5.81 
23622 3511 32 57 48 34 139 0 4.86 5.81 
23794 3511 32 57 48 34 139 0 4.86 5.80 
23966 3511 32 57 48 34 139 0 4.86 5.80 
24138 3511 32 57 48 34 139 0 4.84 5.80 
24310 3511 32 57 48 34 139 0 4.86 19.30 
24483 3511 32 57 48 34 139 0 4.84 5.81 
24655 3511 32 57 48 34 139 0 4.86 5.81 
24827 3511 32 57 48 34 139 0 4.86 18.02 
25000 3511 32 57 48 34 139 0 4.86 5.80 
25172 3511 32 57 48 34 139 0 4.86 5.80 
25344 3511 32 57 48 34 139 0 4.86 5.81 
25516 3511 32 57 48 34 139 0 4.86 18.02 
25689 3511 32 57 48 34 139 0 4.86 18.02 
25862 3511 32 57 48 34 139 0 4.86 18.02 
26035 3511 32 57 48 34 139 7 4.86 18.02 
26208 3511 32 57 48 34 139 0 4.86 5.81 
26380 3511 32 57 48 34 139 0 4.86 5.81 
26552 3511 32 57 48 34 139 5 4.86 18.02 
26725 3511 32 57 48 34 139 0 4.86 5.81 
26897 3511 32 57 48 34 139 0 4.86 18.02 
27070 3511 32 57 48 34 139 0 4.86 18.02 
27242 3511 32 57 48 34 139 0 4.86 18.00 
27415 3511 32 57 48 34 139 0 4.86 5.80 
27587 3511 32 57 48 34 139 0 4.54 16.44 
27759 4896 39 53 56 43 152 0 4.54 18.65 
27932 6356 52 54 71 58 184 0 4.54 15.49 
28104 3430 34 71 56 42 166 0 4.54 6.14 
28276 3261 40 72 59 40 171 0 5.81 8.72 
28448 3281 50 74 66 40 180 0 5.81 10.42 
28620 3041 61 92 79 45 216 0 5.81 4.84 
28792 3158 74 112 97 58 267 0 5.81 6.14 
28964 3063 75 113 97 56 266 0 5.81 6.14 
29136 3139 56 84 73 43 199 0 5.81 6.14 
29308 4046 58 90 84 61 236 0 4.54 6.12 
29480 4050 67 100 95 68 264 0 4.54 6.12 
29652 4116 76 113 108 78 300 0 4.54 6.12 
29824 4023 74 111 105 75 291 0 4.86 49.25 
29998 4085 74 111 105 76 293 3 5.81 10.42 
30170 4093 78 115 110 79 305 0 4.86 28.97 
30343 4111 78 116 111 80 307 0 4.86 10.42 
30515 4058 78 116 110 79 305 7 5.81 4.84 
30687 4058 78 116 110 79 306 0 4.86 17.70 
30859 4036 45 71 66 48 184 0 4.86 5.81 
31031 3952 43 71 64 47 181 5 4.86 44.01 
31205 3923 41 70 62 46 179 0 4.54 6.14 
31377 3888 40 69 61 45 175 0 4.54 6.14 
31549 3993 42 72 64 48 183 6 5.81 6.12 
31721 3641 29 77 57 48 182 0 5.81 15.81 
31893 3414 24 93 61 57 208 0 4.54 4.86 
32065 4558 28 76 58 53 186 7 4.54 5.80 
32237 10966 68 85 113 113 312 0 4.54 8.74 
32409 9790 81 99 131 127 358 0 4.54 15.49 
32581 8256 87 108 136 126 372 6 4.54 10.42 
32753 8807 106 127 166 156 450 0 4.54 4.84 
32925 8982 102 121 160 151 434 0 4.54 32.32 
33098 8598 88 106 137 128 374 3 4.54 30.51 
33271 4455 34 91 70 63 225 0 4.54 16.76 
33443 7633 88 109 135 122 370 0 4.54 10.42 
33615 8353 96 116 149 138 407 3 8.06 9.06 
33787 1903 27 106 60 45 208 0 20.25 10.76 
33960 3426 69 100 91 57 252 0 4.86 5.81 
34132 1959 28 104 60 44 204 2 5.81 30.00 
34305 6956 78 118 128 116 362 0 5.81 6.12 
34477 4897 38 109 83 78 267 0 17.73 18.02 
34650 3935 120 183 170 121 478 0 5.81 4.86 
34822 4006 175 249 240 168 663 0 24.74 4.84 
34995 4030 175 249 241 169 665 0 5.81 6.14 
35167 3971 150 220 209 147 579 0 5.81 24.99 
35340 3686 67 136 110 85 330 0 5.81 6.14 
35512 3743 64 136 109 86 330 0 5.81 6.14 
35684 3793 73 141 117 90 347 0 5.81 4.86 
35856 3870 114 172 160 112 443 0 4.54 4.84 
36028 3860 132 197 184 128 508 0 4.54 6.12 
36200 3924 146 215 203 142 562 0 4.86 5.81 
36372 3923 103 153 144 101 400 0 4.54 6.14 
36544 3833 110 169 155 109 432 0 4.54 26.13 
36717 3872 119 178 166 116 459 0 4.54 16.76 
36889 3928 122 180 170 119 470 0 4.54 9.06 
37061 4015 151 216 208 146 575 0 33.66 10.42 
37235 4024 110 158 152 107 420 0 35.22 10.42 
37409 4031 120 174 167 118 464 0 5.81 35.62 
37583 4082 107 156 150 107 418 0 5.81 10.42 
37755 4055 103 148 143 101 398 0 5.83 10.42 
37927 4251 75 105 104 75 288 0 4.54 4.84 
38099 3608 93 137 126 83 350 14 4.54 5.81 
38271 2787 106 152 128 63 344 0 4.54 8.72 
38443 2858 91 128 110 55 295 0 5.81 16.44 
38615 2837 86 122 104 52 281 0 5.81 4.84 
38787 3154 55 77 69 39 187 0 5.81 7.41 
38959 2882 84 117 101 51 270 6 5.83 7.41 
39131 2838 94 132 113 56 303 5 5.81 8.74 
39303 2844 96 134 115 57 308 0 5.83 8.72 
39475 2819 97 136 116 57 311 0 5.83 6.12 
39647 2825 98 138 118 58 316 6 5.81 6.12 
39819 2831 95 133 114 56 305 6 16.46 4.86 
39991 2818 95 132 113 55 302 0 16.46 10.40 
40164 2812 95 134 114 56 306 6 15.52 10.42 
40337 2812 95 134 114 56 307 0 5.81 42.23 
40511 2831 95 133 114 56 304 0 4.54 4.84 
40683 2775 97 139 117 57 315 0 4.54 4.86 
40855 2756 56 109 82 51 241 0 5.81 5.49 
41027 2168 29 111 66 53 227 0 5.81 7.74 
41199 2529 25 81 52 41 171 16 31.87 7.41 
41372 4463 43 73 67 53 193 0 16.46 7.41 
41545 6706 98 96 133 110 341 0 5.81 10.42 
41717 6912 110 104 149 124 380 0 4.86 10.42 
41889 7015 117 110 159 133 405 0 4.86 10.42 
42061 6778 111 106 150 124 382 0 4.86 16.75 
42233 6230 81 84 110 89 286 0 4.54 8.72 
42405 6757 124 121 169 140 433 0 4.54 6.14 
42577 6812 130 126 177 147 452 0 6.46 6.14 
42749 6727 124 122 169 140 434 4 5.81 6.12 
42921 5916 81 91 112 90 292 0 4.54 52.31 
43096 1623 20 135 68 59 257 0 4.54 21.49 
43269 2114 37 123 74 54 247 0 5.83 10.40 
43441 2527 168 238 192 78 515 0 5.83 3.57 
43613 2502 179 255 204 82 550 0 4.54 8.72 
43785 2507 169 241 193 78 519 0 5.81 6.12 
43957 3666 161 229 215 141 593 0 4.54 4.84 
44129 3926 145 215 202 142 565 0 5.81 6.14 
44301 2995 27 110 70 64 243 0 5.51 12.44 
44473 3634 46 111 84 69 265 0 5.51 10.74 
44645 3847 124 190 175 123 489 0 4.54 4.84 
44817 3950 188 269 258 179 714 3 4.54 7.41 
44989 3115 163 232 205 116 561 0 4.54 6.77 
45161 2477 83 151 111 58 320 0 4.54 3.57 
45333 2361 26 90 56 44 187 6 4.54 4.84 
45505 2201 24 90 54 43 185 0 4.54 7.09 
45677 2376 27 95 59 47 197 0 5.81 6.12 
45849 2511 64 126 91 52 271 6 16.46 4.86 
46021 2499 175 250 200 80 539 0 9.08 6.77 
46193 2527 145 208 167 69 452 0 15.83 6.77 
46365 2523 143 204 164 67 441 6 4.54 5.81 
46537 2452 160 237 185 75 503 0 4.86 4.54 
46709 3558 116 160 151 95 415 0 4.54 3.57 
46881 4038 207 291 283 198 781 0 5.81 5.81 
47053 4054 218 306 298 209 824 0 5.81 4.84 
47225 2676 39 168 103 94 362 0 4.54 11.42 
47397 1621 15 164 83 85 326 0 4.86 11.42 
47569 1621 15 168 85 87 335 0 4.54 15.79 
47741 1959 23 163 89 88 335 0 5.81 15.79 
47913 3941 113 158 153 105 420 0 4.54 49.25 
48087 2523 105 163 127 58 354 0 4.54 9.06 
48312 1720 22 115 61 50 221 0 4.86 48.94 
48486 1792 23 118 64 53 231 0 4.54 6.14 
48658 2508 31 104 66 53 220 0 4.54 44.81 
48832 1620 20 132 66 56 249 0 4.54 56.20 
49007 1985 47 151 89 60 297 0 4.54 6.12 
49179 2542 165 232 188 77 504 6 5.81 8.72 
49351 2650 106 154 126 58 341 6 4.54 9.06 
49523 3986 149 213 205 143 566 0 4.54 4.84 
49695 3992 167 238 229 160 633 0 4.54 15.49 
49867 4019 166 238 229 161 635 5 4.54 10.40 
50039 4019 166 238 229 161 634 5 4.54 6.14 
50211 3973 141 208 197 139 549 0 4.54 6.14 
50383 2530 18 130 74 76 276 0 4.54 10.40 
50555 2263 17 137 76 79 289 0 4.54 6.14 
50727 2329 16 137 76 80 289 0 4.54 6.14 
50899 2336 18 138 77 80 291 6 4.54 6.12 
51071 2950 21 125 74 75 271 0 4.54 6.14 
51243 8447 76 94 119 111 325 0 4.54 14.79 
51415 7651 69 86 106 96 287 0 4.54 6.14 
51587 2315 32 110 68 53 228 1 5.81 4.84 
51759 2286 36 108 68 49 223 0 5.81 6.14 
51931 3364 56 84 75 47 210 0 4.54 4.84 
52103 2788 43 95 69 47 210 5 4.54 6.14 
52275 1760 28 124 67 51 237 0 4.54 6.14 
52447 6388 45 65 71 62 200 0 4.54 6.12 
52619 3527 37 84 65 51 199 21 5.81 4.86 
52791 2964 79 139 111 69 319 0 16.76 10.08 
52964 3669 125 144 150 88 385 0 16.46 11.42 
53137 6726 40 81 75 71 226 4 15.83 9.06 
53310 7080 40 83 77 74 232 0 15.83 16.75 
53483 6259 35 70 65 60 195 0 4.54 15.79 
53655 3594 161 176 187 104 472 0 5.81 6.14 
53827 2685 51 115 82 55 250 0 29.78 10.42 
54001 8252 57 83 95 90 268 0 37.04 16.76 
54175 4714 25 93 65 64 220 0 4.54 6.14 
54347 3270 21 97 61 59 216 0 4.54 6.14 
54519 3930 42 73 64 48 185 20 42.50 16.76 
54694 3990 105 155 147 104 406 0 4.54 4.84 
54866 4093 97 141 136 97 377 0 58.12 18.02 
55042 3728 69 102 95 64 263 0 4.86 49.61 
55216 2949 81 114 99 52 266 0 53.57 51.80 
