=~=~=~=~=~=~=~=~=~=~=~= PuTTY log 2025.11.28 21:02:17 =~=~=~=~=~=~=~=~=~=~=~=
ets Jul 29 2019 12:21:46

rst:0x1 (POWERON_RESET),boot:0x13 (SPI_FAST_FLASH_BOOT)
configsip: 0, SPIWP:0xee
clk_drv:0x00,q_drv:0x00,d_drv:0x00,cs0_drv:0x00,hd_drv:0x00,wp_drv:0x00
mode:DIO, clock div:1
load:0x3fff0030,len:4980
load:0x40078000,len:16612
load:0x40080400,len:3480
entry 0x400805b4
Found sensor
Milis - ColorTemp - Lux - R - G - B - C - Pot - UsensA - UsensB

399 4400 65 94 93 69 257 11 4.54 21.81 
572 4400 65 94 93 69 257 0 4.54 17.39 
744 4400 65 94 93 69 257 4 4.54 17.37 
916 4400 65 94 93 69 257 0 4.54 17.39 
1088 4400 65 94 93 69 257 0 4.54 17.39 
1260 4400 65 94 93 69 257 6 4.54 17.39 
1432 4400 65 94 93 69 257 0 4.54 17.37 
1604 4400 65 94 93 69 257 0 4.54 17.39 
1776 4400 65 94 93 69 257 9 4.54 17.39 
1948 4400 65 94 93 69 257 0 4.54 17.39 
2120 4400 65 94 93 69 257 0 4.54 17.39 
2292 4400 65 94 93 69 257 9 4.54 6.14 
2464 4400 65 94 93 69 257 0 4.54 6.14 
2636 4400 65 94 93 69 257 0 4.54 18.33 
2809 4400 65 94 93 69 257 8 4.54 17.39 
2981 4400 65 94 93 69 257 0 4.54 18.33 
3154 4400 65 94 93 69 257 0 4.54 17.39 
3326 4400 65 94 93 69 257 8 4.54 18.33 
3499 4400 65 94 93 69 257 0 4.54 17.37 
3671 4400 65 94 93 69 257 0 4.54 17.39 
3843 4400 65 94 93 69 257 7 4.54 17.39 
4015 4400 65 94 93 69 257 0 4.54 18.33 
4188 4400 65 94 93 69 257 0 4.54 17.39 
4360 4400 65 94 93 69 257 5 4.54 17.39 
4532 4400 65 94 93 69 257 0 4.54 16.12 
4704 4400 65 94 93 69 257 0 4.54 18.33 
4877 4400 65 94 93 69 257 7 4.54 17.39 
5049 4400 65 94 93 69 257 0 4.54 17.39 
5221 4400 65 94 93 69 257 0 4.54 17.39 
5393 4400 65 94 93 69 257 4 4.54 18.33 
5566 4400 65 94 93 69 257 0 0.00 0.00 
7733 4444 66 93 93 69 256 0 4.54 6.14 
7905 4400 65 94 93 69 257 0 4.54 17.39 
8077 4400 65 94 93 69 257 0 4.54 18.33 
8250 4400 65 94 93 69 257 0 4.54 16.12 
8422 4400 65 94 93 69 257 0 4.54 18.33 
8595 4400 65 94 93 69 257 0 4.54 17.39 
8767 4400 65 94 93 69 257 0 4.54 17.39 
8939 4400 65 94 93 69 257 0 4.54 6.14 
9111 5012 65 84 91 70 246 0 4.54 6.14 
9283 7334 64 59 87 74 221 0 5.81 0.00 
10456 3994 65 100 93 67 260 0 4.54 0.00 
11625 3603 102 116 121 69 308 1 5.81 0.00 
13411 5993 30 58 54 49 160 0 4.54 6.12 
13583 6370 30 59 55 51 165 0 4.54 15.81 
13755 7335 31 65 61 59 185 0 5.81 6.14 
13927 6616 27 55 51 48 154 0 5.81 6.14 
14099 3912 47 62 62 41 165 2 5.81 6.12 
14271 3656 62 77 77 47 201 0 4.54 16.44 
14443 3612 102 114 120 68 305 0 4.54 16.44 
14615 3602 98 111 116 66 296 0 4.54 19.60 
14788 3623 134 147 156 88 394 0 4.54 17.70 
14960 3644 129 144 152 87 387 0 4.54 17.70 
15132 3734 108 134 135 84 357 0 4.54 16.12 
15304 3756 102 133 131 84 350 0 4.54 16.12 
15476 3276 70 130 105 73 307 0 4.54 16.44 
15648 3233 69 133 106 74 311 0 4.54 36.97 
15822 3212 67 130 103 72 303 0 4.54 16.44 
15994 2406 36 104 67 49 218 0 4.54 16.12 
16166 2930 54 122 89 64 273 0 4.54 6.12 
16338 3677 92 117 116 72 309 0 4.54 6.12 
16510 3583 128 141 149 83 377 0 4.54 6.14 
16682 3599 123 135 143 80 360 0 5.81 6.12 
16854 3619 120 140 144 84 370 0 4.54 6.12 
17026 2778 48 118 83 60 257 0 4.54 19.91 
17199 2319 38 116 73 54 241 4 4.54 16.44 
17371 2307 37 111 70 51 229 0 4.84 49.44 
17545 7267 43 63 70 64 196 0 4.54 49.59 
17719 10392 55 70 91 90 252 0 4.86 49.10 
17893 11023 61 76 102 102 279 0 4.54 46.19 
18067 11043 61 75 101 101 277 0 4.54 50.97 
18241 8855 50 66 82 78 224 0 4.54 15.81 
18413 5608 36 54 56 47 156 0 4.54 6.12 
18585 4213 30 55 48 38 141 0 4.54 6.14 
18757 3654 24 75 53 47 174 3 4.54 6.12 
18929 2966 18 102 61 61 221 0 4.54 10.42 
19101 3072 17 99 59 60 216 0 5.81 9.08 
19273 2964 17 97 58 58 211 4 5.81 6.12 
19445 3050 18 98 59 59 214 0 5.81 6.14 
19617 3050 18 98 59 59 214 0 5.81 6.12 
19789 3050 18 98 59 59 213 5 5.81 6.14 
19961 3050 18 98 59 59 213 0 5.81 4.84 
20133 3050 18 98 59 59 214 0 4.54 6.12 
20305 3681 35 105 75 66 244 5 4.54 6.12 
20477 4047 130 188 181 128 502 0 4.54 6.12 
20649 4069 132 190 183 130 508 0 4.86 16.75 
20821 4069 132 190 183 130 508 4 4.54 6.12 
20993 4005 99 155 143 104 405 0 5.81 10.40 
21165 3206 20 105 64 64 229 0 5.81 20.86 
21338 10613 57 78 98 98 275 2 44.47 46.99 
21515 12379 67 83 114 117 316 0 5.81 15.81 
21687 11908 65 81 110 112 304 1 5.81 10.42 
21859 7701 43 63 71 66 201 0 5.81 6.14 
22031 4789 27 76 58 54 187 0 5.81 9.08 
22203 3185 20 99 61 60 218 0 4.54 8.72 
22375 3468 21 78 52 48 176 0 19.64 10.42 
22548 3387 23 76 52 46 173 0 4.86 22.12 
22721 3531 23 73 51 45 168 0 4.54 35.63 
22895 3979 50 81 74 54 212 0 5.81 50.97 
23069 4065 90 127 124 87 342 0 4.54 50.78 
23243 3945 45 71 65 47 184 0 5.81 51.32 
23418 3826 31 56 48 36 140 0 5.81 6.14 
23590 3826 31 56 48 36 140 2 4.54 50.78 
23764 3488 24 72 51 44 166 0 4.86 31.55 
23937 3730 30 65 52 41 158 0 4.86 28.97 
24110 4043 118 169 163 115 452 0 5.81 6.12 
24282 4016 149 213 205 144 567 0 16.46 10.40 
24455 4027 147 211 203 143 563 5 16.46 7.43 
24628 4031 140 202 194 137 537 0 5.81 10.42 
24800 3992 131 189 181 127 500 0 5.81 6.14 
24972 4111 91 127 125 88 345 5 23.58 6.14 
25145 4004 153 218 210 147 582 0 5.81 4.86 
25317 4017 165 235 227 159 628 0 5.81 1.65 
25489 4026 166 236 228 160 631 8 5.81 1.65 
25661 4015 170 241 233 163 644 0 4.54 6.12 
25833 4015 175 250 241 169 667 0 17.73 10.42 
26006 3984 169 243 233 163 644 6 5.81 19.30 
26179 3925 151 221 209 146 579 2 4.86 48.18 
26353 3997 176 251 242 169 668 0 4.86 27.59 
26526 3996 147 211 203 142 561 0 4.54 6.14 
26698 3007 19 105 63 63 228 0 4.54 29.50 
26871 2984 20 118 70 71 256 5 4.54 6.14 
27043 3454 22 97 62 60 218 0 4.54 16.44 
27215 2879 18 120 70 72 259 0 7.11 4.84 
27387 2851 16 124 71 75 267 0 4.54 36.75 
27561 2837 17 118 68 71 254 0 4.54 4.84 
27733 3561 39 118 83 73 274 0 4.54 4.84 
27905 4043 152 219 211 149 585 6 5.81 10.42 
28077 3427 120 172 157 98 431 0 4.54 10.42 
28249 2542 135 196 157 67 425 0 4.54 20.55 
28422 2712 86 126 104 50 283 5 4.54 6.14 
28594 1910 30 132 74 60 260 0 5.81 4.86 
28766 1995 29 128 73 60 257 0 4.86 4.52 
28938 1656 21 124 64 54 237 5 4.86 4.52 
29110 1646 18 136 66 57 253 0 4.86 4.52 
29282 1641 19 136 66 56 252 0 4.86 4.52 
29454 1626 21 137 67 55 254 1 4.86 4.52 
29626 1877 23 112 62 52 242 0 4.86 4.52 
29798 2476 27 88 56 44 185 0 4.84 5.81 
29970 2050 26 107 62 50 215 0 4.86 4.52 
30142 1652 22 132 68 58 253 0 4.86 4.52 
30314 1667 22 131 68 58 252 0 4.86 10.08 
30486 2502 43 134 86 67 287 0 4.86 5.81 
30658 1845 27 127 70 57 249 0 4.86 5.81 
30830 1669 20 158 76 66 293 0 4.86 4.52 
31002 1636 21 150 73 62 278 0 4.86 4.54 
31174 2860 33 76 55 39 168 1 4.84 4.52 
31346 3187 43 68 58 36 162 0 4.86 4.54 
31518 3269 43 68 59 37 163 0 4.54 4.52 
31690 2030 27 107 62 49 215 4 4.86 4.52 
31862 1738 19 161 76 66 296 0 4.86 4.52 
32034 1711 19 160 76 66 296 0 4.84 4.52 
32206 1622 21 140 69 58 262 6 4.86 4.52 
32378 2862 30 73 52 38 163 0 4.86 4.52 
32550 3103 31 66 50 36 152 0 4.86 4.52 
32722 1624 22 139 70 59 263 5 4.86 5.81 
32894 1837 17 155 72 63 285 0 4.86 4.52 
33066 1688 20 159 76 66 296 0 4.86 4.54 
33238 1784 27 129 70 56 250 0 4.86 4.52 
33410 1620 20 143 71 61 270 0 4.86 4.52 
33582 4609 53 87 82 65 233 0 4.86 5.81 
33754 6721 120 119 164 136 420 0 4.86 5.81 
33926 6527 115 115 156 128 401 0 4.86 4.52 
34098 2198 33 133 79 65 272 0 4.86 10.42 
34270 2800 86 141 113 63 320 0 4.86 5.81 
34442 2876 75 104 90 45 240 0 4.86 4.52 
34614 3728 61 83 80 52 217 0 4.86 0.00 
35783 1709 29 134 71 53 252 0 4.86 4.84 
35955 1776 29 125 68 51 239 0 4.86 4.52 
127 1923 27 119 67 54 228 0 4.86 5.81 
36299 1621 24 133 66 50 256 1 4.86 4.52 
36471 1765 30 131 71 53 233 0 4.86 4.52 
36643 1764 31 129 70 51 244 0 4.86 4.52 
36815 3504 143 166 169 95 436 0 9.42 6.44 
36987 4054 81 111 110 76 298 0 6.46 7.41 
37159 7615 46 96 90 88 274 14 5.81 11.76 
37331 4173 107 159 152 111 425 0 11.10 8.74 
37503 6335 41 78 74 68 221 0 4.86 4.52 
37675 10957 36 87 81 86 253 5 4.86 4.52 
37847 4189 84 113 114 80 308 0 4.86 4.52 
38019 3426 119 147 144 82 376 6 4.86 5.81 
38191 5274 49 100 88 78 265 4 4.86 29.50 
38364 9272 57 87 100 98 285 0 4.86 8.72 
38536 2640 18 116 67 68 248 0 5.81 7.09 
38708 7161 40 81 76 73 230 4 5.81 7.09 
38880 9302 62 78 100 96 275 0 4.54 4.52 
39052 9871 84 102 136 132 373 0 4.86 5.81 
39224 9893 87 106 141 137 384 1 4.54 5.81 
39396 7996 84 103 130 119 353 0 4.84 7.11 
39568 8806 104 123 162 152 440 0 5.81 5.80 
39740 7406 81 101 124 111 339 0 4.54 5.81 
39912 6633 80 97 118 101 319 0 4.54 5.81 
40084 6737 83 101 123 106 332 0 4.86 5.81 
40256 6563 71 88 105 90 287 0 4.86 4.52 
40428 7289 79 101 122 109 335 0 4.86 5.81 
40600 8554 104 125 162 151 441 0 4.86 4.52 
40772 7572 83 108 130 118 359 0 4.86 5.81 
40944 2651 21 127 74 74 270 1 29.27 5.81 
41117 3387 27 100 66 61 225 0 4.86 5.81 
41289 3940 125 184 174 122 481 0 4.86 4.54 
41461 3926 106 159 149 105 413 1 4.86 4.52 
41633 3939 68 109 99 72 279 0 5.81 3.57 
41805 3365 22 87 57 53 195 0 4.86 1.97 
41977 2359 18 130 73 75 274 5 4.86 4.52 
42149 2363 19 131 74 75 275 0 4.86 4.52 
42321 2324 20 123 70 69 259 0 4.86 4.52 
42493 1800 15 149 79 83 307 4 4.86 4.52 
42665 1851 16 146 78 81 301 0 4.86 4.52 
42837 2715 22 102 62 58 218 0 4.86 5.81 
43009 1646 14 149 77 80 301 2 4.86 4.52 
43181 1627 14 154 79 82 311 0 4.86 4.52 
43353 7002 91 127 144 129 402 0 4.86 5.81 
43525 5092 71 126 117 99 342 0 4.86 4.84 
43697 1620 27 148 73 54 269 0 4.84 4.52 
43869 1770 24 103 56 41 196 0 4.86 5.81 
44041 1685 22 105 55 41 198 0 4.86 5.81 
44213 1683 23 107 56 41 200 0 5.81 4.84 
44385 1683 23 107 56 41 200 0 5.81 4.52 
44557 1683 23 107 56 41 200 0 5.81 4.84 
44729 1631 22 115 58 43 212 2 4.54 8.74 
44901 1620 26 149 73 55 271 0 4.54 9.40 
45073 1625 27 157 76 57 283 0 4.54 10.76 
45245 1638 26 157 75 56 282 4 4.54 16.12 
45417 1658 25 155 73 54 275 0 6.14 16.12 
45589 1662 25 159 75 57 284 0 5.51 28.71 
45762 1663 24 157 74 56 280 4 4.54 4.84 
45934 1624 30 156 78 58 286 0 4.54 4.52 
46106 1625 29 152 76 56 278 0 4.86 5.81 
46278 1946 29 104 60 43 204 9 9.42 4.84 
46450 3585 62 82 79 49 214 0 8.07 15.15 
46623 3676 84 101 103 62 269 0 6.78 10.76 
46795 3771 116 145 146 92 387 5 6.78 11.08 
46967 3760 102 125 127 79 336 0 4.54 6.14 
47139 3566 164 186 193 109 494 7 4.54 10.42 
