=~=~=~=~=~=~=~=~=~=~=~= PuTTY log 2025.11.28 20:31:06 =~=~=~=~=~=~=~=~=~=~=~=
ets Jul 29 2019 12:21:46

rst:0x1 (POWERON_RESET),boot:0x13 (SPI_FAST_FLASH_BOOT)
configsip: 0, SPIWP:0xee
clk_drv:0x00,q_drv:0x00,d_drv:0x00,cs0_drv:0x00,hd_drv:0x00,wp_drv:0x00
mode:DIO, clock div:1
load:0x3fff0030,len:4980
load:0x40078000,len:16612
load:0x40080400,len:3480
entry 0x400805b4
Found sensor
Milis - ColorTemp - Lux - R - G - B - C - Pot - UsensA - UsensB

399 4249 32 51 48 36 134 25 3.25 3.25 
571 4249 32 51 48 36 133 0 3.25 3.25 
743 4249 32 51 48 36 134 15 3.25 3.25 
915 4249 32 51 48 36 134 0 3.25 3.25 
1087 4249 32 51 48 36 134 0 3.26 3.25 
1259 4249 32 51 48 36 134 33 3.26 3.25 
1431 4249 32 51 48 36 134 0 3.25 3.25 
1603 4249 32 51 48 36 134 0 3.26 3.25 
1775 4249 32 51 48 36 134 11 3.25 3.25 
1947 4249 32 51 48 36 134 0 3.26 3.25 
2119 4249 32 51 48 36 134 7 3.26 3.25 
2291 4249 32 51 48 36 134 11 3.25 3.25 
2463 4249 32 51 48 36 134 0 3.26 3.25 
2635 4249 32 51 48 36 134 0 3.26 3.25 
2807 4249 32 51 48 36 134 9 3.26 3.25 
2979 4249 32 51 48 36 134 7 3.26 3.25 
3151 4249 32 51 48 36 134 0 3.26 3.25 
3323 4249 32 51 48 36 134 5 3.26 3.25 
3495 4249 32 51 48 36 134 0 3.25 3.25 
3667 4249 32 51 48 36 134 0 3.25 3.25 
3839 4249 32 51 48 36 134 15 3.25 3.25 
4011 4249 32 51 48 36 134 0 3.25 3.25 
4183 4249 32 51 48 36 134 0 3.25 3.25 
4355 4249 32 51 48 36 134 0 3.25 3.25 
4527 4412 32 51 48 37 135 0 3.25 3.25 
4699 4322 31 52 48 37 135 5 3.26 3.25 
4871 4293 33 52 49 37 136 0 3.25 3.25 
5043 4293 33 52 49 37 137 1 3.26 3.25 
5215 4019 33 52 48 35 135 0 3.26 3.25 
5387 3812 33 53 48 34 134 0 3.25 3.25 
5559 3811 35 53 49 34 134 17 3.26 3.25 
5731 3811 35 53 49 34 135 0 3.26 3.25 
5903 3811 35 53 49 34 135 0 3.25 3.25 
6075 3738 34 54 49 34 135 6 3.25 3.25 
6247 3738 34 54 49 34 135 0 3.26 3.25 
6419 3738 34 54 49 34 135 7 3.25 3.25 
6591 4659 40 54 56 42 151 10 3.25 3.25 
6763 6044 52 57 72 58 185 0 3.25 3.25 
6935 5238 44 52 60 46 158 0 3.26 3.25 
7107 5674 49 57 68 54 179 11 3.25 3.25 
7279 4699 39 52 55 41 148 6 3.26 3.25 
7451 3570 33 61 51 37 148 0 3.25 3.25 
7623 3190 34 75 57 42 173 13 3.26 3.25 
7795 3508 42 77 64 46 186 0 3.25 3.25 
7967 3320 36 70 56 40 165 0 3.25 3.25 
8139 3236 36 73 57 41 171 24 3.25 3.25 
8311 3278 33 70 54 40 163 0 3.25 3.25 
8483 3212 34 73 56 41 168 0 3.25 3.25 
8655 3473 39 71 59 42 169 6 3.25 3.25 
8827 3541 40 59 54 35 146 0 3.25 3.25 
8999 3331 47 69 62 38 168 6 3.25 3.25 
9171 3282 49 72 64 39 174 3 3.26 3.25 
9343 3279 52 76 68 41 184 0 3.25 3.25 
9515 3168 60 89 78 46 213 0 3.25 3.25 
9687 3047 59 88 76 43 205 0 3.26 3.25 
9859 3122 59 87 76 44 206 9 3.26 3.25 
10031 3170 51 77 67 40 184 0 3.25 3.25 
10203 3188 54 79 70 41 189 0 3.26 3.25 
10375 3238 54 79 70 42 189 6 3.25 3.25 
10547 3238 54 79 70 42 189 0 3.26 3.25 
10719 3238 54 79 70 42 189 7 3.25 3.25 
10891 3425 47 70 63 40 172 0 3.25 3.25 
11063 3432 45 68 61 39 170 0 3.25 3.25 
11235 3395 46 69 62 39 174 0 3.26 3.25 
11407 3395 46 69 62 39 174 3 3.25 3.25 
11579 3316 46 69 61 38 172 4 3.26 3.25 
11751 3316 46 69 61 38 171 0 3.25 3.25 
11923 3316 46 69 61 38 171 5 3.25 3.25 
12095 3316 46 69 61 38 171 0 3.26 3.25 
12267 3316 46 69 61 38 171 0 3.25 3.25 
12439 3316 46 69 61 38 171 22 3.25 3.25 
12611 3316 46 69 61 38 171 0 3.25 3.25 
12783 3316 46 69 61 38 171 0 3.26 3.25 
12955 3316 46 69 61 38 171 10 3.25 3.25 
13127 3316 46 69 61 38 171 0 3.25 3.25 
13299 3316 46 69 61 38 171 7 3.25 3.25 
13471 3316 46 69 61 38 171 10 3.26 3.25 
13643 3316 46 69 61 38 171 0 3.25 3.25 
13815 3316 46 69 61 38 171 0 3.25 3.25 
13987 3316 46 69 61 38 171 9 3.26 3.25 
14159 3316 46 69 61 38 171 7 3.26 3.25 
14331 3316 46 69 61 38 171 0 3.25 3.25 
14503 3316 46 69 61 38 171 6 3.26 3.25 
14675 3316 46 69 61 38 171 0 3.25 3.25 
14847 3316 46 69 61 38 171 0 3.25 3.25 
15019 3316 46 69 61 38 172 16 3.26 3.25 
15191 3316 46 69 61 38 171 0 3.25 3.25 
15363 3316 46 69 61 38 171 0 3.25 3.25 
15535 3316 46 69 61 38 171 0 3.25 3.25 
15707 3316 46 69 61 38 172 0 3.25 3.25 
15879 3316 46 69 61 38 172 6 3.25 3.25 
16051 3316 46 69 61 38 172 0 3.25 3.25 
16223 3316 46 69 61 38 172 0 3.25 3.25 
16395 3316 46 69 61 38 172 0 3.26 3.25 
16567 3316 46 69 61 38 172 0 3.26 3.25 
16739 3316 46 69 61 38 172 12 3.25 3.25 
16911 3316 46 69 61 38 172 0 3.25 3.25 
17083 3316 46 69 61 38 172 0 3.26 3.25 
17255 3316 46 69 61 38 172 0 3.25 3.25 
17427 3316 46 69 61 38 172 0 3.26 3.25 
17599 3316 46 69 61 38 172 7 3.25 3.25 
17771 3316 46 69 61 38 172 2 3.25 3.25 
17943 3316 46 69 61 38 172 0 3.26 3.25 
18115 3316 46 69 61 38 172 0 3.25 3.25 
18287 3316 46 69 61 38 172 5 3.25 3.25 
18459 3316 46 69 61 38 172 5 3.25 3.25 
18631 3316 46 69 61 38 172 0 3.25 3.25 
18803 3316 46 69 61 38 172 5 3.25 3.25 
18975 3316 46 69 61 38 172 0 3.25 3.25 
19147 3316 46 69 61 38 172 0 3.25 3.25 
19319 3316 46 69 61 38 171 21 3.26 3.25 
19491 3316 46 69 61 38 172 0 3.25 3.25 
19663 3308 51 75 67 41 182 0 3.25 3.25 
19835 3117 58 90 77 46 211 9 3.26 3.25 
20007 3766 53 82 75 52 208 0 3.25 3.25 
20179 3940 49 74 69 49 191 7 3.25 3.25 
20351 3976 47 75 69 50 193 9 3.25 3.25 
20523 3720 32 73 57 46 174 0 3.25 3.25 
20695 4054 32 69 56 46 170 0 3.25 3.25 
20867 7424 42 59 68 62 188 8 3.26 3.25 
21039 5893 38 55 59 50 164 7 3.26 3.25 
21211 2728 36 91 63 46 198 0 3.25 3.25 
21383 3617 80 95 97 57 250 9 3.25 3.25 
21555 3645 69 84 85 51 220 0 3.25 3.25 
21727 8436 29 61 58 58 177 0 3.25 3.25 
21899 8906 27 61 57 58 176 20 3.25 3.25 
22071 9036 34 73 70 71 214 0 3.26 3.25 
22243 8415 37 78 74 74 226 0 3.25 3.25 
22415 6391 29 55 52 48 156 4 3.25 3.25 
22587 9062 29 63 60 61 184 0 3.25 3.25 
22759 7075 31 67 61 59 186 6 3.26 3.25 
22931 3236 46 127 90 74 290 1 3.25 3.25 
23103 3291 46 121 87 71 278 0 3.25 3.25 
23275 3252 55 149 106 87 341 0 3.26 3.25 
23447 3237 53 149 105 87 340 0 3.25 3.25 
23619 3237 53 149 105 87 340 10 3.25 3.25 
23791 3237 53 149 105 87 340 0 3.26 3.25 
23963 3237 53 149 105 87 340 0 3.25 3.25 
24135 3185 54 149 105 86 340 0 3.26 3.25 
24307 3185 54 149 105 86 339 0 3.25 3.25 
24479 3185 54 149 105 86 339 7 3.26 3.25 
24651 3226 54 148 105 86 339 0 3.25 3.25 
24823 3226 54 148 105 86 339 0 3.25 3.25 
24995 3226 54 148 105 86 339 0 3.25 3.25 
25167 3226 54 148 105 86 339 2 3.25 3.25 
25339 3226 54 148 105 86 339 5 3.25 3.25 
25511 3226 54 148 105 86 339 0 3.25 3.25 
25683 3226 54 148 105 86 339 3 3.25 3.25 
25855 3226 54 148 105 86 339 0 3.25 3.25 
26027 3226 54 148 105 86 339 0 3.25 3.25 
26199 3226 54 148 105 86 339 19 3.26 3.25 
26371 3241 54 146 104 85 335 0 3.25 3.25 
26543 3331 49 127 92 75 294 0 3.25 3.25 
26715 17146 19 65 55 63 167 7 3.26 3.25 
26887 6605 39 65 66 60 189 0 3.25 3.25 
27059 3619 100 112 118 67 300 7 3.25 3.25 
27231 3601 107 118 125 70 317 8 3.25 3.25 
27403 3617 80 95 97 57 250 0 3.25 3.25 
27575 5134 34 59 56 47 163 0 3.25 3.25 
27747 6241 34 65 61 56 182 10 3.25 3.25 
27919 6525 37 70 67 62 198 5 3.26 3.25 
28091 6155 46 81 79 71 231 0 3.26 3.25 
28263 5385 60 99 97 82 276 11 3.26 3.25 
28435 4924 57 98 92 76 267 0 3.25 3.25 
28607 5111 54 92 87 73 250 0 3.25 3.25 
28779 4915 40 70 65 54 189 25 3.25 3.25 
28951 5292 30 55 51 44 150 0 3.25 3.25 
29123 5577 34 62 58 51 170 0 3.25 3.25 
29295 5915 34 64 60 54 176 10 3.25 3.25 
29467 5884 38 71 67 60 195 0 3.25 3.25 
29639 6011 37 71 66 60 196 6 3.26 3.25 
29811 6733 36 71 67 63 200 8 3.25 3.25 
29983 7973 33 67 64 63 193 0 3.25 3.25 
30155 7810 31 66 62 61 189 0 3.25 3.25 
30327 7810 31 66 62 61 189 4 3.25 3.25 
30499 7810 31 66 62 61 189 7 3.26 3.25 
30671 7810 31 66 62 61 189 0 3.26 3.25 
30843 7810 31 66 62 61 189 7 3.25 3.25 
31015 7810 31 66 62 61 189 0 3.25 3.25 
31187 7810 31 66 62 61 189 0 3.25 3.25 
31359 7810 31 66 62 61 189 16 3.26 3.25 
31531 7810 31 66 62 61 189 0 3.25 3.25 
31703 7810 31 66 62 61 189 0 3.25 3.25 
31875 7810 31 66 62 61 189 0 3.25 3.25 
32047 7810 31 66 62 61 189 0 3.26 3.25 
32219 7810 31 66 62 61 189 5 3.25 3.25 
32391 7810 31 66 62 61 189 0 3.25 3.25 
32563 7810 31 66 62 61 189 0 3.25 3.25 
32735 7810 31 66 62 61 189 0 3.25 3.25 
32907 7810 31 66 62 61 189 0 3.26 3.25 
33079 7810 31 66 62 61 189 13 3.26 3.25 
33251 7810 31 66 62 61 189 0 3.25 3.25 
33423 7810 31 66 62 61 189 0 3.26 3.25 
33595 7810 31 66 62 61 189 2 3.25 3.25 
33767 7810 31 66 62 61 189 0 3.25 3.25 
33939 7810 31 66 62 61 189 7 3.25 3.25 
34111 7810 31 66 62 61 189 3 3.25 3.25 
34283 7810 31 66 62 61 189 0 3.26 3.25 
34455 7810 31 66 62 61 189 0 3.26 3.25 
34627 7810 31 66 62 61 189 5 3.26 3.25 
34799 7810 31 66 62 61 189 4 3.25 4.52 
34971 7810 31 66 62 61 189 0 3.25 55.64 
35146 7810 31 66 62 61 189 0 3.25 55.62 
35321 7945 32 65 62 61 188 0 3.25 55.62 
35496 7945 32 65 62 61 188 0 3.25 55.64 
35671 7945 32 65 62 61 188 0 3.26 55.64 
35846 7945 32 65 62 61 187 0 3.26 42.62 
36020 7945 32 65 62 61 188 0 3.25 41.77 
36194 8509 35 72 69 69 209 0 3.25 4.52 
36366 10415 30 68 65 68 200 0 3.25 3.25 
36538 5998 29 54 51 46 151 0 3.26 3.25 
36710 4227 39 58 56 41 155 0 3.26 3.25 
36882 4243 41 59 58 42 159 0 3.25 3.25 
37054 4243 41 59 58 42 159 0 3.25 3.25 
37226 4140 40 59 57 41 157 2 3.25 3.25 
37398 4125 42 59 58 41 158 0 3.26 3.25 
37570 4125 42 59 58 41 158 0 3.25 3.25 
37742 4125 42 59 58 41 158 5 3.26 3.25 
37914 4125 42 59 58 41 158 0 3.26 9.74 
38086 4125 42 59 58 41 158 0 3.25 49.44 
38260 4125 42 59 58 41 158 0 3.26 3.25 
38432 4140 40 59 57 41 157 0 3.25 3.25 
38604 4140 40 59 57 41 157 0 3.25 3.25 
38776 4140 40 59 57 41 157 0 3.25 3.25 
38948 4140 40 59 57 41 157 0 3.25 3.25 
39120 4140 40 59 57 41 157 0 3.26 3.25 
39292 4140 40 59 57 41 158 2 3.26 3.25 
39464 4175 41 60 58 42 159 0 3.26 3.25 
39636 3809 49 67 65 43 175 0 3.25 3.25 
39808 5248 36 62 59 50 171 5 3.25 3.25 
39980 10999 30 71 67 71 208 0 3.26 3.25 
40152 9483 33 74 70 72 216 0 3.25 3.25 
40324 9747 29 64 61 63 188 7 3.25 3.25 
40496 10539 28 64 61 64 188 0 3.25 3.25 
40668 15020 29 75 71 79 225 0 3.26 4.54 
40840 13632 31 76 72 79 228 9 3.25 3.25 
41012 13737 30 75 71 78 224 0 3.25 3.25 
41184 10920 31 73 69 73 215 0 3.25 3.25 
41356 10920 31 73 69 73 214 8 3.26 3.25 
41528 10920 31 73 69 73 214 0 3.26 3.25 
41700 10920 31 73 69 73 214 0 3.25 3.25 
41872 10798 30 73 68 72 214 5 3.25 3.25 
42044 10798 30 73 68 72 213 0 3.25 3.25 
42216 10798 30 73 68 72 213 0 3.25 3.25 
42388 10798 30 73 68 72 213 2 3.25 3.25 
42560 10798 30 73 68 72 213 0 3.26 3.25 
42732 10798 30 73 68 72 213 0 3.26 3.25 
42904 10798 30 73 68 72 213 0 3.25 3.25 
43076 11791 31 73 69 74 217 0 3.25 3.25 
43248 15052 30 75 72 80 227 0 3.25 3.25 
43420 15020 29 75 71 79 225 0 3.25 3.25 
43592 9747 29 64 61 63 188 0 3.25 3.25 
43764 12725 27 63 61 66 190 0 3.25 3.25 
43936 3851 93 120 120 78 319 0 3.25 3.25 
44108 3714 94 111 115 69 295 2 3.26 3.25 
44280 7579 35 70 67 65 203 0 3.25 3.25 
44452 8636 35 71 69 69 208 0 3.26 4.52 
44624 4542 40 60 59 45 165 4 3.26 3.25 
44796 3623 116 127 135 76 341 0 3.26 3.25 
44968 3576 150 159 171 93 427 0 3.25 3.25 
45140 3554 147 157 168 91 420 7 3.26 3.25 
45312 3412 62 90 82 51 223 0 3.25 3.25 
45484 1917 32 123 70 52 240 0 3.25 3.25 
45656 4574 44 98 81 70 248 9 3.25 3.25 
45828 11874 74 91 125 127 345 0 3.26 3.25 
46000 12291 73 90 124 127 342 0 3.25 3.25 
46172 11898 74 90 124 126 341 6 3.25 3.25 
46344 12291 73 90 124 127 343 0 3.26 3.25 
46516 11049 75 92 124 124 342 0 3.25 3.25 
46688 8373 53 81 91 87 260 1 3.25 3.25 
46860 3096 23 104 65 62 228 0 3.26 3.25 
47032 3493 24 86 58 53 196 0 3.25 3.25 
47204 3136 22 97 61 58 216 0 3.25 3.25 
47376 2407 17 132 74 77 280 0 3.25 3.25 
47548 2359 17 136 76 79 288 0 3.26 3.25 
47720 2383 17 140 78 82 295 0 3.25 3.25 
47892 2409 18 139 78 81 294 0 3.25 3.25 
48064 2488 17 139 78 82 295 0 3.26 3.25 
48236 2383 17 140 78 82 296 0 3.25 3.25 
48408 2383 17 140 78 82 296 3 3.25 3.25 
48580 2383 17 140 78 82 296 0 3.25 3.25 
48752 2383 17 140 78 82 296 0 3.26 3.25 
48924 2383 17 140 78 82 296 7 3.26 3.25 
49096 2383 17 140 78 82 296 0 3.25 3.25 
49268 2383 17 140 78 82 296 0 3.26 3.25 
49440 2383 17 140 78 82 296 7 3.25 3.25 
49612 2383 17 140 78 82 296 0 3.25 3.25 
49784 2383 17 140 78 82 296 0 3.25 3.25 
49956 2383 17 140 78 82 296 3 3.25 3.25 
50128 2383 17 140 78 82 296 0 3.25 3.25 
50300 2383 17 140 78 82 296 0 3.25 3.25 
50472 2383 17 140 78 82 296 0 3.25 3.25 
50644 2383 17 140 78 82 296 0 3.25 3.25 
50816 2383 17 140 78 82 296 0 3.25 3.25 
50988 2383 17 140 78 82 296 0 3.25 4.54 
51160 2383 17 140 78 82 296 0 3.25 4.54 
51332 2383 17 140 78 82 296 0 3.25 4.54 
51504 2383 17 140 78 82 296 0 3.25 4.52 
51676 2383 17 140 78 82 296 1 3.25 4.54 
51848 2383 17 140 78 82 296 0 3.26 3.25 
52020 2383 17 140 78 82 296 0 3.25 3.25 
52192 2383 17 140 78 82 296 5 3.25 3.25 
52364 2383 17 140 78 82 296 0 3.26 4.54 
52536 2383 17 140 78 82 296 0 3.25 3.25 
52708 2383 17 140 78 82 296 7 3.26 4.54 
52880 2383 17 140 78 82 296 0 3.25 3.25 
53052 2383 17 140 78 82 296 0 3.25 3.25 
53224 2329 16 137 76 80 289 5 3.25 3.25 
53396 2942 20 100 61 59 218 0 3.25 3.25 
53568 5107 31 94 71 68 231 0 3.26 3.25 
53740 8926 62 78 99 94 273 0 3.26 3.25 
53912 8117 46 70 78 74 223 0 3.25 3.25 
54084 3259 22 102 64 62 225 0 3.25 3.25 
54256 3063 21 110 67 66 240 0 3.25 3.25 
54428 5884 38 71 67 60 198 0 3.25 3.25 
54600 11018 71 88 118 118 325 0 3.26 4.54 
54772 9857 72 90 117 114 322 0 3.25 3.25 
54944 6830 61 83 95 84 261 1 3.26 3.25 
55116 6513 59 80 91 79 250 0 3.26 3.25 
55288 6280 59 77 88 75 242 0 3.25 3.25 
55460 6259 62 81 93 79 253 6 3.25 3.25 
55632 7342 85 106 130 116 352 0 3.25 3.25 
55804 8419 101 124 158 147 431 0 3.26 3.25 
55976 3769 50 118 91 75 281 9 3.25 3.25 
56148 4096 15 138 94 121 292 0 3.26 3.25 
56320 3457 179 207 210 116 555 0 3.26 3.25 
56492 3554 185 203 214 118 541 7 3.25 3.25 
56664 3565 184 202 213 118 539 0 3.25 3.25 
56836 3565 184 202 213 118 539 0 3.25 3.25 
57008 3565 184 202 213 118 539 1 3.26 3.25 
57180 3565 184 202 213 118 539 0 3.25 3.25 
57352 3565 184 202 213 118 540 0 3.26 3.25 
57524 3565 184 202 213 118 539 0 3.26 3.25 
57696 3565 184 202 213 118 540 0 3.25 3.25 
57868 3565 184 202 213 118 540 0 3.25 3.25 
58040 3554 185 203 214 118 541 0 3.25 3.25 
58212 3553 188 205 217 119 548 3 3.26 3.25 
58384 3337 105 146 134 80 363 0 3.25 3.25 
58556 2201 35 118 72 54 240 0 3.26 3.25 
58728 9871 84 102 136 132 371 7 3.25 3.25 
58900 4131 29 100 70 66 234 0 3.26 3.25 
59072 3928 95 169 147 111 428 0 3.25 3.25 
59244 4013 150 213 206 144 568 9 3.26 3.25 
59416 3493 87 119 112 69 307 0 3.26 3.25 
59588 3387 82 113 105 63 288 0 3.26 3.25 
59760 3387 82 113 105 63 288 5 3.25 3.25 
59932 3387 82 113 105 63 288 0 3.26 3.25 
60104 3387 82 113 105 63 288 0 3.26 3.25 
60276 3387 82 113 105 63 288 0 3.25 3.25 
60448 3387 82 113 105 63 288 0 3.26 3.25 
60620 3387 82 113 105 63 288 0 3.25 3.25 
60792 3387 82 113 105 63 288 0 3.25 3.25 
60964 3387 82 113 105 63 288 0 3.25 3.25 
61136 3387 82 113 105 63 288 0 3.26 3.25 
61308 3387 82 113 105 63 288 0 3.26 3.25 
61480 3387 82 113 105 63 288 0 3.26 3.25 
61652 3387 82 113 105 63 288 0 3.26 3.25 
61824 3387 82 113 105 63 288 0 3.25 3.25 
61996 3387 82 113 105 63 288 0 3.26 3.25 
62168 3387 82 113 105 63 288 0 3.26 3.25 
62340 2881 91 133 113 59 310 0 3.25 3.25 
62512 2580 106 161 128 59 349 3 3.25 3.25 
62