=~=~=~=~=~=~=~=~=~=~=~= PuTTY log 2025.11.28 20:33:21 =~=~=~=~=~=~=~=~=~=~=~=
ets Jul 29 2019 12:21:46

rst:0x1 (POWERON_RESET),boot:0x13 (SPI_FAST_FLASH_BOOT)
configsip: 0, SPIWP:0xee
clk_drv:0x00,q_drv:0x00,d_drv:0x00,cs0_drv:0x00,hd_drv:0x00,wp_drv:0x00
mode:DIO, clock div:1
load:0x3fff0030,len:4980
load:0x40078000,len:16612
load:0x40080400,len:3480
entry 0x400805b4
Found sensor
Milis - ColorTemp - Lux - R - G - B - C - Pot - UsensA - UsensB

399 6923 58 57 80 67 205 0 3.26 55.91 
574 6923 58 57 80 67 205 0 3.26 55.79 
749 6923 58 57 80 67 205 0 3.25 3.25 
921 6923 58 57 80 67 205 0 3.26 55.76 
1096 6923 58 57 80 67 205 5 3.26 55.76 
1271 6923 58 57 80 67 205 0 3.25 62.46 
1446 6923 58 57 80 67 205 6 3.25 62.46 
1621 6923 58 57 80 67 205 0 3.26 63.29 
1796 6923 58 57 80 67 205 6 3.25 55.78 
1971 6923 58 57 80 67 205 0 3.26 62.75 
2146 6923 58 57 80 67 205 5 3.25 55.78 
2321 6923 58 57 80 67 205 0 3.26 61.91 
2496 6923 58 57 80 67 205 6 3.26 55.78 
2671 6923 58 57 80 67 205 0 3.26 57.15 
2846 6923 58 57 80 67 205 6 3.26 62.46 
3021 6923 58 57 80 67 205 0 3.26 62.88 
3196 6923 58 57 80 67 205 6 3.26 55.79 
3371 6923 58 57 80 67 205 0 3.26 62.46 
3546 6923 58 57 80 67 205 6 3.26 62.46 
3721 6923 58 57 80 67 205 0 3.26 62.88 
3896 6923 58 57 80 67 205 6 3.25 61.51 
4071 6923 58 57 80 67 205 0 3.25 63.31 
4246 6923 58 57 80 67 205 6 3.25 55.78 
4421 6923 58 57 80 67 205 0 3.25 62.87 
4596 6923 58 57 80 67 205 6 3.25 62.44 
4771 6923 58 57 80 67 205 0 3.25 62.88 
4946 6923 58 57 80 67 205 6 3.25 55.78 
5121 6923 58 57 80 67 205 0 3.26 62.88 
5296 6923 58 57 80 67 205 6 3.25 55.78 
5471 6923 58 57 80 67 205 0 3.25 62.88 
5646 6923 58 57 80 67 205 7 3.26 62.87 
5821 6923 58 57 80 67 205 0 3.25 56.64 
5996 6923 58 57 80 67 205 6 3.25 62.44 
6171 6923 58 57 80 67 205 0 3.25 62.88 
6346 6923 58 57 80 67 205 5 3.26 55.78 
6521 6923 58 57 80 67 205 0 3.25 49.11 
6695 6923 58 57 80 67 205 7 3.25 61.49 
6870 6923 58 57 80 67 205 0 3.25 62.46 
7045 6923 58 57 80 67 205 5 3.26 55.78 
7220 6923 58 57 80 67 205 0 3.26 55.90 
7395 6923 58 57 80 67 205 4 3.26 62.46 
7570 6923 58 57 80 67 205 0 3.26 55.79 
7745 6923 58 57 80 67 205 4 3.25 62.46 
7920 6923 58 57 80 67 205 0 3.25 55.90 
8095 6923 58 57 80 67 205 5 3.25 55.76 
8270 6923 58 57 80 67 205 0 3.26 62.46 
8445 6923 58 57 80 67 205 6 3.26 61.61 
8620 6923 58 57 80 67 205 0 3.25 57.15 
8795 6923 58 57 80 67 205 16 3.25 62.03 
8970 6923 58 57 80 67 205 0 3.26 49.10 
9144 6923 58 57 80 67 205 15 3.26 62.46 
9319 6923 58 57 80 67 205 0 3.26 49.10 
9493 6923 58 57 80 67 205 3 3.25 49.10 
9667 6923 58 57 80 67 205 0 3.25 49.10 
9841 6923 58 57 80 67 205 0 3.25 55.79 
10016 6923 58 57 80 67 205 0 3.26 55.90 
10191 6923 58 57 80 67 205 0 3.26 62.59 
10366 6923 58 57 80 67 205 0 3.25 4.52 
10538 7417 65 60 89 76 225 0 3.26 3.25 
10710 7184 62 59 85 72 217 1 3.25 58.43 
10885 6983 63 59 85 71 216 0 3.25 4.52 
11057 7355 65 61 89 76 226 0 3.25 3.25 
11229 7493 69 60 93 79 233 8 3.25 3.25 
11401 7159 61 57 83 70 211 0 3.25 54.67 
11576 3853 34 65 55 42 161 0 3.25 3.25 
11748 2942 36 88 63 47 196 0 3.25 3.25 
11920 2870 34 87 61 46 192 0 3.25 4.52 
12092 2946 34 84 60 45 187 0 3.25 3.25 
12264 2887 36 89 63 47 198 0 3.25 3.25 
12436 2851 37 92 65 48 203 0 3.26 3.25 
12608 2849 35 88 62 46 193 0 3.25 3.25 
12780 2908 34 88 62 47 195 3 3.25 52.16 
12954 2997 37 92 66 50 205 0 3.25 50.80 
13128 2889 37 94 66 50 208 8 3.25 3.25 
13300 2966 35 87 62 47 193 0 3.26 3.25 
13472 3364 42 75 62 43 180 0 3.25 4.52 
13644 3241 40 74 60 41 175 10 3.26 50.12 
13818 3221 39 74 59 41 174 0 3.26 49.27 
13992 3221 39 74 59 41 174 0 3.25 49.25 
14166 3221 39 74 59 41 175 0 3.26 49.27 
14340 3221 39 74 59 41 174 0 3.26 49.33 
14514 3221 39 74 59 41 175 0 3.25 49.27 
14688 3221 39 74 59 41 175 0 3.25 49.33 
14862 3221 39 74 59 41 174 4 3.26 49.25 
15036 3221 39 74 59 41 174 0 3.25 49.32 
15210 3221 39 74 59 41 174 8 3.26 49.25 
15384 3221 39 74 59 41 174 0 3.25 49.32 
15558 3277 39 73 59 41 174 0 3.25 50.08 
15732 3277 39 73 59 41 173 0 3.25 50.10 
15906 3277 39 73 59 41 173 0 3.26 49.25 
16080 3277 39 73 59 41 174 0 3.25 50.10 
16254 3277 39 73 59 41 174 0 3.26 50.10 
16428 3277 39 73 59 41 174 6 3.26 50.12 
16602 3277 39 73 59 41 174 0 3.25 50.10 
16776 3277 39 73 59 41 174 6 3.25 50.12 
16950 3277 39 73 59 41 174 0 3.26 50.10 
17124 3277 39 73 59 41 174 0 3.26 50.12 
17298 3277 39 73 59 41 174 0 3.25 49.28 
17472 3277 39 73 59 41 174 0 3.26 16.12 
17644 3221 39 74 59 41 174 8 3.25 50.78 
17818 3238 50 75 66 40 176 0 3.25 4.52 
17990 3129 63 91 80 46 182 0 3.25 46.78 
18164 3135 66 95 84 48 228 0 3.25 40.39 
18338 4061 63 97 91 66 254 0 3.25 36.07 
18511 3697 36 86 66 54 205 5 3.26 42.42 
18685 4042 32 77 60 51 187 0 3.25 69.73 
18860 7474 41 55 65 59 179 6 3.25 3.25 
19032 7059 41 56 65 58 179 0 3.25 3.25 
19204 2728 36 91 63 46 198 0 3.25 4.52 
19376 2714 33 82 57 41 178 8 3.26 18.95 
19548 3509 81 102 100 59 263 0 3.25 18.00 
19720 3599 93 106 110 63 281 0 3.25 3.25 
19892 7524 33 67 64 62 192 3 3.26 4.52 
20064 9031 35 75 72 73 219 0 3.25 4.52 
20236 9763 28 63 60 62 184 0 3.25 3.25 
20408 14671 27 68 65 72 205 0 3.26 3.25 
20580 14528 28 69 66 73 207 0 3.25 24.12 
20753 11459 27 64 61 65 190 0 3.25 3.25 
20925 12795 30 73 69 75 217 2 3.25 3.25 
21097 5658 31 61 56 50 166 0 3.25 3.25 
21269 6228 35 69 64 59 191 0 3.25 3.25 
21441 6569 35 70 65 61 194 0 3.25 3.25 
21613 6569 35 70 65 61 195 0 3.25 3.25 
21785 6569 35 70 65 61 195 0 3.25 3.25 
21957 6459 34 71 65 61 195 0 3.25 3.25 
22129 6459 34 71 65 61 195 0 3.26 3.25 
22301 6428 34 70 64 60 193 0 3.26 3.25 
22473 6105 32 61 57 52 169 0 3.26 15.79 
22645 11301 29 67 64 68 199 0 3.25 43.40 
22819 10445 30 67 64 67 198 1 3.26 49.78 
22993 3649 122 137 144 83 366 7 3.25 25.28 
23166 3555 89 109 109 64 285 0 3.25 26.71 
23339 2904 33 78 56 41 172 3 3.25 3.25 
23511 2804 32 78 55 40 171 5 3.25 37.21 
23685 2452 32 94 61 45 197 0 3.25 36.33 
23858 2215 31 101 62 46 205 8 3.25 49.27 
24032 2181 32 103 63 46 208 0 3.26 16.12 
24204 2242 34 108 67 49 221 0 3.25 3.25 
24376 2939 34 78 57 41 174 11 3.25 3.25 
24548 2545 34 93 62 45 197 0 3.26 49.10 
24722 2859 31 72 52 37 159 0 3.25 55.01 
24897 2976 28 64 47 34 144 0 3.25 49.08 
25071 2862 30 73 52 38 163 0 3.25 4.52 
25243 2302 32 99 62 46 204 9 3.26 50.10 
25417 2416 27 77 50 36 160 0 3.26 46.78 
25591 2558 20 52 35 25 112 4 3.25 4.52 
25763 2519 23 69 45 34 147 0 3.25 43.42 
25937 2467 31 91 59 44 193 0 3.25 43.42 
26111 2427 36 107 69 51 224 0 3.26 16.12 
26283 2459 37 108 70 52 227 0 3.26 3.25 
26455 2385 36 108 69 51 225 0 3.25 43.01 
26629 2417 35 108 69 52 226 0 3.25 19.91 
26802 2385 36 108 69 51 226 0 3.25 43.42 
26976 2385 36 108 69 51 226 8 3.25 16.12 
27148 2385 36 108 69 51 226 0 3.26 16.12 
27320 2385 36 108 69 51 226 0 3.26 16.12 
27492 2385 36 108 69 51 225 9 3.26 16.12 
27664 2385 36 108 69 51 225 0 3.25 16.12 
27836 2385 36 108 69 51 225 0 3.26 16.12 
28008 2385 36 108 69 51 225 10 3.25 16.12 
28180 2385 36 108 69 51 225 0 3.25 16.12 
28352 2385 36 108 69 51 225 0 3.26 16.12 
28524 2385 36 108 69 51 225 8 3.26 16.12 
28696 2385 36 108 69 51 225 0 3.26 16.12 
28868 2385 36 108 69 51 225 0 3.26 43.42 
29042 2385 36 108 69 51 225 8 3.26 48.76 
29216 2385 36 108 69 51 225 0 3.25 15.79 
29388 2356 37 108 69 50 225 0 3.26 15.79 
29560 2356 37 108 69 50 225 3 3.26 15.79 
29732 2356 37 108 69 50 225 0 3.25 15.79 
29904 2356 37 108 69 50 225 0 3.25 15.81 
30076 2356 37 108 69 50 225 7 3.25 15.81 
30248 2356 37 108 69 50 225 0 3.25 16.12 
30420 2385 36 108 69 51 225 0 3.25 18.97 
30592 2385 36 108 69 51 225 9 3.25 50.44 
30766 2385 36 108 69 51 226 0 3.25 62.19 
30941 2385 36 108 69 51 226 3 3.26 47.55 
31115 2395 35 105 67 50 219 0 3.25 53.14 
31289 2215 31 101 62 46 205 0 3.25 48.93 
31463 2334 36 111 70 52 230 0 3.26 55.91 
31638 2736 34 85 59 43 184 0 3.26 55.76 
31813 2484 47 133 87 64 281 0 3.26 4.54 
31985 2339 38 119 75 56 246 0 3.25 4.52 
32157 2370 40 121 77 57 249 0 3.25 16.42 
32329 2507 35 99 65 48 209 0 3.25 4.52 
32501 3558 98 116 118 68 306 0 3.26 3.25 
32673 3559 138 148 158 86 397 0 3.25 3.25 
32845 3568 170 177 192 103 478 0 3.25 39.95 
33019 3555 161 174 185 101 464 2 3.25 3.25 
33191 3605 104 116 122 69 313 2 3.25 28.97 
33364 3629 80 93 96 56 251 0 3.25 18.65 
33536 3657 84 97 101 59 264 0 3.26 33.61 
33709 3549 66 85 83 50 223 9 3.25 3.25 
33881 3594 129 142 150 84 381 0 3.26 3.25 
34053 3556 173 186 198 108 497 0 3.25 26.71 
34226 4274 71 102 100 73 276 10 3.25 25.84 
34399 4987 70 106 106 85 296 0 3.25 25.84 
34572 5022 69 106 105 85 295 0 3.26 25.86 
34745 4922 69 106 105 84 294 0 3.26 4.52 
34917 4922 69 106 105 84 294 0 3.25 18.33 
35089 4922 69 106 105 84 293 0 3.25 4.52 
35261 4961 67 103 102 82 284 5 3.25 4.52 
35433 4034 67 91 90 62 243 0 3.25 3.25 
35605 3570 142 154 164 90 412 0 3.26 46.38 
35779 3563 136 146 156 85 392 0 3.25 35.39 
35952 2306 33 100 63 46 206 0 3.26 31.28 
36125 2080 33 116 69 51 233 7 3.25 55.64 
36300 3613 121 131 140 78 354 0 3.26 3.25 
36472 3556 159 169 181 98 453 0 3.26 4.52 
36644 2800 52 110 81 54 244 8 3.25 3.25 
36816 2312 31 97 61 45 199 0 3.25 3.25 
36988 10967 70 88 117 117 323 0 3.26 3.25 
37160 10932 69 87 115 115 319 11 3.26 44.20 
37334 3460 21 114 70 71 253 0 3.25 46.97 
37508 2854 18 128 74 77 275 0 3.25 43.60 
37682 2854 18 128 74 77 276 0 3.25 3.25 
37854 2810 17 126 72 76 271 0 3.25 3.25 
38026 2771 18 127 73 76 272 8 3.25 41.33 
38200 2771 18 127 73 76 273 0 3.26 4.52 
38372 2762 19 120 70 71 258 0 3.26 3.25 
38544 3240 27 102 67 61 229 10 3.25 3.25 
38716 4033 115 165 159 112 439 0 3.25 4.52 
38888 4020 136 195 188 132 517 0 3.26 3.25 
39060 4022 134 192 185 130 509 9 3.25 3.25 
39232 4022 134 192 185 130 510 0 3.25 3.25 
39404 4022 134 192 185 130 510 0 3.25 3.25 
39576 4022 134 192 185 130 510 4 3.25 3.25 
39748 4022 134 192 185 130 510 0 3.25 3.25 
39920 4022 134 192 185 130 510 0 3.25 3.25 
40092 4022 134 192 185 130 510 0 3.25 3.25 
40264 4022 134 192 185 130 511 0 3.25 3.25 
40436 4002 134 193 185 130 511 0 3.25 3.25 
40608 4002 134 193 185 130 511 0 3.25 3.25 
40780 4002 134 193 185 130 511 1 3.25 55.76 
40955 4002 134 193 185 130 511 0 3.26 4.52 
41127 4002 134 193 185 130 511 9 3.25 69.65 
41302 4002 134 193 185 130 511 0 3.25 4.52 
41474 4002 134 193 185 130 511 0 3.25 4.52 
41646 4002 134 193 185 130 511 5 3.25 4.54 
41818 4002 134 193 185 130 511 0 3.26 3.25 
41990 4002 134 193 185 130 512 0 3.26 3.25 
42162 4002 134 193 185 130 512 9 3.25 3.25 
42334 3999 135 193 186 130 512 0 3.25 3.25 
42506 3999 135 193 186 130 512 0 3.25 3.25 
42678 3999 135 193 186 130 512 10 3.26 3.25 
42850 3999 135 193 186 130 512 0 3.25 3.25 
43022 3999 135 193 186 130 512 0 3.25 3.25 
43194 3999 135 193 186 130 512 3 3.25 3.25 
43366 3999 135 193 186 130 512 0 3.26 4.52 
43538 3999 135 193 186 130 512 0 3.26 37.43 
43712 3999 135 193 186 130 512 8 3.25 3.25 
43884 3999 135 193 186 130 512 0 3.25 3.25 
44056 3999 135 193 186 130 512 0 3.26 4.54 
44228 3999 135 193 186 130 512 6 3.26 4.52 
44400 3999 135 193 186 130 512 0 3.25 3.25 
44572 3999 135 193 186 130 512 0 3.25 4.52 
44744 3999 135 193 186 130 512 0 3.25 3.25 
44916 3999 135 193 186 130 512 0 3.25 4.52 
45088 3999 135 193 186 130 512 0 3.26 3.25 
45260 3999 135 193 186 130 512 0 3.25 4.52 
45432 3999 135 193 186 130 512 0 3.25 37.89 
45606 3999 135 193 186 130 512 0 3.26 3.25 
45778 4028 122 174 168 118 463 0 3.25 3.25 
45950 3368 26 111 71 68 248 0 3.26 44.39 
46124 2854 18 128 74 77 275 0 3.25 3.25 
46296 2860 17 129 74 78 277 9 3.25 42.42 
46470 2860 17 129 74 78 277 0 3.26 4.52 
46642 2860 17 129 74 78 278 0 3.25 47.75 
46816 2936 19 129 75 78 278 0 3.25 3.25 
46988 2860 17 129 74 78 277 0 3.26 3.25 
47160 2860 17 129 74 78 277 0 3.25 3.25 
47332 2736 18 129 74 77 277 5 3.25 3.25 
47504 2806 19 124 72 74 267 0 3.25 3.25 
47676 2806 19 124 72 74 267 0 3.26 9.74 
47848 4764 27 92 66 64 221 7 3.25 47.38 
48022 7910 53 75 87 81 244 0 3.26 4.52 
48194 6415 40 80 74 69 223 0 3.26 3.25 
48366 2892 18 126 73 76 271 4 3.26 3.25 
48538 2892 18 126 73 76 272 0 3.26 3.25 
48710 2892 18 126 73 76 272 0 3.26 3.25 
48882 2892 18 126 73 76 272 8 3.25 3.25 
49054 2901 17 127 73 77 273 0 3.25 3.25 
49226 2771 18 127 73 76 273 0 3.25 3.25 
49398 3618 23 105 67 66 236 11 3.25 3.25 
49570 5445 32 75 63 58 196 0 3.26 3.25 
49742 5552 32 74 63 58 196 0 3.25 3.25 
49914 5552 32 74 63 58 196 7 3.25 3.25 
50086 5552 32 74 63 58 196 0 3.26 3.25 
50258 5552 32 74 63 58 196 0 3.25 3.25 
50430 5552 32 74 63 58 196 0 3.25 3.25 
50602 5552 32 74 63 58 196 0 3.25 3.25 
50774 5552 32 74 63 58 196 0 3.25 49.61 
50948 5552 32 74 63 58 196 8 3.26 3.25 
51120 5552 32 74 63 58 196 0 3.25 52.63 
51294 5552 32 74 63 58 196 0 3.26 49.08 
51468 5552 32 74 63 58 196 0 3.26 46.38 
51642 5552 32 74 63 58 196 0 3.25 16.12 
51814 5552 32 74 63 58 196 6 3.25 16.12 
51986 5552 32 74 63 58 196 0 3.25 16.12 
52158 5552 32 74 63 58 196 0 3.25 46.58 
52332 5552 32 74 63 58 196 8 3.25 16.12 
52504 5552 32 74 63 58 196 0 3.26 16.12 
52676 5552 32 74 63 58 196 0 3.25 48.91 
52850 5552 32 74 63 58 196 5 3.25 16.12 
53022 5552 32 74 63 58 196 0 3.25 4.52 
53194 6811 43 74 75 69 219 0 3.25 4.52 
53366 10635 70 87 116 115 321 9 3.26 16.12 
53538 11022 64 79 106 106 292 0 3.25 42.02 
53712 11928 66 82 112 114 310 0 3.25 44.01 
53886 8431 51 68 83 78 229 0 3.26 3.25 
54058 10921 57 72 95 95 263 0 3.26 3.25 
54230 8855 51 67 83 79 230 0 3.25 4.52 
54402 11464 66 82 111 112 306 3 3.25 3.25 
54574 2492 32 94 61 46 198 0 3.26 16.42 
54746 1815 30 129 71 54 250 0 3.25 3.25 
54918 1912 30 118 67 50 230 7 3.25 16.12 
55090 1990 30 110 64 47 218 0 3.25 3.25 
55262 1942 33 124 71 53 243 0 3.25 3.25 
55434 3225 61 103 86 56 247 10 3.25 3.25 
55606 3687 149 166 176 102 443 0 3.25 20.86 
55779 3597 151 164 175 97 435 6 3.25 3.25 
55951 3609 149 163 173 97 432 10 3.25 3.25 
56123 3609 149 163 173 97 432 0 3.25 16.12 
56295 3626 149 162 173 97 431 0 3.25 4.52 
56467 3626 149 162 173 97 431 9 3.25 3.25 
56639 3605 146 160 170 95 426 7 3.26 3.25 
56811 3459 82 118 108 68 297 0 3.25 4.52 
56983 1821 30 125 69 52 241 3 3.26 3.25 
57155 1985 31 112 65 48 221 0 3.25 3.25 
57327 9380 63 86 105 102 294 0 3.25 42.01 
57501 7365 43 78 78 74 231 6 3.25 42.23 
57675 3353 23 106 67 65 236 0 3.25 3.25 
57847 4004 97 141 135 95 371 0 3.25 3.25 
58019 4181 70 98 97 69 265 20 3.26 4.54 
58191 4118 72 104 101 72 278 0 3.25 3.25 
58363 4060 114 164 158 112 437 0 3.25 3.25 
58535 3337 90 129 117 71 318 9 3.25 3.25 
58707 2844 74 108 91 47 247 0 3.25 4.52 
58879 2851 85 119 102 51 275 5 3.25 4.52 
59051 2973 76 108 94 50 253 6 3.26 3.25 
59223 3233 49 78 67 42 187 0 3.26 57.17 
59398 2870 34 87 61 46 185 0 3.26 57.31 
59573 6742 56 56 77 64 196 0 3.26 4.52 
59745 7396 64 58 87 74 219 0 3.26 60.64 
