=~=~=~=~=~=~=~=~=~=~=~= PuTTY log 2025.11.28 18:43:15 =~=~=~=~=~=~=~=~=~=~=~=
ets Jul 29 2019 12:21:46

rst:0x1 (POWERON_RESET),boot:0x13 (SPI_FAST_FLASH_BOOT)
configsip: 0, SPIWP:0xee
clk_drv:0x00,q_drv:0x00,d_drv:0x00,cs0_drv:0x00,hd_drv:0x00,wp_drv:0x00
mode:DIO, clock div:1
load:0x3fff0030,len:4980
load:0x40078000,len:16612
load:0x40080400,len:3480
entry 0x400805b4
Found sensor
Milis - ColorTemp - Lux - R - G - B - C - Pot - UsensA - UsensB

399 3129 38 74 58 40 171 3 61.18 35.85 
576 3129 38 74 58 40 171 0 61.59 35.39 
753 3129 38 74 58 40 171 0 61.17 35.38 
930 3129 38 74 58 40 171 0 61.17 35.39 
1107 3129 38 74 58 40 171 14 61.17 35.39 
1284 3129 38 74 58 40 171 0 61.57 35.84 
1461 3129 38 74 58 40 171 0 61.17 35.38 
1638 3129 38 74 58 40 171 0 61.56 35.84 
1815 3129 38 74 58 40 171 0 61.17 35.38 
1992 3129 38 74 58 40 171 5 61.17 35.41 
2169 3129 38 74 58 40 171 0 61.17 35.39 
2346 3129 38 74 58 40 171 0 61.59 35.39 
2523 3129 38 74 58 40 171 13 61.17 35.39 
2700 3129 38 74 58 40 171 0 61.17 35.38 
2877 3129 38 74 58 40 171 0 61.57 35.39 
3054 3129 38 74 58 40 171 0 61.17 35.39 
3231 3129 38 74 58 40 171 0 61.15 35.39 
3408 3129 38 74 58 40 171 7 61.15 35.39 
3585 3129 38 74 58 40 171 0 61.57 35.41 
3762 3129 38 74 58 40 171 0 61.17 35.39 
3939 3129 38 74 58 40 171 27 61.17 38.81 
4116 3129 38 74 58 40 171 0 61.17 35.39 
4293 3129 38 74 58 40 171 0 61.57 35.39 
4470 3129 38 74 58 40 171 0 61.57 35.84 
4647 3129 38 74 58 40 171 0 61.15 35.39 
4824 3129 38 74 58 40 171 5 61.15 35.84 
5001 3129 38 74 58 40 171 0 61.15 35.39 
5178 3129 38 74 58 40 171 0 61.15 35.39 
5355 3129 38 74 58 40 171 3 61.17 35.39 
5532 3129 38 74 58 40 171 0 61.18 35.38 
5709 3129 38 74 58 40 171 0 61.17 35.39 
5886 3129 38 74 58 40 171 0 61.17 35.39 
6063 3129 38 74 58 40 171 0 61.17 35.39 
6240 3129 38 74 58 40 171 0 61.17 35.85 
6417 3129 38 74 58 40 171 0 61.17 35.39 
6594 3129 38 74 58 40 171 0 61.15 35.39 
6771 3129 38 74 58 40 171 3 61.56 35.41 
6948 3129 38 74 58 40 171 0 61.15 35.39 
7125 3129 38 74 58 40 171 0 61.56 35.39 
7302 3129 38 74 58 40 171 0 61.17 35.39 
7479 3129 38 74 58 40 171 0 61.17 35.38 
7656 3129 38 74 58 40 171 0 61.17 35.39 
7833 3129 38 74 58 40 171 0 61.17 35.39 
8010 3129 38 74 58 40 171 0 61.17 35.38 
8187 3129 38 74 58 40 171 0 61.17 35.39 
8364 3129 38 74 58 40 171 0 61.18 35.41 
8541 3129 38 74 58 40 171 0 61.17 38.37 
8718 3129 38 74 58 40 171 1 61.17 35.39 
8895 3129 38 74 58 40 171 0 61.57 35.39 
9072 3129 38 74 58 40 171 0 61.57 35.39 
9249 3129 38 74 58 40 171 0 61.17 35.39 
9426 3129 38 74 58 40 171 0 61.15 35.41 
9603 3129 38 74 58 40 171 0 61.17 35.39 
9780 3161 36 73 57 40 170 0 61.18 35.39 
9957 3161 36 73 57 40 170 0 61.71 35.85 
10134 3161 36 73 57 40 170 2 61.28 36.29 
10311 3161 36 73 57 40 170 0 61.28 37.91 
10488 3161 36 73 57 40 171 0 61.30 35.84 
10665 3161 36 73 57 40 170 0 61.30 38.33 
10842 3185 38 73 58 40 171 0 61.57 35.85 
11019 3129 38 74 58 40 171 5 61.59 35.84 
11196 3129 38 74 58 40 171 0 61.71 37.91 
11373 3129 38 74 58 40 171 0 61.71 37.89 
11550 3129 38 74 58 40 171 0 61.57 36.75 
11727 3129 38 74 58 40 171 0 61.71 38.35 
11904 3129 38 74 58 40 171 0 61.57 35.85 
12081 3129 38 74 58 40 171 0 61.57 35.39 
12258 3185 38 73 58 40 171 0 61.57 35.87 
12435 3185 38 73 58 40 171 0 61.71 37.91 
12612 3185 38 73 58 40 171 0 61.57 35.41 
12789 3185 38 73 58 40 171 0 61.59 35.39 
12966 3129 38 74 58 40 171 0 61.57 36.29 
13143 3185 38 73 58 40 171 0 61.57 35.85 
13320 3185 38 73 58 40 171 0 61.57 35.85 
13497 3185 38 73 58 40 171 1 61.57 36.29 
13674 3129 38 74 58 40 171 0 61.59 35.85 
13851 3129 38 74 58 40 171 0 61.17 35.85 
14028 3129 38 74 58 40 171 0 61.17 35.39 
14205 3161 36 73 57 40 170 0 61.18 35.39 
14382 3129 38 74 58 40 171 0 61.15 35.39 
14559 3129 38 74 58 40 171 2 61.18 35.85 
14736 3129 38 74 58 40 171 0 61.57 35.85 
14913 3129 38 74 58 40 171 2 61.56 35.39 
15090 3129 38 74 58 40 171 0 61.15 35.39 
15267 3129 38 74 58 40 171 0 61.15 35.39 
15444 3129 38 74 58 40 171 0 61.57 35.41 
15621 3129 38 74 58 40 171 0 61.15 35.41 
15798 3129 38 74 58 40 171 0 61.57 35.85 
15975 3129 38 74 58 40 171 0 61.17 35.41 
16152 3129 38 74 58 40 171 0 61.17 35.39 
16329 3129 38 74 58 40 171 0 61.57 35.39 
16506 3129 38 74 58 40 171 0 61.57 35.39 
16683 3129 38 74 58 40 171 0 61.17 35.39 
16860 3129 38 74 58 40 171 0 61.17 35.39 
17037 3129 38 74 58 40 171 0 61.15 35.39 
17214 3129 38 74 58 40 171 0 61.15 35.39 
17391 3129 38 74 58 40 171 0 61.17 35.39 
17568 3129 38 74 58 40 171 0 61.15 35.39 
17745 3129 38 74 58 40 171 0 61.57 35.39 
17922 3129 38 74 58 40 171 0 61.17 35.39 
18099 3129 38 74 58 40 171 2 61.17 35.39 
18276 3129 38 74 58 40 171 0 61.15 35.84 
18453 3129 38 74 58 40 171 0 61.17 35.39 
18630 3129 38 74 58 40 171 0 61.57 35.41 
18807 3129 38 74 58 40 171 0 61.56 35.41 
18984 3129 38 74 58 40 171 0 61.57 35.85 
19161 3129 38 74 58 40 171 0 61.57 35.39 
19338 3129 38 74 58 40 171 0 61.57 35.39 
19515 3129 38 74 58 40 171 0 61.17 35.85 
19692 3129 38 74 58 40 171 2 61.57 35.39 
19869 3129 38 74 58 40 171 0 61.18 35.38 
20046 3129 38 74 58 40 171 0 61.57 35.41 
20223 3129 38 74 58 40 171 0 61.17 35.38 
20400 3129 38 74 58 40 171 0 61.57 35.84 
20577 3129 38 74 58 40 171 0 61.17 35.39 
20754 3129 38 74 58 40 171 0 61.17 35.39 
20931 3129 38 74 58 40 171 0 61.15 35.39 
21108 3129 38 74 58 40 171 1 61.17 35.39 
21285 3129 38 74 58 40 171 0 61.57 35.39 
21462 3129 38 74 58 40 171 0 61.59 35.39 
21639 3129 38 74 58 40 171 2 61.15 35.39 
21816 3129 38 74 58 40 171 0 61.17 35.39 
21993 3129 38 74 58 40 171 0 61.17 35.87 
22170 3129 38 74 58 40 171 0 61.17 35.39 
22347 3129 38 74 58 40 171 0 61.57 35.38 
22524 3129 38 74 58 40 171 1 61.57 35.39 
22701 3129 38 74 58 40 171 0 61.15 35.39 
22878 3129 38 74 58 40 171 0 61.15 35.39 
23055 3129 38 74 58 40 171 0 61.15 35.41 
23232 3129 38 74 58 40 171 0 61.17 35.39 
23409 3129 38 74 58 40 171 0 61.17 35.38 
23586 3129 38 74 58 40 171 0 61.17 35.39 
23763 3129 38 74 58 40 171 0 61.17 35.39 
23940 3129 38 74 58 40 171 1 61.17 35.41 
24117 3129 38 74 58 40 171 0 61.57 35.84 
24294 3129 38 74 58 40 171 0 61.17 35.41 
24471 3129 38 74 58 40 171 0 61.15 35.39 
24648 3185 38 73 58 40 171 0 61.18 38.35 
24825 3129 38 74 58 40 171 7 61.17 35.39 
25002 3129 38 74 58 40 171 0 61.18 35.39 
25179 3161 36 73 57 40 170 2 61.15 35.38 
25356 3149 38 72 57 39 168 9 61.17 35.39 
25533 3093 37 73 57 39 169 0 61.17 35.39 
25710 3161 36 73 57 40 170 0 61.15 35.39 
25887 3161 36 73 57 40 170 0 61.17 35.39 
26064 3161 36 73 57 40 170 0 61.15 35.85 
26241 3161 36 73 57 40 170 0 61.28 38.79 
26418 3093 37 73 57 39 169 0 61.30 38.83 
26595 3093 37 73 57 39 169 0 61.30 38.35 
26772 3149 38 72 57 39 168 0 61.73 39.27 
26949 3093 37 73 57 39 169 0 61.30 37.89 
27126 3093 37 73 57 39 169 0 61.15 38.35 
27303 3161 36 73 57 40 170 0 57.24 44.01 
27480 3510 37 67 56 40 164 0 17.73 18.97 
27653 6584 51 55 72 60 188 0 45.07 16.12 
27828 3276 35 72 56 41 168 0 5.81 38.13 
28002 3415 53 79 71 45 196 0 37.04 34.10 
28177 4036 49 77 71 52 202 0 34.68 4.86 
28350 3907 29 74 56 48 178 0 47.84 2.92 
28524 4438 31 62 53 44 159 0 64.77 4.52 
28699 6314 38 52 58 50 162 0 58.79 46.17 
28876 5642 36 55 57 48 160 0 3.25 52.46 
29050 3485 36 72 58 43 173 0 4.22 30.00 
29223 2693 35 90 62 45 196 0 3.57 23.83 
29396 3537 74 94 92 55 244 0 36.13 39.49 
29572 3647 114 132 137 80 353 0 22.73 21.49 
29746 3696 79 97 98 60 258 0 46.85 33.08 
29922 3639 107 121 127 73 324 0 48.82 42.60 
30099 3519 70 91 88 53 233 5 46.85 48.37 
30276 2808 33 83 58 43 183 0 16.76 46.38 
30451 2808 33 83 58 43 183 0 16.13 16.75 
30624 3565 46 67 62 40 171 0 13.14 15.49 
30797 3624 97 110 115 66 295 0 8.07 15.79 
30970 3613 78 95 96 57 250 0 7.11 16.10 
31143 2569 37 102 68 50 219 0 10.76 16.12 
31316 2172 28 96 58 44 196 0 13.12 13.12 
31489 1903 27 106 60 45 206 1 16.46 31.28 
31663 1953 28 106 61 45 208 0 9.42 9.74 
31835 2005 30 110 64 48 220 0 7.11 24.99 
32008 2109 31 109 65 49 220 0 5.49 16.75 
32180 2150 33 111 67 50 226 0 4.22 16.12 
32352 1734 28 129 69 53 247 0 13.80 4.20 
32524 1811 28 120 66 50 233 0 15.83 2.92 
32696 1871 27 107 60 45 210 0 10.78 16.42 
32869 3089 45 96 73 52 221 0 4.54 19.60 
33042 3618 78 112 104 68 289 0 3.57 7.74 
33214 3602 159 180 188 107 482 0 14.48 14.81 
33387 3597 135 158 162 94 418 0 16.46 19.28 
33560 5888 44 83 78 70 232 0 15.83 15.79 
33733 3592 142 162 168 96 431 0 21.84 19.28 
33907 3439 104 144 134 82 363 0 32.37 25.57 
34082 2234 27 109 65 54 213 0 34.94 36.97 
34257 12414 62 78 106 109 295 0 35.44 36.07 
34432 12379 62 79 107 110 297 0 45.07 35.39 
34608 10823 59 77 100 100 278 0 55.98 51.61 
34785 4492 36 65 58 47 171 0 49.50 51.46 
34962 9863 57 75 95 93 263 0 41.14 49.78 
35139 6913 38 97 82 81 260 0 43.88 44.20 
35315 3874 65 139 112 90 342 0 40.46 40.85 
35491 4073 176 251 243 172 674 0 42.04 42.01 
35667 4069 171 247 238 169 661 0 35.90 38.81 
35843 4093 172 247 239 170 663 0 33.64 37.21 
36018 4052 170 245 236 167 655 0 35.44 42.23 
36194 4068 171 244 236 167 655 0 16.15 36.53 
36368 4039 125 181 174 123 483 0 11.46 11.42 
36541 4046 165 238 229 162 635 0 34.68 8.38 
36715 4014 143 212 201 143 559 0 33.39 8.38 
36889 3938 113 166 157 110 433 0 33.39 8.38 
37063 3965 107 159 150 106 415 0 11.10 8.06 
37235 3965 107 159 150 106 415 0 4.86 18.02 
37407 3681 100 147 136 91 375 0 27.03 3.25 
37580 2579 147 211 171 74 462 0 24.45 3.57 
37753 2593 162 232 189 82 509 0 23.58 4.20 
37926 2196 38 142 85 68 293 0 53.38 5.49 
38101 3852 49 118 91 76 283 0 49.33 6.77 
38275 7034 130 126 178 150 458 0 47.84 49.11 
38452 6274 88 97 123 101 322 0 50.00 16.75 
38627 2213 36 98 62 41 201 0 48.82 22.41 
38802 2002 38 114 68 44 224 0 47.06 47.79 
38979 2053 37 109 66 43 217 0 44.28 46.19 
39155 2385 38 97 64 43 204 0 37.50 39.27 
39331 2455 38 97 65 44 204 0 31.08 35.39 
39506 2004 37 118 70 47 233 0 25.31 26.13 
39680 2886 58 124 92 63 278 0 28.19 26.15 
39854 3428 42 66 58 38 163 2 67.42 57.73 
40033 3791 70 72 81 46 201 0 65.36 70.19 
40212 3791 73 72 83 46 203 0 64.79 45.80 
40390 3808 67 70 78 45 195 0 30.04 54.99 
40566 3132 37 69 55 37 161 0 56.00 22.98 
40742 2965 37 77 58 40 174 0 54.25 18.33 
40917 5260 55 70 78 61 209 0 47.06 16.12 
41092 5158 43 61 64 51 176 0 43.10 43.21 
41268 3498 33 62 51 37 149 0 35.68 5.49 
41442 3460 37 71 58 42 175 0 31.33 8.38 
41615 3839 30 59 49 38 145 0 29.78 14.47 
41789 3790 29 58 48 37 143 2 17.08 17.07 
41962 3907 29 52 45 34 131 0 23.87 30.77 
42136 4225 30 47 44 33 124 0 28.76 29.22 
42311 4779 33 47 48 37 132 0 29.26 30.51 
42486 4779 33 47 48 37 132 0 28.19 28.97 
42661 4839 31 47 47 37 132 0 29.80 30.50 
42836 4319 30 46 44 33 123 0 30.57 30.77 
43011 3989 28 48 43 32 124 0 31.06 29.99 
43186 3947 29 50 44 33 127 0 31.08 29.73 
43361 4181 30 49 45 34 128 0 30.31 29.22 
43536 3997 29 51 45 34 130 0 28.19 29.48 
43711 4820 33 48 49 38 135 0 28.48 29.48 
43886 5198 34 49 51 41 140 0 29.00 29.75 
44061 5159 34 48 50 40 138 0 33.90 35.14 
44236 4114 29 53 46 36 135 0 37.72 37.43 
44412 3790 31 58 49 37 144 0 39.54 36.75 
44588 3865 38 60 55 39 154 0 37.72 36.07 
44763 3902 39 61 56 40 158 0 32.88 61.63 
44940 3826 31 56 48 36 140 0 25.60 24.99 
45114 5285 34 56 55 46 156 0 19.62 19.28 
45287 3609 35 70 57 43 169 0 20.26 21.49 
45461 3216 31 66 51 37 153 0 30.82 24.70 
45635 3171 34 72 55 40 166 0 20.26 21.50 
45809 3001 40 93 68 50 210 0 16.15 18.65 
45982 3197 35 72 56 40 168 0 15.83 17.37 
46155 3684 51 68 66 42 177 2 15.50 17.70 
46328 3704 51 66 65 41 173 0 15.16 19.60 
46501 3660 52 67 66 41 176 0 14.14 15.79 
46674 3660 52 67 66 41 176 0 9.42 13.79 
46847 3860 45 63 61 41 165 0 10.10 14.13 
47020 6496 30 58 55 51 164 0 12.46 13.79 
47193 6462 30 57 54 50 162 0 15.50 14.13 
47366 6886 29 58 55 52 165 0 17.41 13.79 
47539 6529 31 59 56 52 167 16 14.48 12.44 
47712 6915 30 59 56 53 167 0 14.48 13.11 
47885 6496 30 58 55 51 164 0 13.12 14.47 
48058 6462 30 57 54 50 160 2 15.50 8.74 
48231 6427 29 56 53 49 159 0 7.11 8.06 
48403 4645 29 51 47 38 136 0 9.76 10.08 
48575 3730 30 54 46 34 134 0 10.10 10.42 
48747 3805 28 50 43 32 124 0 9.76 10.42 
48919 3647 29 55 46 34 134 0 9.76 10.42 
49091 3778 29 55 46 35 136 4 10.10 10.42 
49263 3778 29 55 46 35 136 0 8.74 9.40 
49435 3778 29 55 46 35 136 0 7.43 7.41 
49607 3695 30 56 47 35 137 3 11.10 6.77 
49779 3700 31 56 48 35 140 0 11.10 6.77 
49951 3667 32 58 49 36 143 0 11.10 6.78 
50123 3667 32 58 49 36 142 0 12.12 5.49 
50295 3667 32 58 49 36 142 0 11.80 6.77 
50467 3695 30 56 47 35 138 0 17.71 9.42 
50640 3938 30 50 45 33 128 0 12.46 11.08 
50813 4496 28 48 44 35 127 0 15.83 13.79 
50986 5506 27 50 47 41 139 0 16.13 11.44 
51159 6792 28 55 52 49 156 18 10.76 13.79 
51332 6855 29 57 54 51 161 0 10.10 10.08 
51504 6259 28 56 52 48 157 0 9.42 9.40 
51676 5683 30 54 51 45 150 4 8.38 5.80 
51848 4747 30 50 47 38 136 0 5.18 7.41 
52020 3779 32 55 48 35 138 0 6.78 7.41 
52192 3667 32 58 49 36 142 2 7.11 6.77 
52364 3730 30 54 46 34 133 0 7.11 6.77 
52536 3682 29 53 45 33 132 0 7.11 6.77 
52708 3647 29 55 46 34 135 0 7.11 6.78 
52880 3647 29 55 46 34 135 0 7.11 6.78 
53052 3647 29 55 46 34 135 0 7.11 7.74 
53224 3647 29 55 46 34 135 0 7.11 6.77 
53396 3632 29 52 44 32 128 0 10.44 10.08 
53568 3717 29 51 44 32 127 0 13.14 13.45 
53741 3845 28 48 42 31 121 0 13.48 13.79 
53914 6139 27 53 49 45 147 0 14.48 13.79 
54087 6824 28 56 53 50 159 0 9.42 10.42 
54259 6259 28 56 52 48 155 0 10.10 10.74 
54431 4763 28 49 45 37 131 0 10.10 9.40 
54603 4132 29 48 44 33 125 0 9.42 6.78 
54775 4132 29 48 44 33 125 0 10.44 6.14 
54947 3815 30 53 46 34 132 0 10.42 6.12 
55119 3743 30 57 48 36 141 0 6.46 5.81 
55291 3661 30 58 48 36 141 0 11.10 4.52 
55463 3590 31 59 49 36 144 1 5.17 6.44 
55635 3590 31 59 49 36 144 0 6.78 7.11 
55807 3661 30 58 48 36 141 0 7.75 9.08 
55979 3815 30 53 46 34 134 4 10.42 11.08 
56151 5223 28 50 47 40 138 0 12.44 14.13 
56324 5552 28 51 48 42 141 0 15.16 18.02 
56497 4924 28 49 46 38 132 1 15.16 18.02 
56670 3650 40 54 52 33 139 0 15.50 16.12 
56843 3685 40 55 53 34 143 0 15.83 12.44 
57016 3919 39 56 54 37 145 0 7.75 8.74 
57188 5476 28 53 49 43 141 0 6.14 7.74 
57360 4911 29 52 48 40 140 0 6.78 7.09 
57532 4763 28 49 45 37 131 0 9.08 7.41 
57704 5107 28 51 47 40 137 0 10.76 9.40 
57876 5269 29 51 48 41 140 0 13.14 10.42 
58049 5269 29 51 48 41 140 0 13.80 12.10 
58222 5383 27 51 47 41 139 0 11.78 13.46 
58395 4825 27 47 44 36 128 0 10.78 13.11 
58568 4225 30 47 44 33 125 0 5.51 7.09 
58740 5640 29 53 50 44 147 0 15.83 5.81 
58912 3767 29 52 45 33 130 0 6.14 6.44 
59084 3733 31 54 47 34 134 0 8.74 8.06 
59256 5058 27 50 46 39 135 0 10.42 9.06 
59428 5552 28 51 48 42 142 0 11.10 9.42 
59600 5552 28 51 48 42 141 0 9.76 10.08 
59772 5430 28 52 48 42 142 0 8.40 9.08 
59944 5597 28 52 49 43 144 0 7.11 5.80 
60116 4957 30 53 49 41 143 4 5.81 7.09 
60288 3622 31 57 48 35 140 0 7.11 7.09 
60460 3856 28 51 44 33 128 0 8.38 6.77 
60632 4082 29 47 43 32 122 4 13.48 9.74 
60805 5058 27 50 46 39 135 0 15.83 14.47 
60978 4747 30 50 47 38 135 0 17.73 15.79 
61151 3685 40 55 53 34 142 0 15.83 16.12 
61324 3720 41 56 54 35 146 0 15.83 16.76 
61497 3722 43 56 55 35 147 0 11.44 11.08 
61669 3816 40 56 54 36 147 0 5.51 6.44 
61841 5315 29 52 49 42 143 0 6.78 7.09 
62013 3754 29 49 43 31 122 0 8.38 8.38 
62185 5058 27 50 46 39 135 0 11.78 10.08 
62357 5269 29 51 48 41 140 0 14.82 12.10 
62530 5269 29 51 48 41 140 0 18.04 15.79 
62703 4008 34 52 49 35 136 0 15.52 13.79 
62876 3720 41 56 54 35 146 0 11.10 10.42 
63048 4003 37 55 52 37 144 0 5.81 4.84 
63220 4851 29 54 49 41 143 0 4.52 5.49 
63392 3622 31 57 48 35 139 0 7.11 12.10 
63564 3817 28 53 45 34 131 0 9.08 13.11 
63736 5107 28 51 47 40 137 0 8.38 15.79 
63909 6391 29 55 52 48 155 0 12.12 12.77 
64082 6427 29 56 53 49 158 0 13.14 14.13 
64255 5315 29 52 49 42 143 0 9.08 9.72 
64427 5403 30 54 51 44 149 0 4.54 6.77 
64599 5247 29 54 50 43 147 6 6.78 8.06 
64771 3767 31 52 46 33 132 0 6.78 9.74 
64943 3668 28 50 43 31 124 0 8.74 12.78 
65115 4062 28 52 45 35 132 0 15.83 16.10 
65288 6616 27 55 51 48 154 0 17.08 18.33 
65461 3803 47 64 62 41 168 0 15.83 18.02 
65634 3648 68 87 86 53 226 0 11.44 14.13 
65807 3652 54 72 70 44 186 0 18.36 10.08 
65980 6427 29 56 53 49 159 0 15.83 15.13 
66153 3674 31 61 50 38 148 1 14.82 12.78 
66326 3609 31 65 52 40 157 0 9.08 9.40 
66498 3499 32 65 52 39 155 0 7.75 9.74 
66670 3627 30 60 49 37 145 0 9.76 10.40 
66842 5830 28 54 50 45 148 0 12.48 12.44 
67015 6824 28 56 53 50 159 0 17.10 17.07 
67188 4971 32 55 52 43 150 0 22.75 24.70 
67362 3539 42 64 58 38 161 0 29.80 30.50 
67537 4015 34 63 54 42 159 1 34.95 36.29 
67712 4884 31 53 50 41 145 0 39.81 19.58 
67887 3726 30 76 57 48 179 1 21.84 15.79 
68060 3826 46 95 77 61 234 0 34.70 37.21 
68235 3739 30 79 59 50 187 2 28.75 30.26 
68410 4578 32 62 54 45 160 0 21.52 22.69 
68584 4901 34 50 51 40 142 0 22.15 22.41 
68758 3368 35 66 54 38 158 0 21.83 23.55 
68932 3333 33 63 51 36 149 0 21.52 21.49 
69106 3165 33 61 49 33 141 0 17.73 20.54 
69279 3283 34 67 53 38 156 0 15.83 19.60 
69452 3410 32 60 49 35 144 4 16.76 18.65 
69625 3665 37 52 49 32 134 0 19.94 16.12 
69798 3736 24 35 33 22 90 0 18.36 18.65 
69971 3681 39 55 52 34 141 0 20.25 21.49 
70145 3553 33 55 48 33 137 0 22.15 22.13 
70319 3241 33 66 52 37 155 17 22.44 22.41 
70493 3241 35 68 54 38 160 0 19.62 19.91 
70666 3182 36 71 56 39 167 0 15.83 15.49 
70839 3324 34 68 54 39 161 8 13.12 12.44 
71012 3695 41 58 55 36 150 0 13.48 16.12 
71185 3808 38 53 51 34 139 0 11.44 13.11 
71358 3771 37 52 50 33 136 0 7.11 8.36 
71530 4090 35 54 51 37 142 0 4.54 5.49 
71702 5683 30 54 51 45 151 2 4.54 5.17 
71874 4005 30 54 47 36 137 0 6.78 8.36 
72046 3695 30 56 47 35 137 0 12.10 14.47 
72219 4062 28 52 45 35 132 16 18.36 16.75 
72392 4794 30 51 48 39 138 0 24.16 22.68 
72566 3618 39 56 52 34 142 0 27.62 29.22 
72740 3241 33 66 52 37 155 0 27.03 25.62 
72914 3344 36 68 55 39 161 0 49.33 19.91 
73089 3383 36 69 56 40 164 0 107.17 57.43 
73270 3511 34 62 52 37 150 0 44.66 46.00 
73446 3618 53 68 67 41 176 0 44.27 44.79 
73622 4186 34 53 50 37 141 0 41.16 44.79 
73798 4794 30 51 48 39 138 0 65.06 63.55 
73977 5640 29 53 50 44 148 0 42.06 42.62 
74153 5476 28 53 49 43 146 2 44.27 46.58 
74330 4367 31 50 47 36 133 0 29.02 49.78 
74506 3731 43 59 57 37 154 0 42.89 43.42 
74682 3660 52 67 66 41 174 0 17.10 15.79 
74855 4628 34 56 53 42 151 0 11.80 8.04 
75027 6844 31 62 58 55 175 0 12.12 10.74 
75199 7222 27 54 51 49 154 0 12.46 13.45 
75372 8212 25 56 52 52 160 0 14.14 16.12 
75545 3955 40 57 55 38 151 0 14.48 16.42 
75718 3743 47 62 61 39 162 0 16.13 18.95 
75891 3656 62 77 77 47 202 0 18.68 22.12 
76065 3611 79 92 95 55 244 0 23.89 26.43 
76239 3077 43 83 65 44 193 0 22.44 29.73 
76413 2519 31 90 59 44 191 0 32.37 32.06 
76588 2994 39 82 62 43 187 0 22.44 21.18 
76762 3647 80 94 97 57 251 0 17.73 19.58 
76935 3614 74 90 91 54 237 0 15.83 17.70 
77108 3716 55 69 69 43 183 0 15.16 15.15 
77281 3644 63 79 79 48 207 0 16.15 12.77 
77454 3697 55 71 70 44 186 2 15.16 12.10 
77627 3663 53 67 67 41 177 0 8.38 9.74 
77799 3994 38 55 53 37 145 0 6.78 9.40 
77971 6391 29 55 52 48 154 0 6.46 8.72 
78143 5957 28 53 50 45 148 0 6.46 8.72 
78315 6180 27 54 50 46 150 0 6.14 9.40 
78487 6180 27 54 50 46 150 2 13.48 12.10 
78660 6354 28 54 51 47 152 0 15.16 12.43 
78833 5552 28 51 48 42 142 0 15.50 8.38 
79006 4794 30 51 48 39 138 0 17.10 9.06 
79179 5830 28 54 50 45 148 1 16.46 7.74 
79352 5786 27 53 49 44 145 0 14.82 9.74 
79525 5430 28 52 48 42 142 0 6.14 7.74 
79697 4756 29 47 45 36 129 0 5.81 8.72 
79869 4875 28 48 45 37 129 0 6.78 9.40 
80041 4903 26 47 43 36 126 0 7.43 13.11 
80213 6236 27 51 48 44 143 0 8.38 66.35 
80389 6759 27 54 51 48 152 0 8.40 11.42 
80561 6759 27 54 51 48 154 0 9.76 61.90 
80736 5640 29 53 50 44 147 0 6.14 106.62 
80914 5315 29 52 49 42 143 0 6.78 76.19 
81090 5521 29 54 50 44 149 0 7.11 10.40 
81262 5064 30 52 49 41 142 0 9.42 16.75 
81435 4700 29 49 46 37 132 0 13.48 64.57 
81611 5284 26 49 45 39 133 0 11.46 15.81 
81784 5506 27 50 47 41 138 0 15.16 13.79 
81957 5552 28 51 48 42 141 0 29.55 15.13 
82131 5334 27 50 46 40 136 0 12.80 16.76 
82304 6316 28 53 50 46 149 3 16.15 15.15 
82477 6824 28 56 53 50 159 0 12.80 15.15 
82650 5058 27 50 46 39 135 0 136.02 127.19 
82837 5552 28 51 48 42 142 0 9.76 56.44 
83012 5552 28 51 48 42 141 0 5.81 67.46 
83187 5683 30 54 51 45 149 0 6.14 61.90 
83362 3925 38 56 53 37 147 0 7.11 62.17 
83537 3698 43 58 56 36 152 0 6.14 65.50 
83712 3646 44 59 57 36 152 0 6.46 61.05 
83887 3685 40 55 53 34 150 0 9.42 82.96 
84064 3916 35 50 48 33 131 0 9.42 56.47 
84239 4602 28 47 44 35 126 0 145.13 112.23 
84425 5175 28 49 46 39 134 0 14.82 13.45 
84598 5552 28 51 48 42 141 0 11.80 13.79 
84771 5506 27 50 47 41 138 3 119.10 15.13 
84950 6824 28 56 53 50 159 0 10.44 13.79 
85123 6824 28 56 53 50 159 0 11.80 13.79 
85296 6824 28 56 53 50 159 0 14.48 13.46 
85469 6616 27 55 51 48 153 0 15.83 13.45 
85642 5690 31 58 54 48 159 0 11.78 15.79 
85815 7277 28 56 53 51 161 0 11.44 15.13 
85988 6686 28 57 53 50 160 3 14.82 14.47 
86161 6652 28 56 52 49 156 0 10.10 16.12 
86334 6824 28 56 53 50 159 0 10.76 16.12 
86507 6686 28 57 53 50 161 0 13.46 14.13 
86680 6792 28 55 52 49 156 0 13.12 14.81 
86853 6354 28 54 51 47 153 0 13.80 14.13 
87026 3919 39 56 54 37 147 0 10.10 10.42 
87198 4628 34 56 53 42 151 0 11.10 12.10 
87371 6855 29 57 54 51 162 2 16.76 16.13 
87544 5152 31 54 51 43 148 0 21.20 24.68 
87718 3607 46 63 60 38 162 0 26.76 9.06 
87891 3171 36 79 60 44 182 0 29.78 40.39 
88066 6779 39 54 61 54 169 0 26.47 23.83 
88240 8659 45 59 73 69 202 0 24.16 21.79 
88414 9061 44 59 73 70 203 0 20.57 16.75 
88587 9241 48 62 78 75 216 2 16.46 14.81 
88760 7408 42 58 67 61 187 0 12.46 12.10 
88933 6244 38 54 59 51 164 0 10.78 8.04 
89105 4294 34 55 51 39 145 2 8.38 7.72 
89277 3148 31 67 51 37 154 0 6.46 3.25 
89449 3089 33 70 53 38 161 0 6.78 3.57 
89621 3570 33 61 51 37 148 2 29.78 5.49 
89794 5068 36 51 53 42 146 0 27.03 8.04 
89967 5156 36 50 53 42 146 0 27.34 28.15 
90141 5236 35 50 52 42 144 0 25.89 15.47 
90315 5198 34 49 51 41 141 0 18.99 22.41 
90489 5198 34 49 51 41 142 3 20.26 28.41 
90663 5159 34 48 50 40 139 0 24.17 26.13 
90837 4378 34 54 51 39 144 0 20.59 25.55 
91011 3324 34 68 54 39 161 0 21.52 25.86 
91185 3201 34 67 53 37 156 0 27.32 28.95 
91359 3349 34 66 53 38 156 0 33.13 35.38 
91534 4980 32 47 48 38 133 0 37.49 38.81 
91710 3967 28 53 45 35 133 0 37.50 38.79 
91886 3885 38 66 58 43 167 0 35.68 35.14 
92061 3974 50 78 72 52 202 0 33.15 31.79 
92236 3867 37 71 60 46 177 0 27.03 27.00 
92410 3763 29 74 56 47 176 0 20.89 19.91 
92584 5925 37 52 57 48 158 0 15.83 18.33 
92757 3197 35 72 56 40 167 0 17.73 24.70 
92931 3660 52 67 66 41 175 0 18.05 15.79 
93104 3605 51 65 64 39 169 3 14.82 15.79 
93277 3706 52 66 66 41 173 0 13.80 15.79 
93450 3676 50 65 64 40 170 0 16.78 14.13 
93623 3921 31 47 44 31 123 0 11.10 12.44 
93796 5018 29 51 48 40 139 0 8.74 6.77 
93968 5830 28 54 50 45 149 0 8.38 5.49 
94140 5640 29 53 50 44 148 0 8.38 4.52 
94312 5640 29 53 50 44 148 0 9.76 15.49 
94485 5683 30 54 51 45 150 0 7.11 8.38 
94657 5724 30 55 52 46 153 0 6.46 7.41 
94829 5872 28 55 51 46 152 0 7.74 10.08 
95001 5640 29 53 50 44 147 0 6.78 5.81 
95173 5058 27 50 46 39 135 0 7.43 5.80 
95345 4712 27 48 44 36 128 0 6.46 5.81 
95517 4253 28 47 43 33 124 0 7.43 5.81 
95689 4039 29 49 44 33 125 0 10.42 6.77 
95861 4039 29 49 44 33 126 0 15.16 15.49 
96034 4496 28 48 44 35 127 0 22.44 18.63 
96208 5742 27 52 48 43 144 0 15.83 16.12 
96381 3955 42 60 58 40 154 0 16.13 14.13 
96554 6427 29 56 53 49 158 4 7.74 5.49 
96726 3956 29 53 46 35 135 0 7.43 6.14 
96898 3695 30 56 47 35 138 0 8.74 6.46 
97070 3622 31 57 48 35 140 3 7.11 10.06 
97242 3708 31 59 49 37 145 0 5.81 5.81 
97414 3862 31 54 47 35 136 0 6.14 5.81 
97586 3695 30 56 47 35 138 0 4.86 7.09 
97758 3700 31 56 48 35 139 0 5.81 7.72 
97930 3815 30 53 46 34 133 0 11.44 15.79 
98103 5506 27 50 47 41 138 0 17.71 18.63 
98276 3846 38 54 52 35 141 0 22.44 22.12 
98450 3454 32 61 50 36 147 0 19.31 19.26 
98623 3241 35 68 54 38 159 0 15.50 16.75 
98796 3655 39 57 53 35 146 0 16.15 9.40 
98969 3665 42 57 55 35 147 0 9.76 5.49 
99141 3720 41 56 54 35 146 0 11.44 7.11 
99313 3800 36 50 48 32 130 0 16.78 16.76 
99486 3754 41 57 55 36 148 2 15.16 15.79 
99659 3756 43 57 56 36 150 3 13.80 11.10 
99832 3698 43 58 56 36 151 0 13.46 16.12 
100005 3742 38 54 51 34 139 0 11.10 7.09 
100177 5155 28 52 48 41 141 0 9.76 11.08 
100349 5683 30 54 51 45 149 0 10.78 10.08 
100521 5597 28 52 49 43 145 0 14.14 12.44 
100694 5597 28 52 49 43 145 0 13.80 15.49 
100867 5223 28 50 47 40 136 0 23.31 23.85 
101041 3707 39 53 51 33 137 0 29.02 28.97 
101216 3089 33 70 53 38 161 0 29.02 31.53 
101391 5142 34 51 52 42 146 0 29.02 30.50 
101566 6633 43 60 67 59 186 0 25.02 28.42 
101740 7042 43 61 69 62 191 0 21.84 22.97 
101914 4175 34 61 54 42 156 0 19.31 22.98 
102088 3046 33 74 55 40 167 0 16.46 14.79 
102261 3676 37 55 51 34 140 0 15.83 12.44 
102434 3741 46 62 60 39 162 0 16.13 20.54 
102607 3687 52 68 67 42 177 0 14.82 15.47 
102780 3754 41 57 55 36 150 0 15.83 14.47 
102953 3788 44 58 57 37 152 4 13.82 9.74 
103126 3754 41 57 55 36 149 0 13.80 5.80 
103298 3759 34 49 46 31 127 0 12.12 16.12 
103471 4366 30 47 45 34 127 0 11.44 16.75 
103644 5597 28 52 49 43 144 0 15.50 15.81 
103817 5403 30 54 51 44 149 0 16.13 19.58 
103990 4747 30 50 47 38 135 0 19.94 15.79 
104163 3698 43 58 56 36 150 0 29.26 32.30 
104338 3241 35 68 54 38 160 0 38.62 39.25 
104514 4339 36 65 58 46 169 0 35.67 35.58 
104689 8962 43 59 72 69 200 0 32.62 19.91 
104863 7489 42 56 66 60 184 0 20.89 15.79 
105036 3640 38 76 62 47 185 1 17.10 22.97 
105210 3115 35 75 57 41 172 0 13.14 16.12 
105383 3687 45 63 60 39 162 0 9.76 15.79 
105556 3731 43 59 57 37 153 0 13.80 13.79 
105729 5315 29 52 49 42 143 0 13.82 8.06 
105901 5269 29 51 48 41 140 3 8.06 13.79 
106073 5107 28 51 47 40 139 0 7.11 13.79 
106245 4306 29 51 46 36 134 0 6.78 5.81 
106417 3815 30 53 46 34 132 0 6.78 5.49 
106589 3947 29 50 44 33 126 0 8.38 9.06 
106761 4132 29 48 44 33 125 0 6.78 8.04 
106933 4863 29 51 47 39 137 0 9.42 10.08 
107105 5683 30 54 51 45 150 0 10.78 9.74 
107277 5552 28 51 48 42 141 0 14.14 15.15 
107450 5552 28 51 48 42 141 0 18.99 19.28 
107623 4100 33 51 48 35 135 0 25.02 23.55 
107797 3595 34 56 49 34 139 0 25.60 24.12 
107971 3324 34 68 54 39 160 0 48.64 19.58 
108146 3365 35 69 55 40 164 0 18.68 17.39 
108319 3349 34 66 53 38 156 0 17.10 17.39 
108492 3649 37 57 52 35 145 0 17.73 19.60 
108665 3720 41 56 54 35 146 0 16.15 16.10 
108838 3707 39 53 51 33 139 0 14.82 15.49 
109011 3731 43 59 57 37 154 0 11.10 11.76 
109183 3733 45 59 58 37 155 4 6.78 10.74 
109355 4378 34 54 51 39 144 0 10.10 8.36 
109527 5640 29 53 50 44 147 0 8.38 6.77 
109699 4496 28 48 44 35 127 2 8.40 4.84 
109871 3856 28 51 44 33 128 0 5.51 4.52 
110043 3661 30 58 48 36 141 0 5.18 4.52 
110215 3661 30 58 48 36 142 0 8.38 7.09 
110387 3661 30 58 48 36 142 0 14.14 13.79 
110560 3815 30 53 46 34 133 0 18.99 15.79 
110733 5915 28 52 49 44 144 2 30.31 22.69 
110907 4388 37 58 55 42 155 0 29.53 25.53 
111081 3633 61 76 76 46 199 0 29.00 34.10 
111256 3027 36 77 58 41 175 0 24.45 22.69 
111430 2780 30 76 53 39 167 0 21.84 19.91 
111604 3595 56 75 72 45 193 0 16.46 14.79 
111777 3599 80 94 96 56 248 0 13.80 11.42 
111950 3644 63 79 79 48 209 2 15.83 12.43 
112123 3687 52 68 67 42 177 0 11.44 6.78 
112295 3660 46 62 60 38 160 0 9.42 5.80 
112467 4593 31 51 48 38 137 0 13.80 8.04 
112639 5152 31 54 51 43 150 0 7.43 7.74 
112811 5259 27 52 47 41 145 0 9.76 6.78 
112983 5552 28 51 48 42 138 0 8.38 6.77 
113155 5315 29 52 49 42 142 0 13.14 9.74 
113327 5081 29 49 47 39 135 0 19.31 13.79 
113500 4972 29 50 47 39 137 0 14.14 16.12 
113673 3693 48 63 62 39 166 0 17.73 17.70 
113846 3660 52 67 66 41 175 0 21.84 19.91 
114020 3561 42 62 57 37 155 0 23.89 23.83 
114194 3157 35 71 55 39 163 0 25.31 25.84 
114368 4628 34 56 53 42 150 0 24.23 23.27 
114542 6285 37 51 57 49 158 0 22.44 17.37 
114715 4010 36 66 57 44 167 2 15.16 13.45 
114888 3576 36 58 51 35 145 0 8.38 16.10 
115061 3698 43 58 56 36 150 0 8.07 15.79 
115234 4700 29 49 46 37 132 0 9.76 6.46 
115406 4763 28 49 45 37 131 0 9.42 6.44 
115578 4700 29 49 46 37 132 0 13.12 7.41 
115750 4747 30 50 47 38 135 0 14.14 11.42 
115923 3808 38 53 51 34 139 0 21.22 16.42 
116096 3647 50 64 63 39 166 0 33.13 26.71 
116271 3233 46 88 70 49 206 0 36.82 31.26 
116446 3978 34 65 55 43 162 0 42.28 35.38 
116622 9158 45 59 74 71 205 0 45.07 45.58 
116798 6493 35 56 58 52 166 0 33.39 29.48 
116973 3571 25 79 55 49 181 0 31.08 31.28 
117148 3390 23 90 59 55 203 2 31.08 31.53 
117323 3495 23 89 59 55 201 0 31.06 35.38 
117498 4947 30 61 53 46 161 0 71.43 35.85 
117675 9059 45 60 74 71 205 0 62.54 59.67 
117853 7474 41 55 65 59 179 0 37.72 58.40 
118030 10242 49 65 83 82 231 0 39.78 42.60 
118206 7843 45 66 75 70 212 0 43.69 44.79 
118382 2157 32 109 66 49 221 0 47.65 45.58 
118559 2085 30 106 63 47 213 4 47.45 45.97 
118736 1866 29 118 66 50 230 0 46.85 45.19 
118913 1923 31 125 71 54 247 0 43.66 40.85 
119089 2326 32 102 64 48 211 0 39.78 37.21 
119265 2792 44 100 72 50 220 0 35.90 35.84 
119440 3643 114 129 135 78 345 0 33.15 30.50 
119615 3647 96 109 114 66 292 0 29.00 28.14 
119790 6368 33 60 58 53 171 0 27.05 27.56 
119964 9836 26 59 56 58 174 1 24.23 22.97 
120138 10685 26 60 57 60 177 0 18.36 18.33 
120311 7814 27 57 54 53 164 0 13.80 14.47 
120484 7328 29 58 55 53 166 0 10.44 9.72 
120656 6784 30 60 56 53 168 0 13.48 11.42 
120829 6886 29 58 55 52 164 0 17.71 13.79 
121002 6427 29 56 53 49 158 0 13.80 15.13 
121175 3883 39 55 53 36 145 0 7.11 12.44 
121347 4928 32 54 51 42 148 3 7.11 7.09 
121519 5359 30 53 50 43 146 5 9.08 10.08 
121691 5476 28 53 49 43 146 0 11.10 9.72 
121863 5506 27 50 47 41 139 3 11.10 11.08 
122035 6792 28 55 52 49 156 0 13.48 11.08 
122208 7100 27 56 52 50 158 0 9.76 9.74 
122380 6886 29 58 55 52 166 3 7.75 8.38 
122552 6297 29 57 53 49 159 0 8.38 6.46 
122724 4924 28 49 46 38 134 0 5.51 4.84 
122896 5018 29 51 48 40 139 1 5.81 5.17 
123068 5018 29 51 48 40 139 0 7.11 4.52 
123240 4747 30 50 47 38 135 0 8.07 5.81 
123412 5018 29 51 48 40 140 0 8.38 8.38 
123584 5724 30 55 52 46 153 0 9.08 9.40 
123756 5724 30 55 52 46 154 0 14.14 14.13 
123929 5683 30 54 51 45 150 0 25.60 17.68 
124103 4457 32 52 49 38 139 0 24.21 28.71 
124277 3707 39 53 51 33 138 0 29.53 18.33 
124451 6216 37 53 58 50 162 0 36.82 18.33 
124625 7276 40 57 65 59 181 0 29.27 17.07 
124799 7439 43 60 69 63 192 11 23.89 29.73 
124973 5608 36 54 56 47 158 0 16.15 17.37 
125146 3219 35 70 55 39 164 1 13.80 11.76 
125319 3698 43 58 56 36 151 4 9.74 9.74 
125491 4593 31 51 48 38 136 0 10.10 14.13 
125664 5107 28 51 47 40 138 4 15.16 7.74 
125836 3914 33 47 45 31 123 0 15.50 15.47 
126009 3730 35 51 48 32 131 0 16.15 18.65 
126182 3720 41 56 54 35 146 0 21.22 18.00 
126355 3400 39 66 56 38 160 0 34.42 32.06 
126530 3729 37 73 60 46 179 3 40.70 40.85 
126706 8209 40 55 65 61 182 0 45.07 42.60 
126882 4210 27 68 53 46 167 0 41.84 36.29 
127058 3638 26 69 51 43 163 0 36.82 35.38 
127233 7378 38 65 67 63 195 0 22.44 25.26 
127407 5086 40 65 63 52 180 0 16.15 16.76 
127580 3236 39 77 61 43 181 3 12.12 15.79 
127753 3676 50 65 64 40 170 0 6.78 10.08 
127925 5597 28 52 49 43 145 0 8.06 6.14 
128097 5597 28 52 49 43 145 5 7.11 5.49 
128269 5597 28 52 49 43 145 0 6.46 7.74 
128441 5552 28 51 48 42 141 0 9.76 9.40 
128613 4444 27 47 43 34 125 4 14.14 12.44 
128786 6316 28 53 50 46 150 0 11.10 14.47 
128959 6824 28 56 53 50 159 5 12.78 14.13 
129132 7186 28 59 55 53 167 0 15.50 14.13 
129305 6824 28 56 53 50 158 0 15.50 14.47 
129478 6316 28 53 50 46 149 0 16.78 15.79 
129651 5058 27 50 46 39 135 0 21.20 17.07 
129824 6139 27 53 49 45 147 0 15.16 16.12 
129997 4501 35 57 54 42 153 3 17.71 22.12 
130170 3689 69 89 88 55 232 0 36.81 26.71 
130345 3536 45 69 62 41 172 0 40.70 41.11 
130521 3883 35 74 60 48 181 0 44.66 44.39 
130697 8962 43 58 71 68 197 2 35.67 32.30 
130872 4875 31 61 54 46 160 0 31.33 29.48 
131047 7546 40 60 67 62 189 2 28.48 26.71 
131221 11346 50 66 86 87 240 0 22.73 20.21 
131395 9152 46 61 76 73 211 0 16.78 14.81 
131568 7615 43 57 68 62 188 0 16.15 23.83 
131742 3316 35 73 57 42 171 0 19.62 19.60 
131915 3259 34 69 54 39 162 0 23.31 24.99 
132089 3283 34 67 53 38 158 0 28.48 31.02 
132264 3635 32 60 50 37 146 2 35.44 38.35 
132439 4547 30 50 47 37 134 0 41.60 43.21 
132615 3922 31 69 55 45 169 0 45.85 50.44 
132792 4066 49 78 72 53 203 0 27.03 22.41 
132966 3299 55 84 74 46 205 0 29.53 25.55 
133140 3107 62 90 79 45 215 0 59.06 31.53 
133316 2952 73 106 91 49 248 0 36.58 36.29 
133491 2706 30 85 57 44 184 0 37.72 36.31 
133667 2525 26 88 56 45 187 0 39.34 39.03 
133843 2660 33 102 67 53 220 0 40.46 41.53 
134019 3009 30 78 55 43 175 1 39.30 39.25 
134195 2239 26 100 60 49 206 0 38.86 36.97 
134371 2175 29 115 68 56 236 0 62.53 35.62 
134548 2497 30 99 63 50 210 0 51.53 46.15 
134725 2431 30 102 64 51 215 0 49.18 46.38 
134902 2679 31 94 62 49 203 0 48.03 46.17 
135079 2683 32 93 62 48 202 10 47.24 45.97 
135256 2858 93 132 113 57 305 0 42.89 40.63 
135432 2998 91 128 112 60 303 0 37.04 35.39 
135607 4149 95 141 135 98 377 0 32.61 32.56 
135782 3476 24 94 62 58 213 0 32.37 35.85 
135957 3431 23 88 58 54 198 0 47.63 47.35 
136134 3551 24 76 53 47 175 0 36.14 34.63 
136309 4486 31 60 52 43 155 0 33.64 33.85 
136484 9226 50 66 82 79 228 0 35.44 37.65 
136659 10881 58 74 97 97 268 0 55.86 49.27 
136836 11349 56 73 96 97 266 0 52.04 49.08 
137013 11359 58 75 99 100 275 0 55.86 52.99 
137191 5037 39 80 70 61 211 0 59.21 55.76 
137369 2507 35 99 65 48 210 0 64.50 49.61 
137547 3441 92 117 113 66 299 0 44.28 46.95 
137724 3647 101 114 120 69 307 0 44.86 45.59 
137900 3751 96 108 115 68 296 0 46.65 43.79 
138076 3582 165 174 188 102 470 0 48.23 44.00 
138253 3581 132 143 152 84 384 0 108.22 41.99 
138433 3606 140 150 161 89 405 0 40.44 37.21 
138609 3881 83 102 105 67 276 0 37.94 36.28 
138785 6932 28 54 52 49 156 0 35.44 35.38 
138960 7099 31 60 58 55 173 0 31.59 30.79 
139135 8509 35 72 69 69 209 0 27.32 26.42 
139309 8458 30 64 61 61 186 0 22.73 20.86 
139483 9836 26 59 56 58 174 0 15.83 15.49 
139656 8419 28 59 56 56 171 0 14.48 12.44 
139829 4643 51 84 79 63 226 3 8.38 7.74 
140001 3687 32 64 52 40 156 0 9.42 9.06 
140173 3708 31 59 49 37 145 0 9.42 9.06 
140345 3852 30 51 45 33 129 3 8.38 9.40 
140517 3767 29 52 45 33 130 0 11.10 11.76 
140690 3568 28 59 47 36 142 0 14.14 15.79 
140863 3668 29 61 49 38 148 2 19.31 16.12 
141036 3790 29 58 48 37 142 0 20.25 17.70 
141209 5915 28 52 49 44 145 0 21.20 18.02 
141382 7158 28 58 54 52 165 0 18.99 16.44 
141555 6618 29 60 55 52 167 0 15.83 15.13 
141728 7312 31 64 60 58 182 0 14.48 12.10 
141901 7443 31 63 60 58 181 0 9.08 7.09 
142073 6259 28 56 52 48 156 0 6.46 4.52 
142245 6037 29 55 52 47 154 3 6.78 4.86 
142417 3815 30 53 46 34 132 0 6.14 4.52 
142589 3622 31 57 48 35 140 0 8.06 5.80 
142761 3743 30 57 48 36 140 0 7.43 7.09 
142933 3997 29 51 45 34 131 0 8.06 7.74 
143105 5597 28 52 49 43 144 0 9.42 9.06 
143277 5195 32 55 52 44 152 0 16.15 15.79 
143450 4225 34 51 49 36 148 0 23.02 19.60 
143624 3462 42 67 59 39 165 0 29.53 32.30 
143799 4378 37 66 59 47 171 2 35.44 9.74 
143973 6630 37 53 59 52 165 0 32.62 33.34 
144148 5519 34 56 55 47 158 0 25.89 28.95 
144322 7258 40 56 64 58 179 0 19.94 20.86 
144496 3936 40 73 63 48 184 2 14.82 16.12 
144669 3440 43 69 60 40 169 0 11.10 13.11 
144842 3796 44 61 59 39 160 0 10.10 10.08 
145014 5315 29 52 49 42 142 0 12.46 8.36 
145186 5552 28 51 48 42 142 0 10.44 7.09 
145358 4924 28 49 46 38 135 0 6.46 12.43 
145530 4645 29 51 47 38 136 0 5.17 12.09 
145702 3695 30 56 47 35 138 0 6.46 11.76 
145874 3695 30 56 47 35 137 0 5.18 12.10 
146046 3695 30 56 47 35 139 0 5.18 12.09 
146218 3622 31 57 48 35 139 0 6.78 10.08 
146390 3667 32 58 49 36 142 0 9.42 9.74 
146562 3743 30 57 48 36 140 0 14.48 15.79 
146735 4763 28 49 45 37 132 0 16.46 16.12 
146908 5915 28 52 49 44 144 0 18.99 15.49 
147081 3780 38 55 52 35 142 0 13.48 16.44 
147254 4769 33 55 52 42 150 0 10.10 9.40 
147426 5872 28 55 51 46 152 0 8.06 5.81 
147598 3778 30 55 47 35 137 0 6.46 5.49 
147770 3695 30 56 47 35 138 0 6.14 5.49 
147942 3564 29 56 46 34 136 0 6.78 6.46 
148114 3695 30 56 47 35 138 0 8.38 6.77 
148286 3564 29 56 46 34 136 0 8.38 7.72 
148458 3765 28 52 44 33 129 0 11.12 11.42 
148630 3613 30 57 47 35 140 0 15.50 15.15 
148803 3594 30 62 50 38 149 0 18.68 17.37 
148976 4584 50 85 79 63 227 0 16.46 16.44 
149149 7758 30 63 59 58 180 0 14.48 12.78 
149322 4471 51 85 79 62 226 0 10.42 10.08 
149494 3562 31 64 51 39 155 4 11.10 8.74 
149666 3682 29 53 45 33 132 0 9.42 9.40 
149838 3654 29 58 47 36 141 0 9.08 9.74 
150010 3584 29 62 49 38 148 1 8.74 9.74 
150182 3633 29 63 50 39 152 0 14.82 11.08 
150355 3515 30 63 50 38 151 0 15.50 15.79 
150528 3594 30 62 50 38 150 3 17.41 13.79 
150701 3727 28 54 45 34 133 0 14.48 13.79 
150874 3690 28 56 46 35 136 0 12.12 13.46 
151047 3790 31 58 49 37 143 0 8.06 9.06 
151219 3562 31 64 51 39 153 0 7.43 6.44 
151391 3627 30 60 49 37 146 0 9.42 6.77 
151563 3590 31 59 49 36 144 0 9.42 3.25 
151735 3661 30 58 48 36 141 0 8.74 4.20 
151907 3695 30 56 47 35 137 0 6.14 3.57 
152079 3622 31 57 48 35 140 16 4.86 5.17 
152251 3661 30 58 48 36 141 0 4.54 5.17 
152423 3622 31 57 48 35 140 0 4.54 4.20 
152595 3743 30 57 48 36 141 4 5.81 4.52 
152767 3590 31 59 49 36 143 0 5.18 5.49 
152939 3590 31 59 49 36 143 5 6.46 6.78 
153111 3708 31 59 49 37 144 4 4.86 9.06 
153283 3708 31 59 49 37 144 0 4.86 9.06 
153455 3667 32 58 49 36 142 0 4.86 9.06 
153627 3743 30 57 48 36 140 1 4.54 10.42 
153799 3695 30 56 47 35 137 0 4.84 12.78 
153971 3695 30 56 47 35 137 0 8.38 8.06 
154143 3730 30 54 46 34 133 0 9.42 8.06 
154315 3613 30 57 47 35 138 0 8.06 74.32 
154491 3641 31 63 51 39 153 0 4.86 76.18 
154667 3815 30 53 46 34 132 0 7.74 77.28 
154843 3661 30 58 48 36 142 0 8.74 101.17 
155021 3667 32 58 49 36 143 0 8.74 16.44 
155194 3622 31 57 48 35 139 0 12.78 16.12 
155367 3622 31 57 48 35 140 0 9.76 14.13 
155540 3743 30 57 48 36 140 0 7.74 15.79 
155713 3622 31 57 48 35 139 0 7.43 10.08 
155885 3907 29 52 45 34 131 0 9.42 10.42 
156057 4132 29 48 44 33 126 0 10.76 10.08 
156229 5223 28 50 47 40 137 0 13.14 13.45 
156402 6354 28 54 51 47 153 0 17.73 17.37 
156575 6180 27 54 50 46 150 0 24.75 24.41 
156749 7328 29 58 55 53 166 0 30.31 30.24 
156924 7775 26 55 52 51 159 0 28.75 28.95 
157099 10573 25 59 55 58 172 6 23.02 22.69 
157273 10646 27 61 58 61 180 0 16.78 15.79 
157446 8411 27 58 55 55 169 0 15.50 16.75 
157619 7376 30 60 57 55 172 0 18.99 19.91 
157792 7376 30 60 57 55 172 0 25.02 26.13 
157966 5565 29 55 51 45 152 0 28.75 30.77 
158141 3605 29 68 52 42 162 0 43.28 44.59 
158317 3330 35 93 67 55 215 0 42.67 64.24 
158494 3277 34 100 70 59 229 0 40.94 55.61 
158671 3360 35 102 72 61 234 0 39.32 57.72 
158848 3291 37 105 74 62 241 0 72.59 72.40 
159028 5823 28 62 54 50 166 0 124.54 66.33 
159210 8419 28 59 56 56 172 0 131.48 63.70 
159393 3704 64 79 80 49 209 0 123.73 55.78 
159575 3536 45 69 62 41 172 0 116.48 45.56 
159756 3672 37 77 62 48 186 0 105.93 99.76 
159939 6168 39 60 63 55 178 0 66.30 99.55 
160120 3709 28 84 60 53 195 0 15.50 18.95 
160293 3683 31 86 63 54 202 0 15.50 18.33 
160466 3764 32 85 63 54 201 0 14.82 18.65 
160639 3490 32 87 63 53 201 0 15.16 18.33 
160812 3398 31 85 61 51 195 3 14.14 16.44 
160985 3643 33 85 63 53 200 0 15.16 16.12 
161158 4078 73 116 107 79 304 0 13.48 14.81 
161331 4081 80 123 115 84 324 0 11.44 9.74 
161503 4046 58 90 84 61 236 0 4.54 5.17 
161675 4008 43 67 62 45 174 0 4.54 4.20 
161847 3980 35 57 52 38 147 2 4.54 4.20 
162019 3939 37 59 54 39 152 6 4.54 4.22 
162191 3939 37 59 54 39 153 0 8.07 6.44 
162363 3978 38 60 55 40 155 3 13.14 11.42 
162536 4016 38 61 56 41 158 0 15.50 17.07 
162709 4001 47 73 68 49 191 0 17.71 20.21 
162882 4098 60 95 88 65 249 0 16.76 16.42 
163055 4046 55 84 79 57 222 0 16.46 14.13 
163228 4061 63 97 91 66 255 0 12.12 7.74 
163400 4074 59 94 87 64 246 0 5.81 8.74 
163572 4021 39 64 58 43 166 0 5.49 11.42 
163744 3907 29 52 45 34 131 0 6.14 62.46 
163919 3831 28 56 46 36 138 0 7.74 62.44 
164094 3818 27 53 44 34 132 0 113.39 110.43 
164278 3817 28 53 45 34 131 0 15.83 17.70 
164451 4132 29 48 44 33 125 0 105.03 49.25 
164631 4839 31 47 47 37 131 0 109.04 84.01 
164814 4839 31 47 47 37 132 0 18.99 55.76 
164990 5063 33 49 50 40 139 0 15.50 94.71 
165168 3935 31 61 51 40 152 0 15.50 39.95 
165342 3913 36 61 54 40 156 0 55.71 35.39 
165519 4047 41 65 60 44 170 0 61.86 99.76 
165700 3515 30 63 50 38 163 0 98.23 94.54 
165882 3914 27 52 44 34 130 0 116.86 65.38 
166064 4082 29 47 43 32 122 0 87.04 81.91 
166245 4795 31 46 46 36 128 0 83.23 80.94 
166426 4137 30 51 46 35 132 0 70.82 63.83 
166605 3815 29 64 51 41 157 0 62.99 57.66 
166783 4051 45 74 67 50 191 0 57.97 52.44 
166961 3502 61 92 83 54 230 0 48.64 48.93 
167138 3042 71 100 88 48 239 0 42.48 42.81 
167314 2745 33 97 65 51 212 0 41.84 49.10 
167491 2786 29 83 56 44 181 0 53.23 50.80 
167668 4979 45 72 70 57 199 0 60.60 42.42 
167845 7340 88 81 120 102 304 0 61.57 58.43 
168023 5584 59 70 82 65 217 0 62.00 51.14 
168201 2135 35 102 63 42 205 0 61.57 51.95 
168379 2162 34 100 62 42 202 2 62.00 51.14 
168557 2162 34 100 62 42 202 0 61.98 59.53 
168735 2126 34 101 62 42 202 0 61.59 51.95 
168913 2126 34 101 62 42 203 0 62.87 37.43 
169090 2126 34 101 62 42 203 0 63.12 59.26 
169268 2099 36 108 66 44 216 0 63.12 58.00 
169446 2093 37 110 67 45 221 0 62.81 57.83 
169624 2118 37 111 68 46 223 0 63.26 57.90 
169802 2118 37 111 68 46 223 0 63.12 62.05 
169981 2118 37 111 68 46 223 0 63.10 57.60 
170159 2118 37 111 68 46 223 0 63.10 57.15 
170337 2118 37 111 68 46 223 0 62.83 57.87 
170515 2118 37 111 68 46 223 0 62.81 57.43 
170693 2118 37 111 68 46 223 0 63.26 57.46 
170871 2118 37 111 68 46 223 0 62.81 57.46 
171049 2118 37 111 68 46 223 0 62.81 57.03 
171227 2118 37 111 68 46 223 0 63.10 57.15 
171405 2118 37 111 68 46 223 0 62.81 