=~=~=~=~=~=~=~=~=~=~=~= PuTTY log 2025.11.28 20:27:48 =~=~=~=~=~=~=~=~=~=~=~=
ets Jul 29 2019 12:21:46

rst:0x1 (POWERON_RESET),boot:0x13 (SPI_FAST_FLASH_BOOT)
configsip: 0, SPIWP:0xee
clk_drv:0x00,q_drv:0x00,d_drv:0x00,cs0_drv:0x00,hd_drv:0x00,wp_drv:0x00
mode:DIO, clock div:1
load:0x3fff0030,len:4980
load:0x40078000,len:16612
load:0x40080400,len:3480
entry 0x400805b4
Found sensor
Milis - ColorTemp - Lux - R - G - B - C - Pot - UsensA - UsensB

399 4585 37 54 54 41 150 4 3.26 3.25 
571 4585 37 54 54 41 150 0 3.26 3.25 
743 4585 37 54 54 41 150 3 3.26 3.25 
915 4585 37 54 54 41 150 0 3.26 3.25 
1087 4585 37 54 54 41 150 0 3.26 3.25 
1259 4585 37 54 54 41 150 16 3.26 3.25 
1431 4585 37 54 54 41 150 0 3.26 3.25 
1603 4585 37 54 54 41 150 0 3.25 3.25 
1775 4585 37 54 54 41 150 0 3.26 3.25 
1947 4585 37 54 54 41 150 0 3.26 3.25 
2119 4585 37 54 54 41 150 5 3.25 3.25 
2291 4585 37 54 54 41 150 0 3.25 3.25 
2463 4585 37 54 54 41 150 4 3.25 3.25 
2635 4585 37 54 54 41 150 0 3.26 3.25 
2807 4585 37 54 54 41 150 0 3.25 3.25 
2979 4585 37 54 54 41 150 21 3.26 3.25 
3151 4585 37 54 54 41 150 0 3.26 3.25 
3323 4585 37 54 54 41 150 0 3.26 3.25 
3495 4585 37 54 54 41 150 11 3.25 3.25 
3667 4585 37 54 54 41 150 0 3.25 3.25 
3839 4585 37 54 54 41 150 7 3.25 3.25 
4011 4585 37 54 54 41 150 11 3.25 3.25 
4183 4585 37 54 54 41 150 0 3.25 3.25 
4355 4585 37 54 54 41 150 0 3.26 3.25 
4527 4585 37 54 54 41 150 8 3.26 3.25 
4699 4585 37 54 54 41 150 8 3.26 3.25 
4871 4585 37 54 54 41 150 0 3.25 3.25 
5043 4585 37 54 54 41 150 2 3.25 3.25 
5215 4435 38 54 54 40 149 0 3.26 3.25 
5387 4435 38 54 54 40 149 0 3.26 3.25 
5559 4435 38 54 54 40 149 8 3.25 3.25 
5731 4435 38 54 54 40 149 7 3.26 3.25 
5903 4585 37 54 54 41 150 0 3.25 3.25 
6075 4435 38 54 54 40 150 0 3.25 3.25 
6247 4435 38 54 54 40 149 8 3.26 3.25 
6419 4435 38 54 54 40 149 4 3.26 3.25 
6591 4435 38 54 54 40 149 0 3.25 3.25 
6763 4435 38 54 54 40 148 8 3.25 3.25 
6935 4435 38 54 54 40 149 0 3.25 3.25 
7107 4435 38 54 54 40 149 0 3.25 3.25 
7279 4435 38 54 54 40 149 25 3.25 3.25 
7451 4435 38 54 54 40 149 0 3.25 3.25 
7623 4435 38 54 54 40 149 0 3.25 3.25 
7795 4435 38 54 54 40 149 12 3.25 3.25 
7967 4435 38 54 54 40 149 0 3.25 3.25 
8139 4435 38 54 54 40 149 6 3.26 3.25 
8311 4435 38 54 54 40 149 9 3.26 3.25 
8483 4435 38 54 54 40 149 0 3.25 3.25 
8655 4435 38 54 54 40 149 0 3.26 3.25 
8827 4435 38 54 54 40 149 7 3.25 3.25 
8999 4435 38 54 54 40 149 10 3.26 3.25 
9171 4435 38 54 54 40 149 0 3.25 3.25 
9343 4435 38 54 54 40 149 0 3.25 3.25 
9515 3829 36 59 53 38 150 0 3.25 3.25 
9687 3110 38 76 59 41 175 0 3.25 3.25 
9859 3110 38 76 59 41 176 7 3.26 4.52 
10031 3134 40 76 60 41 177 4 3.26 57.73 
10206 3144 36 70 55 38 162 0 3.26 3.25 
10378 3328 35 65 53 37 155 10 3.25 3.25 
10550 4245 37 55 53 39 148 0 3.25 3.25 
10722 4583 39 55 56 42 153 0 3.25 3.25 
10894 5790 49 54 67 53 175 4 3.26 3.25 
11066 6288 54 56 74 60 191 0 3.25 58.41 
11241 6393 56 57 76 62 196 0 3.25 3.25 
11413 6393 56 57 76 62 196 11 3.25 3.25 
11585 6495 57 58 78 64 200 0 3.26 3.25 
11757 6477 56 57 77 63 199 0 3.26 3.25 
11929 6477 56 57 77 63 197 11 3.25 3.25 
12101 6658 55 56 76 63 196 0 3.25 3.25 
12273 5856 47 53 65 52 171 0 3.25 54.99 
12448 5009 40 53 57 44 154 1 3.25 55.01 
12623 3529 32 63 51 38 152 0 3.25 54.99 
12798 3454 31 64 51 38 152 1 3.25 54.15 
12973 3380 31 65 51 38 152 0 3.25 55.01 
13148 3380 31 65 51 38 152 1 3.25 54.99 
13323 3380 31 65 51 38 152 0 3.25 54.83 
13498 3380 31 65 51 38 152 1 3.25 3.25 
13670 3278 33 70 54 40 162 0 3.25 3.25 
13842 3553 37 82 64 50 192 0 3.26 52.31 
14016 3207 35 78 59 44 178 0 3.25 49.62 
14190 2977 35 79 58 42 178 0 3.26 3.25 
14362 3065 34 77 57 42 174 12 3.25 3.25 
14534 3288 34 78 59 45 177 0 3.25 3.25 
14706 3288 34 78 59 45 177 0 3.25 3.25 
14878 3288 34 78 59 45 178 10 3.26 3.25 
15050 3288 34 78 59 45 178 0 3.25 3.25 
15222 3288 34 78 59 45 178 0 3.26 3.25 
15394 3205 33 76 57 43 174 5 3.25 3.25 
15566 3230 35 76 58 43 172 0 3.25 4.52 
15738 3313 34 76 58 44 173 0 3.26 4.52 
15910 3313 34 76 58 44 173 3 3.26 4.52 
16082 3313 34 76 58 44 173 0 3.25 4.52 
16254 3313 34 76 58 44 173 0 3.25 3.25 
16426 3313 34 76 58 44 173 0 3.25 4.54 
16598 3313 34 76 58 44 173 0 3.25 3.25 
16770 3313 34 76 58 44 173 0 3.26 4.54 
16942 3313 34 76 58 44 173 0 3.26 3.25 
17114 3313 34 76 58 44 173 0 3.26 4.54 
17286 3313 34 76 58 44 173 0 3.25 4.52 
17458 3313 34 76 58 44 173 0 3.26 4.52 
17630 3313 34 76 58 44 174 2 3.25 4.52 
17802 3313 34 76 58 44 174 0 3.25 4.54 
17974 3313 34 76 58 44 174 0 3.25 3.25 
18146 3313 34 76 58 44 174 5 3.25 4.52 
18318 3313 34 76 58 44 174 0 3.25 3.25 
18490 3313 34 76 58 44 174 0 3.26 3.25 
18662 3313 34 76 58 44 174 6 3.26 9.74 
18834 3313 34 76 58 44 174 0 3.26 4.54 
19006 3313 34 76 58 44 174 0 3.25 4.52 
19178 3313 34 76 58 44 174 9 3.25 4.52 
19350 3313 34 76 58 44 174 0 3.26 4.52 
19522 3313 34 76 58 44 174 0 3.25 3.25 
19694 3313 34 76 58 44 174 10 3.26 3.25 
19866 3313 34 76 58 44 175 0 3.26 3.25 
20038 3321 38 83 64 48 193 0 3.25 16.12 
20210 2712 32 83 57 42 194 10 3.25 3.25 
20382 3296 40 73 60 41 173 0 3.25 3.25 
20554 3346 46 70 62 39 170 0 3.25 3.25 
20726 4019 63 98 91 66 255 5 3.25 3.25 
20898 3798 33 83 63 53 198 0 3.25 3.25 
21070 3690 30 78 58 49 183 0 3.25 4.52 
21242 5769 37 55 58 49 161 2 3.26 3.25 
21414 5954 39 57 61 52 170 0 3.26 3.25 
21586 5595 41 56 61 50 167 0 3.26 3.25 
21758 5512 41 57 61 50 168 0 3.26 3.25 
21930 5724 40 57 61 51 168 0 3.25 3.25 
22102 5724 40 57 61 51 168 0 3.26 3.25 
22274 5724 40 57 61 51 168 0 3.25 3.25 
22446 5054 37 54 55 44 153 0 3.25 4.52 
22618 5924 39 56 60 51 167 0 3.26 4.52 
22790 5728 41 61 64 54 179 0 3.26 4.52 
22962 5812 42 60 64 54 179 1 3.26 3.25 
23134 5728 41 61 64 54 179 0 3.26 3.25 
23306 5728 41 61 64 54 179 0 3.25 3.25 
23478 5812 42 60 64 54 179 4 3.26 3.25 
23650 5812 42 60 64 54 179 0 3.26 4.52 
23822 5812 42 60 64 54 179 0 3.25 3.25 
23994 5812 42 60 64 54 179 6 3.25 3.25 
24166 5812 42 60 64 54 179 0 3.26 3.25 
24338 5923 40 60 63 54 179 0 3.25 3.25 
24510 5923 40 60 63 54 179 8 3.25 3.25 
24682 5923 40 60 63 54 179 0 3.26 3.25 
24854 5923 40 60 63 54 179 0 3.25 3.25 
25026 5923 40 60 63 54 179 9 3.25 3.25 
25198 5923 40 60 63 54 179 0 3.25 4.54 
25370 5923 40 60 63 54 179 0 3.26 4.54 
25542 5812 42 60 64 54 179 8 3.26 3.25 
25714 5812 42 60 64 54 179 0 3.25 4.52 
25886 5812 42 60 64 54 179 0 3.25 4.52 
26058 5728 41 61 64 54 179 7 3.26 3.25 
26230 5281 39 57 59 48 163 0 3.26 35.63 
26403 5417 37 55 57 47 158 0 3.25 4.52 
26575 5247 38 56 58 47 158 9 3.26 3.25 
26747 6421 40 56 62 54 172 0 3.26 55.91 
26922 6765 44 61 69 61 191 0 3.26 16.12 
27094 7133 44 60 69 62 191 0 3.25 3.25 
27266 7133 44 60 69 62 191 0 3.25 3.25 
27438 7504 42 57 67 61 185 0 3.25 59.69 
27613 7391 41 57 66 60 183 0 3.25 55.91 
27788 5986 38 54 59 50 163 0 3.26 55.62 
27963 5986 38 54 59 50 163 0 3.26 4.52 
28135 6802 39 55 62 55 172 0 3.25 3.25 
28307 9150 47 62 77 74 214 3 3.25 3.25 
28479 4971 36 60 57 47 163 8 3.25 3.25 
28651 2976 33 69 52 36 156 0 3.25 3.25 
28823 2989 35 71 54 37 161 0 3.25 3.25 
28995 3057 34 71 54 38 162 0 3.25 3.25 
29167 3057 34 71 54 38 162 0 3.25 3.25 
29339 3241 35 68 54 38 159 7 3.25 3.25 
29511 3824 32 56 49 36 143 0 3.26 4.52 
29683 3192 32 68 52 38 157 0 3.26 16.10 
29855 3013 31 69 51 37 156 0 3.25 49.95 
30029 2947 30 70 51 37 158 0 3.26 16.12 
30201 2947 30 70 51 37 158 0 3.26 50.46 
30375 2947 30 70 51 37 158 5 3.25 4.52 
30547 2947 30 70 51 37 158 0 3.26 4.54 
30719 2947 30 70 51 37 158 6 3.25 4.52 
30891 2947 30 70 51 37 158 10 3.25 4.52 
31063 2947 30 70 51 37 158 0 3.25 4.52 
31235 2947 30 70 51 37 158 0 3.25 4.54 
31407 2947 30 70 51 37 158 7 3.25 4.54 
31579 2947 30 70 51 37 158 7 3.25 4.54 
31751 2947 30 70 51 37 158 0 3.25 4.52 
31923 2947 30 70 51 37 158 3 3.26 4.52 
32095 2947 30 70 51 37 158 0 3.26 4.52 
32267 2947 30 70 51 37 158 0 3.25 50.78 
32441 2947 30 70 51 37 158 7 3.25 4.52 
32613 2947 30 70 51 37 158 0 3.26 50.78 
32787 2947 30 70 51 37 157 0 3.26 56.64 
32962 2879 31 70 51 36 156 0 3.25 51.61 
33136 2879 31 70 51 36 156 0 3.25 55.66 
33311 2879 31 70 51 36 156 0 3.25 50.81 
33485 2879 31 70 51 36 156 0 3.25 4.54 
33657 2879 31 70 51 36 156 8 3.26 4.52 
33829 2879 31 70 51 36 156 0 3.25 54.86 
34004 2879 31 70 51 36 156 0 3.26 51.27 
34178 2879 31 70 51 36 156 0 3.25 55.76 
34353 2879 31 70 51 36 156 0 3.26 55.76 
34528 2879 31 70 51 36 156 0 3.25 55.79 
34703 2879 31 70 51 36 156 0 3.25 51.27 
34877 2879 31 70 51 36 156 0 3.25 4.52 
35049 2879 31 70 51 36 156 0 3.25 56.20 
35224 2879 31 70 51 36 156 5 3.25 4.52 
35396 2879 31 70 51 36 156 0 3.25 56.19 
35571 2879 31 70 51 36 156 0 3.25 55.66 
35746 2879 31 70 51 36 156 0 3.25 55.78 
35921 2879 31 70 51 36 156 0 3.25 4.54 
36093 2879 31 70 51 36 156 1 3.25 4.52 
36265 2879 31 70 51 36 156 0 3.25 54.83 
36440 2879 31 70 51 36 156 1 3.25 50.44 
36614 2879 31 70 51 36 156 0 3.26 54.83 
36789 2879 31 70 51 36 156 0 3.25 50.44 
36963 2879 31 70 51 36 156 0 3.25 54.84 
37138 2879 31 70 51 36 156 0 3.25 4.52 
37310 2879 31 70 51 36 156 0 3.26 3.25 
37482 2879 31 70 51 36 156 0 3.26 4.52 
37654 2879 31 70 51 36 156 0 3.25 4.52 
37826 2879 31 70 51 36 156 3 3.25 4.52 
37998 2879 31 70 51 36 156 0 3.25 4.52 
38170 2879 31 70 51 36 156 0 3.25 4.52 
38342 2879 31 70 51 36 156 6 3.25 4.54 
38514 2879 31 70 51 36 156 0 3.25 4.54 
38686 2879 31 70 51 36 156 0 3.25 4.52 
38858 2879 31 70 51 36 156 8 3.25 4.52 
39030 2879 31 70 51 36 156 0 3.25 3.25 
39202 2879 31 70 51 36 156 0 3.26 49.95 
39376 2879 31 70 51 36 156 0 3.26 4.52 
39548 2879 31 70 51 36 156 0 3.25 3.25 
39720 2879 31 70 51 36 156 0 3.25 3.25 
39892 2879 31 70 51 36 156 8 3.25 55.49 
40067 4338 36 62 56 44 161 0 3.26 3.25 
40239 9241 48 62 78 75 215 7 3.26 4.52 
40411 9662 47 62 78 76 217 0 3.26 15.79 
40583 9150 47 62 77 74 213 0 3.25 3.25 
40755 5756 35 55 56 48 158 0 3.25 3.25 
40927 2260 34 104 65 47 213 2 3.26 3.25 
41099 2286 33 104 65 48 213 4 3.25 3.25 
41271 3394 46 72 63 41 176 0 3.25 48.38 
41445 3663 101 118 122 72 315 0 3.25 3.25 
41617 3636 119 136 142 82 362 0 3.26 42.42 
41791 3678 88 98 104 60 265 5 3.25 20.21 
41964 3570 142 154 164 90 411 0 3.26 1.97 
42135 3564 148 158 169 92 423 0 3.25 4.52 
42307 3618 113 127 133 76 338 1 3.25 18.02 
42479 7443 31 63 60 58 181 0 3.26 16.75 
42651 9524 31 70 66 68 204 0 3.25 4.52 
42823 13737 30 75 71 78 223 0 3.26 19.28 
42995 14877 30 76 72 80 228 0 3.26 39.97 
43169 14877 30 76 72 80 228 0 3.25 35.16 
43342 14877 30 76 72 80 227 6 3.25 33.85 
43515 14877 30 76 72 80 227 0 3.25 15.81 
43687 14877 30 76 72 80 227 0 3.25 45.59 
43861 14877 30 76 72 80 227 0 3.25 35.62 
44034 14877 30 76 72 80 227 0 3.25 15.79 
44206 14877 30 76 72 80 227 0 3.26 45.20 
44380 14877 30 76 72 80 227 0 3.26 16.12 
44552 14877 30 76 72 80 227 0 3.25 16.12 
44724 14877 30 76 72 80 227 4 3.25 16.12 
44896 14877 30 76 72 80 227 0 3.25 16.12 
45068 14877 30 76 72 80 227 0 3.26 16.12 
45240 14877 30 76 72 80 227 0 3.25 16.12 
45412 14877 30 76 72 80 227 0 3.26 16.12 
45584 14877 30 76 72 80 227 0 3.26 16.12 
45756 14877 30 76 72 80 227 0 3.26 17.07 
45928 14877 30 76 72 80 227 0 3.25 37.21 
46102 14877 30 76 72 80 227 0 3.25 3.25 
46274 14877 30 76 72 80 227 0 3.26 39.05 
46448 14877 30 76 72 80 227 0 3.25 22.98 
46621 15052 30 75 72 80 227 0 3.25 37.21 
46795 15052 30 75 72 80 227 1 3.26 3.25 
46967 15052 30 75 72 80 227 0 3.25 9.74 
47139 13801 31 75 72 79 227 5 3.25 15.79 
47311 8905 30 66 62 63 191 1 3.26 9.74 
47483 8155 29 65 60 60 185 0 3.25 3.25 
47655 11682 30 73 68 73 214 0 3.25 3.25 
47827 14022 30 73 70 77 220 8 3.25 3.25 
47999 15169 29 74 70 78 223 6 3.25 3.25 
48171 9513 32 71 67 69 207 0 3.25 4.52 
48343 4237 32 59 52 41 152 8 3.25 4.52 
48515 3529 33 71 56 43 171 0 3.25 4.54 
48687 3601 34 70 56 43 169 0 3.26 4.52 
48859 3601 34 70 56 43 169 17 3.25 4.52 
49031 3499 34 70 56 42 168 0 3.25 3.25 
49203 3810 34 64 54 41 160 0 3.26 4.52 
49375 3810 34 64 54 41 160 0 3.25 4.52 
49547 3810 34 64 54 41 160 0 3.26 4.52 
49719 3810 34 64 54 41 160 5 3.26 4.52 
49891 3810 34 64 54 41 160 0 3.25 4.52 
50063 3810 34 64 54 41 160 0 3.25 3.25 
50235 3810 34 64 54 41 160 0 3.26 4.52 
50407 3810 34 64 54 41 160 0 3.26 4.52 
50579 3810 34 64 54 41 160 14 3.25 3.25 
50751 3810 34 64 54 41 160 0 3.25 4.52 
50923 3810 34 64 54 41 160 0 3.25 4.52 
51095 3810 34 64 54 41 160 2 3.26 3.25 
51267 3810 34 64 54 41 160 0 3.25 4.52 
51439 3810 34 64 54 41 160 7 3.26 3.25 
51611 3810 34 64 54 41 160 6 3.25 3.25 
51783 3810 34 64 54 41 160 0 3.26 3.25 
51955 3810 34 64 54 41 160 0 3.25 3.25 
52127 3810 34 64 54 41 160 6 3.26 3.25 
52299 3810 34 64 54 41 160 7 3.25 3.25 
52471 3810 34 64 54 41 160 0 3.26 3.25 
52643 3810 34 64 54 41 160 3 3.26 3.25 
52815 3810 34 64 54 41 160 0 3.26 3.25 
52987 3810 34 64 54 41 160 0 3.26 3.25 
53159 3810 34 64 54 41 160 13 3.26 3.25 
53331 3810 34 64 54 41 160 0 3.26 3.25 
53503 3810 34 64 54 41 160 0 3.25 3.25 
53675 3810 34 64 54 41 160 0 3.25 3.25 
53847 3810 34 64 54 41 160 0 3.26 3.25 
54019 3810 34 64 54 41 160 5 3.25 3.25 
54191 3810 34 64 54 41 160 0 3.26 4.54 
54363 3810 34 64 54 41 160 0 3.26 4.52 
54535 3810 34 64 54 41 160 0 3.26 9.74 
54707 3810 34 64 54 41 160 0 3.25 3.25 
54879 3810 34 64 54 41 160 15 3.25 3.25 
55051 3810 34 64 54 41 160 0 3.25 3.25 
55223 3810 34 64 54 41 160 0 3.26 3.25 
55395 3810 34 64 54 41 160 4 3.26 3.25 
55567 3810 34 64 54 41 160 0 3.25 3.25 
55739 3810 34 64 54 41 160 7 3.25 3.25 
55911 3810 34 64 54 41 160 6 3.25 3.25 
56083 3810 34 64 54 41 160 0 3.25 4.52 
56255 3810 34 64 54 41 160 0 3.26 3.25 
56427 3810 34 64 54 41 160 6 3.25 3.25 
56599 3810 34 64 54 41 160 7 3.25 3.25 
56771 3810 34 64 54 41 160 0 3.26 3.25 
56943 3810 34 64 54 41 160 3 3.25 3.25 
57115 3810 34 64 54 41 160 0 3.26 3.25 
57287 3810 34 64 54 41 160 0 3.26 3.25 
57459 3810 34 64 54 41 160 14 3.25 3.25 
57631 3810 34 64 54 41 160 0 3.26 3.25 
57803 3810 34 64 54 41 160 0 3.25 3.25 
57975 3810 34 64 54 41 160 0 3.26 3.25 
58147 3810 34 64 54 41 160 0 3.25 3.25 
58319 3810 34 64 54 41 160 5 3.26 3.25 
58491 3810 34 64 54 41 160 0 3.25 3.25 
58663 3810 34 64 54 41 160 0 3.26 3.25 
58835 3810 34 64 54 41 160 0 3.26 3.25 
59007 3810 34 64 54 41 160 0 3.25 3.25 
59179 3810 34 64 54 41 160 28 3.25 4.52 
59351 3810 34 64 54 41 160 0 3.25 3.25 
59523 3810 34 64 54 41 160 0 3.25 4.52 
59695 3810 34 64 54 41 160 17 3.25 3.25 
59867 3810 34 64 54 41 160 0 3.25 3.25 
60039 3810 34 64 54 41 160 7 3.25 3.25 
60211 3810 34 64 54 41 160 6 3.25 3.25 
60383 3810 34 64 54 41 160 0 3.26 3.25 
60555 3810 34 64 54 41 160 0 3.25 3.25 
60727 3810 34 64 54 41 160 6 3.26 3.25 
60899 3810 34 64 54 41 160 7 3.25 3.25 
61071 3810 34 64 54 41 160 0 3.25 3.25 
61243 3810 34 64 54 41 160 5 3.26 3.25 
61415 3810 34 64 54 41 160 0 3.26 3.25 
61587 3810 34 64 54 41 160 0 3.25 63.72 
61762 3810 34 64 54 41 160 0 3.25 39.25 
61936 3810 34 64 54 41 160 0 3.26 3.25 
62108 3810 34 64 54 41 160 0 3.25 3.25 
62280 3810 34 64 54 41 160 0 3.25 3.25 
62452 3810 34 64 54 41 160 0 3.25 3.25 
62624 3810 34 64 54 41 160 0 3.25 3.25 
62796 3810 34 64 54 41 160 0 3.26 3.25 
62968 3810 34 64 54 41 160 0 3.25 3.25 
63140 3810 34 64 54 41 160 0 3.25 3.25 
63312 3810 34 64 54 41 160 1 3.25 3.25 
63484 3810 34 64 54 41 160 0 3.25 3.25 
63656 3810 34 64 54 41 160 0 3.25 3.25 
63828 3810 34 64 54 41 160 4 3.26 3.25 
64000 3810 34 64 54 41 160 0 3.25 3.25 
64172 3810 34 64 54 41 160 0 3.25 3.25 
64344 3810 34 64 54 41 160 5 3.25 3.25 
64516 3810 34 64 54 41 160 0 3.25 3.25 
64688 3810 34 64 54 41 160 0 3.25 3.25 
64860 3810 34 64 54 41 160 6 3.25 3.25 
65032 3810 34 64 54 41 160 0 3.25 3.25 
65204 3810 34 64 54 41 160 0 3.25 3.25 
65376 3810 34 64 54 41 160 5 3.26 3.25 
65548 3810 34 64 54 41 160 0 3.25 3.25 
65720 3810 34 64 54 41 160 0 3.25 3.25 
65892 3810 34 64 54 41 160 0 3.25 3.25 
66064 3810 34 64 54 41 160 0 3.25 3.25 
66236 3810 34 64 54 41 160 0 3.25 3.25 
66408 3810 34 64 54 41 160 0 3.25 3.25 
66580 3810 34 64 54 41 160 0 3.26 3.25 
66752 3810 34 64 54 41 160 0 3.26 3.25 
66924 3810 34 64 54 41 160 0 3.26 3.25 
67096 3810 34 64 54 41 160 0 3.25 3.25 
67268 3810 34 64 54 41 160 0 3.25 3.25 
67440 3810 34 64 54 41 160 0 3.25 3.25 
67612 3810 34 64 54 41 160 0 3.26 3.25 
67784 3810 34 64 54 41 160 0 3.26 3.25 
67956 3810 34 64 54 41 160 0 3.26 3.25 
68128 3810 34 64 54 41 160 3 3.25 3.25 
68300 3810 34 64 54 41 160 0 3.25 3.25 
68472 3810 34 64 54 41 160 0 3.25 3.25 
68644 3810 34 64 54 41 160 5 3.25 3.25 
68816 3810 34 64 54 41 160 0 3.25 3.25 
68988 3810 34 64 54 41 160 0 3.26 3.25 
69160 3810 34 64 54 41 160 6 3.26 3.25 
69332 3810 34 64 54 41 160 0 3.25 3.25 
69504 3810 34 64 54 41 160 0 3.26 3.25 
69676 3810 34 64 54 41 160 7 3.25 3.25 
69848 3810 34 64 54 41 160 0 3.25 3.25 
70020 3810 34 64 54 41 160 0 3.25 3.25 
70192 3810 34 64 54 41 160 2 3.25 3.25 
70364 3810 34 64 54 41 160 0 3.26 3.25 
70536 3810 34 64 54 41 160 0 3.26 3.25 
70708 3810 34 64 54 41 160 0 3.25 3.25 
70880 3810 34 64 54 41 160 0 3.26 3.25 
71052 3810 34 64 54 41 160 0 3.26 3.25 
71224 3810 34 64 54 41 160 0 3.25 3.25 
71396 3661 33 66 54 41 163 0 3.26 3.25 
71568 3434 35 82 62 49 195 0 3.26 3.25 
71740 5060 33 62 56 48 166 0 3.25 3.25 
71912 6280 30 61 56 52 169 0 3.26 3.25 
72084 6439 31 61 57 53 171 0 3.25 3.25 
72256 6471 31 62 58 54 173 0 3.25 3.25 
72428 6471 31 62 58 54 174 2 3.25 4.52 
72600 8313 30 65 61 61 186 0 3.26 3.25 
72772 7128 30 63 58 56 176 0 3.26 4.52 
72944 3490 41 96 73 58 228 4 3.26 3.25 
73116 3216 49 136 96 79 311 0 3.25 3.25 
73288 3200 49 138 97 80 316 0 3.25 3.25 
73460 3189 50 137 97 79 314 7 3.25 3.25 
73632 3714 40 89 70 56 217 0 3.25 3.25 
73804 5703 33 66 60 54 180 0 3.25 3.25 
73976 5703 33 66 60 54 181 8 3.25 3.25 
74148 5703 33 66 60 54 181 0 3.25 3.25 
74320 5703 33 66 60 54 181 0 3.25 3.25 
74492 5703 33 66 60 54 181 8 3.25 3.25 
74664 5985 33 66 60 55 181 0 3.25 4.52 
74836 5985 33 66 60 55 181 0 3.26 3.25 
75008 5985 33 66 60 55 181 4 3.26 3.25 
75180 5985 33 66 60 55 181 0 3.25 3.25 
75352 5985 33 66 60 55 181 0 3.26 4.52 
75524 5985 33 66 60 55 181 0 3.25 4.52 
75696 5985 33 66 60 55 181 0 3.26 4.52 
75868 5985 33 66 60 55 181 0 3.25 3.25 
76040 5985 33 66 60 55 181 0 3.26 3.25 
76212 5985 33 66 60 55 181 0 3.25 3.25 
76384 5985 33 66 60 55 181 0 3.26 3.25 
76556 5086 34 66 59 51 176 0 3.25 3.25 
76728 3690 36 72 59 45 178 0 3.25 3.25 
76900 3580 43 93 73 57 225 0 3.25 3.25 
77072 4199 37 65 58 45 168 0 3.25 3.25 
77244 4113 39 69 61 47 177 2 3.26 3.25 
77416 3204 48 119 87 68 274 0 3.26 3.25 
77588 3129 66 179 126 102 406 0 3.25 3.25 
77760 3114 64 179 125 102 404 6 3.25 3.25 
77932 3095 60 172 119 98 387 0 3.25 3.25 
78104 3131 60 171 119 98 387 0 3.26 3.25 
78276 3120 56 156 109 89 352 9 3.26 3.25 
78448 3102 64 181 126 103 408 0 3.25 3.25 
78620 3166 61 161 115 92 365 0 3.26 3.25 
78792 7057 37 76 71 68 215 8 3.26 3.25 
78964 4755 77 116 115 90 324 0 3.25 3.25 
79136 3591 184 200 213 118 536 0 3.25 4.52 
79308 3537 123 143 146 83 374 7 3.26 3.25 
79480 3439 50 78 69 45 191 0 3.26 3.25 
79652 2007 31 115 67 50 228 0 3.25 3.25 
79824 1816 33 136 75 56 261 2 3.26 3.25 
79996 5180 51 94 86 74 254 0 3.26 3.25 
80168 8519 79 99 125 117 342 0 3.26 3.25 
80340 8797 81 102 129 122 354 0 3.26 3.25 
80512 8972 76 96 122 116 333 0 3.26 4.52 
80684 8572 79 97 124 116 332 0 3.26 3.25 
80856 9628 91 112 147 142 401 0 3.25 3.25 
81028 9227 86 107 138 132 378 0 3.25 3.25 
81200 4998 40 74 67 57 198 0 3.26 19.91 
81373 3591 26 93 63 58 209 0 3.26 3.25 
81545 2599 18 106 62 61 222 0 3.26 3.25 
81717 2575 21 114 67 65 240 0 3.26 3.25 
81889 2293 18 142 79 82 298 0 3.25 4.52 
82061 2363 19 143 80 83 301 0 3.26 3.25 
82233 3719 62 135 107 85 330 0 3.26 3.25 
82405 3973 83 140 125 93 365 0 3.25 3.25 
82577 3908 80 139 122 91 360 0 3.26 3.25 
82749 3908 80 139 122 91 360 0 3.26 3.25 
82921 3908 80 139 122 91 360 0 3.26 3.25 
83093 3908 80 139 122 91 360 3 3.26 3.25 
83265 3890 80 138 121 90 357 0 3.25 3.25 
83437 2872 31 143 88 83 312 0 3.25 3.25 
83609 2369 21 145 82 83 308 6 3.25 3.25 
83781 2519 21 144 82 84 306 0 3.25 3.25 
83953 2519 21 144 82 84 307 0 3.25 3.25 
84125 2519 21 144 82 84 307 6 3.25 3.25 
84297 2519 21 144 82 84 307 0 3.25 3.25 
84469 2519 21 144 82 84 307 0 3.26 3.25 
84641 2519 21 144 82 84 307 4 3.26 3.25 
84813 2519 21 144 82 84 307 0 3.25 3.25 
84985 2519 21 144 82 84 307 0 3.25 3.25 
85157 2519 21 144 82 84 307 1 3.26 3.25 
85329 2519 21 144 82 84 307 0 3.25 3.25 
85501 2519 21 144 82 84 307 0 3.25 3.25 
85673 2519 21 144 82 84 307 0 3.26 3.25 
85845 2519 21 144 82 84 307 0 3.26 3.25 
86017 2519 21 144 82 84 307 0 3.25 3.25 
86189 2519 21 144 82 84 307 0 3.25 3.25 
86361 2519 21 144 82 84 307 0 3.25 3.25 
86533 2519 21 144 82 84 307 0 3.25 3.25 
86705 2519 21 144 82 84 307 0 3.25 3.25 
86877 2519 21 144 82 84 307 0 3.25 3.25 
87049 2519 21 144 82 84 307 0 3.26 3.25 
87221 2519 21 144 82 84 307 0 3.26 3.25 
87393 2519 21 144 82 84 307 4 3.26 3.25 
87565 2519 21 144 82 84 307 0 3.26 3.25 
87737 2519 21 144 82 84 307 0 3.26 3.25 
87909 2519 21 144 82 84 307 6 3.25 3.25 
88081 2519 21 144 82 84 307 0 3.25 3.25 
88253 2519 21 144 82 84 307 0 3.26 3.25 
88425 2519 21 144 82 84 307 6 3.25 3.25 
88597 2519 21 144 82 84 307 0 3.25 3.25 
88769 2519 21 144 82 84 307 0 3.25 3.25 
88941 2519 21 144 82 84 307 4 3.25 3.25 
89113 2519 21 144 82 84 307 0 3.25 3.25 
89285 2519 21 144 82 84 307 0 3.25 3.25 
89457 2519 21 144 82 84 307 1 3.26 3.25 
89629 2519 21 144 82 84 307 0 3.25 3.25 
89801 2519 21 144 82 84 307 0 3.25 3.25 
89973 2519 21 144 82 84 307 0 3.26 3.25 
90145 2519 21 144 82 84 307 0 3.25 3.25 
90317 2519 21 144 82 84 307 0 3.26 3.25 
90489 2519 21 144 82 84 307 0 3.25 3.25 
90661 2519 21 144 82 84 307 0 3.25 3.25 
90833 2519 21 144 82 84 307 0 3.26 3.25 
91005 2519 21 144 82 84 307 0 3.26 3.25 
91177 2519 21 144 82 84 307 1 3.25 3.25 
91349 2519 21 144 82 84 307 0 3.26 3.25 
91521 2519 21 144 82 84 307 0 3.25 3.25 
91693 2519 21 144 82 84 307 3 3.26 3.25 
91865 2519 21 144 82 84 307 0 3.25 3.25 
92037 2519 21 144 82 84 307 0 3.25 3.25 
92209 2519 21 144 82 84 307 6 3.25 3.25 
92381 2519 21 144 82 84 307 0 3.25 3.25 
92553 2519 21 144 82 84 307 0 3.25 3.25 
92725 2519 21 144 82 84 307 7 3.25 3.25 
92897 2519 21 144 82 84 307 0 3.25 3.25 
93069 2519 21 144 82 84 307 0 3.26 3.25 
93241 2519 21 144 82 84 307 6 3.26 3.25 
93413 2519 21 144 82 84 307 0 3.25 3.25 
93585 2519 21 144 82 84 307 0 3.26 3.25 
93757 2519 21 144 82 84 307 4 3.26 3.25 
93929 2519 21 144 82 84 307 0 3.25 3.25 
94101 2519 21 144 82 84 307 0 3.25 3.25 
94273 2519 21 144 82 84 307 1 3.26 3.25 
94445 2431 20 145 82 84 307 0 3.25 3.25 
94617 2431 20 145 82 84 307 0 3.25 3.25 
94789 2431 20 145 82 84 307 0 3.26 3.25 
94961 2431 20 145 82 84 307 0 3.25 3.25 
95133 2431 20 145 82 84 307 0 3.26 3.25 
95305 2431 20 145 82 84 307 0 3.25 4.52 
95477 2431 20 145 82 84 307 0 3.26 3.25 
95649 2431 20 145 82 84 307 0 3.26 3.25 
95821 2431 20 145 82 84 307 0 3.26 3.25 
95993 2431 20 145 82 84 307 0 3.25 3.25 
96165 2431 20 145 82 84 307 0 3.25 3.25 
96337 2431 20 145 82 84 307 0 3.25 3.25 
96509 2431 20 145 82 84 307 3 3.25 3.25 
96681 2431 20 145 82 84 307 0 3.26 3.25 
96853 2431 20 145 82 84 307 0 3.25 3.25 
97025 2431 20 145 82 84 307 5 3.25 3.25 
97197 2431 20 145 82 84 308 0 3.25 3.25 
97369 2431 20 145 82 84 308 0 3.26 3.25 
97541 2431 20 145 82 84 308 7 3.26 3.25 
97713 2431 20 145 82 84 308 0 3.25 3.25 
97885 2431 20 145 82 84 307 0 3.25 3.25 
98057 2431 20 145 82 84 307 7 3.26 3.25 
98229 2431 20 145 82 84 307 0 3.25 3.25 
98401 2431 20 145 82 84 307 0 3.26 3.25 
98573 2431 20 145 82 84 307 5 3.26 3.25 
98745 2431 20 145 82 84 307 0 3.25 43.01 
98919 2431 20 145 82 84 307 2 3.25 43.01 
99093 2431 20 145 82 84 307 0 3.25 3.25 
99265 2431 20 145 82 84 307 0 3.25 3.25 
99437 2431 20 145 82 84 307 0 3.25 3.25 
99609 2431 20 145 82 84 307 0 3.25 3.25 
99781 2431 20 145 82 84 307 0 3.25 3.25 
99953 2431 20 145 82 84 307 0 3.25 3.25 
100125 2431 20 145 82 84 307 1 3.25 3.25 
100297 2431 20 145 82 84 307 0 3.25 3.25 
100469 2431 20 145 82 84 307 0 3.25 3.25 
100641 2431 20 145 82 84 307 3 3.25 3.25 
100813 2263 17 137 76 79 288 0 3.25 3.25 
100985 2341 19 145 81 84 305 0 3.26 3.25 
101157 2383 17 140 78 82 295 6 3.25 3.25 
101329 2138 17 142 78 81 296 0 3.25 3.25 
101501 2205 18 143 79 82 298 0 3.25 4.52 
101673 2273 18 144 80 83 299 7 3.26 4.52 
101845 2273 18 144 80 83 299 0 3.26 3.25 
102017 2273 18 144 80 83 299 0 3.26 3.25 
102189 2273 18 144 80 83 299 6 3.25 3.25 
102361 2273 18 144 80 83 299 0 3.25 3.25 
102533 2273 18 144 80 83 299 0 3.25 3.25 
102705 2273 18 144 80 83 299 14 3.26 4.54 
102877 2273 18 144 80 83 299 0 3.25 3.25 
103049 2273 18 144 80 83 299 0 3.26 3.25 
103221 2273 18 144 80 83 299 8 3.26 4.52 
103393 2273 18 144 80 83 299 0 3.26 4.52 
103565 2273 18 144 80 83 299 0 3.25 3.25 
103737 2273 18 144 80 83 299 3 3.26 3.25 
103909 2273 18 144 80 83 299 2 3.25 3.25 
104081 2273 18 144 80 83 299 0 3.25 4.52 
104253 2273 18 144 80 83 299 0 3.26 4.52 
104425 2273 18 144 80 83 299 0 3.26 4.52 
104597 2273 18 144 80 83 299 0 3.25 3.25 
104769 2273 18 144 80 83 299 0 3.25 4.52 
104941 2273 18 144 80 83 299 0 3.26 3.25 
105113 2273 18 144 80 83 299 0 3.25 4.52 
105285 2273 18 144 80 83 299 0 3.26 3.25 
105457 2273 18 144 80 83 299 0 3.25 4.52 
105629 2273 18 144 80 83 299 0 3.26 3.25 
105801 2273 18 144 80 83 299 0 3.26 4.52 
105973 2273 18 144 80 83 299 1 3.25 3.25 
106145 2273 18 144 80 83 299 0 3.26 4.52 
106317 2273 18 144 80 83 299 0 3.26 3.25 
106489 2273 18 144 80 83 299 4 3.25 4.52 
106661 2273 18 144 80 83 299 0 3.26 3.25 
106833 2273 18 144 80 83 299 0 3.26 4.52 
107005 2273 18 144 80 83 299 6 3.26 3.25 
107177 2273 18 144 80 83 299 0 3.26 4.54 
107349 2273 18 144 80 83 299 0 3.25 3.25 
107521 2273 18 144 80 83 299 6 3.25 4.54 
107693 2273 18 144 80 83 299 0 3.25 4.54 
107865 2273 18 144 80 83 299 0 3.26 4.52 
108037 2273 18 144 80 83 299 17 3.25 3.25 
108209 2273 18 144 80 83 299 0 3.25 4.54 
108381 2273 18 144 80 83 299 0 3.25 3.25 
108553 2273 18 144 80 83 299 15 3.25 4.52 
108725 2273 18 144 80 83 299 0 3.26 3.25 
108897 2273 18 144 80 83 299 0 3.26 4.52 
109069 2273 18 144 80 83 299 2 3.25 3.25 
109241 2273 18 144 80 83 300 0 3.25 3.25 
109413 2188 16 142 78 82 296 0 3.25 3.25 
109585 3697 72 161 126 101 390 0 3.26 3.25 
109757 4029 178 252 244 171 674 0 3.25 3.25 
109929 4001 141 205 196 138 544 0 3.25 3.25 
110101 3764 92 131 124 83 339 0 3.26 3.25 
110273 3198 67 93 84 48 229 0 3.25 3.25 
110445 3924 87 124 119 82 327 0 3.25 3.25 
110617 4061 141 202 195 138 539 0 3.26 3.25 
110789 4036 133 193 185 131 511 0 3.25 3.25 
110961 3975 57 90 83 60 232 0 3.25 3.25 
111133 3319 24 91 60 55 203 0 3.25 3.25 
111305 3300 25 85 57 51 192 0 3.25 3.25 
111477 8682 50 69 83 79 232 0 3.25 3.25 
111649 11938 69 85 117 119 322 0 3.25 3.25 
111821 7146 49 65 76 68 209 0 3.26 3.25 
111993 5410 43 60 64 52 175 0 3.25 3.25 
112165 2480 31 89 58 43 188 0 3.25 3.25 
112337 1866 31 123 69 51 238 3 3.25 3.25 
112509 1963 31 120 69 52 237 0 3.25 3.25 
112681 3547 109 127 130 74 335 0 3.26 3.25 
112853 3584 153 165 176 97 443 5 3.26 3.25 
113025 3566 175 187 200 109 502 0 3.25 3.25 
113197 3564 185 196 211 114 527 0 3.25 3.25 
113369 3564 185 196 211 114 527 7 3.25 3.25 
113541 3556 185 195 210 113 524 0 3.26 3.25 
113713 3567 184 194 209 113 523 0 3.25 3.25 
113885 3567 184 194 209 113 522 7 3.25 3.25 
114057 3567 184 194 209 113 522 0 3.25 3.25 
114229 3567 184 194 209 113 522 0 3.25 3.25 
114401 3567 184 194 209 113 522 5 3.25 3.25 
114573 3567 184 194 209 113 521 0 3.25 3.25 
114745 3565 182 194 208 113 521 0 3.26 3.25 
114917 3565 182 194 208 113 521 3 3.25 3.25 
115089 3565 182 194 208 113 521 0 3.25 3.25 
115261 3602 146 157 168 93 422 0 3.25 3.25 
115433 3560 142 153 163 89 410 0 3.25 3.25 
115605 3568 170 177 192 103 479 0 3.25 3.25 
115777 3572 168 175 190 102 473 0 3.25 3.25 
115949 3563 167 174 189 101 470 0 3.25 3.25 
116121 3570 166 175 189 102 472 0 3.25 3.25 
116293 3570 166 175 189 102 472 0 3.25 3.25 
116465 3572 168 175 190 102 472 0 3.25 3.25 
116637 3572 168 175 190 102 472 0 3.25 3.25 
116809 3572 168 175 190 102 472 0 3.25 3.25 
116981 3572 168 175 190 102 473 0 3.25 3.25 
117153 3572 168 175 190 102 472 0 3.26 3.25 
117325 3572 168 175 190 102 472 0 3.26 3.25 
117497 3572 168 175 190 102 472 0 3.26 3.25 
117669 3572 168 175 190 102 472 3 3.25 3.25 
117841 3572 168 175 190 102 473 0 3.26 3.25 
118013 3572 168 175 190 102 473 0 3.26 3.25 
118185 3572 168 175 190 102 473 7 3.26 3.25 
118357 3570 166 175 189 102 472 0 3.25 3.25 
118529 3599 106 118 124 70 317 0 3.25 3.25 
118701 3493 55 79 73 46 200 7 3.26 3.25 
118873 3084 36 76 58 41 172 0 3.25 3.25 
119045 2501 33 93 61 45 193 0 3.26 3.25 
119217 3356 39 70 58 40 167 6 3.25 3.25 
119389 3701 40 61 56 38 155 0 3.25 3.25 
119561 2164 31 104 63 47 210 0 3.25 3.25 
119733 2046 33 117 69 51 234 2 3.26 3.25 
119905 2084 35 119 71 52 237 0 3.25 3.25 
120077 2084 35 119 71 52 237 0 3.26 3.25 
120249 2084 35 119 71 52 239 0 3.25 3.25 
120421 1970 29 111 64 48 220 0 3.25 3.25 
120593 1848 26 104 58 43 203 0 3.26 3.25 
120765 1926 28 109 62 47 215 0 3.25 3.25 
120937 2034 32 116 68 51 233 0 3.25 3.25 
121109 2041 32 114 67 50 228 0 3.25 3.25 
121281 2017 29 106 62 46 210 0 3.26 3.25 
121453 2054 30 105 62 46 209 0 3.25 3.25 
121625 2076 29 99 59 43 199 0 3.25 3.25 
121797 2057 30 99 59 42 199 0 3.26 3.25 
121969 2126 31 99 60 43 200 3 3.25 3.25 
122141 2712 32 83 57 42 181 0 3.26 3.25 
122313 3016 34 75 56 40 169 0 3.26 3.25 
122485 2970 35 73 55 38 166 7 3.26 3.25 
122657 3190 34 75 57 42 172 0 3.26 3.25 
122829 3190 34 75 57 42 171 0 3.26 3.25 
123001 3190 34 75 57 42 171 7 3.25 3.25 
123173 3190 34 75 57 42 171 0 3.26 3.25 
123345 3190 34 75 57 42 171 0 3.26 3.25 
123517 3190 34 75 57 42 171 3 3.25 3.25 
123689 3190 34 75 57 42 171 0 3.26 3.25 
123861 3190 34 75 57 42 171 0 3.25 3.25 
124033 3190 34 75 57 42 171 0 3.25 3.25 
124205 3190 34 75 57 42 171 0 3.25 3.25 
124377 3190 34 75 57 42 171 0 3.25 3.25 
124549 3190 34 75 57 42 171 0 3.25 3.25 
124721 3190 34 75 57 42 171 0 3.25 3.25 
124893 3190 34 75 57 42 171 0 3.26 3.25 
125065 3190 34 75 57 42 171 0 3.25 3.25 
125237 3190 34 75 57 42 171 1 3.25 3.25 
125409 3190 34 75 57 42 171 0 3.25 3.25 
125581 3190 34 75 57 42 171 0 3.25 3.25 
125753 3190 34 75 57 42 171 4 3.26 3.25 
125925 3190 34 75 57 42 171 0 3.25 3.25 
126097 3190 34 75 57 42 171 0 3.26 3.25 
126269 3190 34 75 57 42 171 20 3.26 3.25 
126441 3190 34 75 57 42 171 0 3.25 3.25 
126613 3190 34 75 57 42 171 0 3.25 3.25 
126785 3190 34 75 57 42 171 17 3.25 3.25 
126957 3190 34 75 57 42 171 0 3.25 3.25 
127129 3190 34 75 57 42 171 0 3.25 3.25 
127301 3190 34 75 57 42 171 1 3.25 3.25 
127473 3190 34 75 57 42 171 0 3.26 3.25 
127645 3190 34 75 57 42 171 0 3.26 3.25 
127817 3190 34 75 57 42 171 0 3.25 3.25 
127989 3190 34 75 57 42 171 0 3.25 3.25 
128161 3190 34 75 57 42 171 0 3.25 3.25 
128333 3190 34 75 57 42 171 0 3.25 3.25 
128505 3190 34 75 57 42 171 0 3.25 3.25 
128677 3190 34 75 57 42 171 0 3.25 3.25 
128849 3190 34 75 57 42 171 0 3.25 3.25 
129021 3190 34 75 57 42 171 0 3.25 3.25 
129193 3190 34 75 57 42 171 0 3.25 3.25 
129365 3190 34 75 57 42 171 0 3.25 3.25 
129537 3190 34 75 57 42 171 3 3.26 3.25 
129709 3190 34 75 57 42 171 0 3.25 3.25 
129881 3190 34 75 57 42 171 0 3.26 3.25 
130053 3190 34 75 57 42 171 6 3.25 3.25 
130225 3190 34 75 57 42 171 0 3.26 3.25 
130397 3190 34 75 57 42 171 0 3.25 3.25 
130569 3190 34 75 57 42 171 7 3.26 3.25 
130741 3190 34 75 57 42 171 0 3.25 3.25 
130913 3190 34 75 57 42 171 0 3.25 3.25 
131085 2982 37 75 57 39 172 5 3.25 3.25 
131257 3533 80 101 99 59 168 0 3.25 3.25 
131429 3604 113 123 131 73 332 0 3.26 3.25 
131601 3624 97 110 115 66 296 0 3.25 3.25 
131773 3545 154 163 175 94 436 0 3.25 3.25 
131945 3541 167 174 188 100 467 0 3.25 3.25 
132117 3558 160 169 182 98 454 0 3.25 3.25 
132289 4869 49 78 76 61 216 0 3.25 3.25 
132461 12713 30 74 70 76 221 0 3.26 4.52 
132633 10073 30 71 66 69 206 0 3.26 3.25 
132805 10073 30 71 66 69 206 0 3.25 4.52 
132977 10073 30 71 66 69 206 0 3.25 3.25 
133149 10073 30 71 66 69 206 0 3.26 3.25 
133321 10073 30 71 66 69 206 0 3.25 3.25 
133493 10073 30 71 66 69 207 0 3.25 3.25 
133665 9513 32 71 67 69 207 0 3.25 3.25 
133837 9513 32 71 67 69 207 3 3.25 3.25 
134009 9513 32 71 67 69 207 0 3.26 3.25 
134181 9513 32 71 67 69 207 0 3.26 3.25 
134353 9513 32 71 67 69 207 6 3.25 4.52 
134525 9513 32 71 67 69 207 0 3.25 4.52 
134697 9513 32 71 67 69 207 0 3.26 4.54 
134869 9513 32 71 67 69 207 7 3.26 4.52 
135041 9513 32 71 67 69 207 0 3.26 3.25 
135213 11626 30 74 69 74 217 0 3.25 3.25 
135385 9524 31 70 66 68 205 6 3.26 3.25 
135557 3668 93 108 112 66 287 0 3.25 3.25 
135729 3564 148 158 169 92 424 0 3.25 3.25 
135901 2804 44 98 71 49 215 2 3.25 3.25 
136073 2542 35 100 66 49 211 0 3.25 3.25 
136245 9875 51 66 85 83 234 0 3.25 3.25 
136417 6869 41 58 65 58 182 0 3.25 3.25 
136589 3405 27 89 61 54 202 0 3.25 3.25 
136761 3494 27 91 62 56 208 0 3.25 3.25 
136933 3864 38 82 66 53 200 0 3.25 3.25 
137105 4086 83 124 118 85 328 0 3.25 3.25 
137277 4058 63 94 89 64 248 0 3.26 3.25 
137449 4031 67 102 96 69 268 0 3.25 3.25 
