=~=~=~=~=~=~=~=~=~=~=~= PuTTY log 2025.11.28 20:00:51 =~=~=~=~=~=~=~=~=~=~=~=
ets Jul 29 2019 12:21:46

rst:0x1 (POWERON_RESET),boot:0x13 (SPI_FAST_FLASH_BOOT)
configsip: 0, SPIWP:0xee
clk_drv:0x00,q_drv:0x00,d_drv:0x00,cs0_drv:0x00,hd_drv:0x00,wp_drv:0x00
mode:DIO, clock div:1
load:0x3fff0030,len:4980
load:0x40078000,len:16612
load:0x40080400,len:3480
entry 0x400805b4
Found sensor
Milis - ColorTemp - Lux - R - G - B - C - Pot - UsensA - UsensB

399 3233 46 88 70 49 205 6 60.93 37.89 
576 3233 46 88 70 49 204 0 60.91 36.52 
753 3233 46 88 70 49 204 6 60.91 36.07 
930 3233 46 88 70 49 204 0 60.93 36.53 
1107 3233 46 88 70 49 204 0 60.93 36.09 
1284 3233 46 88 70 49 204 0 60.94 36.07 
1461 3233 46 88 70 49 205 0 60.94 36.06 
1638 3233 46 88 70 49 205 6 60.91 36.53 
1815 3233 46 88 70 49 205 0 60.93 36.06 
1992 3233 46 88 70 49 205 0 60.91 36.52 
2169 3233 46 88 70 49 205 0 60.93 36.07 
2346 3233 46 88 70 49 205 0 60.93 36.53 
2523 3295 45 88 70 50 205 0 60.93 36.07 
2700 3233 46 88 70 49 205 0 60.91 36.09 
2877 3233 46 88 70 49 205 0 60.93 35.63 
3054 3233 46 88 70 49 205 5 60.93 36.97 
3231 3233 46 88 70 49 205 0 61.03 37.67 
3408 3233 46 88 70 49 205 0 60.60 38.13 
3585 3233 46 88 70 49 205 0 61.03 38.13 
3762 3233 46 88 70 49 205 0 61.03 37.67 
3939 3233 46 88 70 49 205 21 61.03 37.67 
4116 3233 46 88 70 49 205 0 60.91 36.53 
4293 3233 46 88 70 49 205 0 60.62 37.67 
4470 3295 45 88 70 50 205 0 60.60 35.62 
4647 3295 45 88 70 50 206 0 60.60 35.62 
4824 3295 45 88 70 50 206 2 60.59 35.62 
5001 3311 46 88 71 50 206 0 60.60 35.60 
5178 3295 45 88 70 50 206 0 61.03 35.63 
5355 3233 46 88 70 49 205 0 60.60 36.77 
5532 3233 46 88 70 49 205 0 61.03 35.62 
5709 3233 46 88 70 49 205 0 60.60 37.21 
5886 3233 46 88 70 49 205 0 61.05 35.62 
6063 3233 46 88 70 49 205 0 61.03 37.21 
6240 3233 46 88 70 49 205 7 61.03 35.60 
6417 3233 46 88 70 49 204 0 60.60 37.67 
6594 3233 46 88 70 49 204 0 60.89 36.53 
6771 3233 46 88 70 49 204 0 60.59 37.23 
6948 3233 46 88 70 49 204 0 61.03 35.62 
7125 3233 46 88 70 49 204 6 61.03 37.21 
7302 3233 46 88 70 49 204 0 61.03 37.21 
7479 3233 46 88 70 49 204 3 61.01 35.62 
7656 3233 46 88 70 49 204 0 61.03 37.69 
7833 3233 46 88 70 49 204 0 60.59 35.62 
8010 3233 46 88 70 49 204 2 61.03 37.67 
8187 3233 46 88 70 49 204 0 61.03 37.67 
8364 3233 46 88 70 49 204 0 60.60 35.62 
8541 3233 46 88 70 49 204 5 60.60 37.65 
8718 3233 46 88 70 49 204 0 60.60 35.62 
8895 3174 46 88 70 48 204 0 61.03 35.60 
9072 3233 46 88 70 49 204 0 61.03 35.60 
9249 3233 46 88 70 49 204 0 60.60 35.60 
9426 3174 46 88 70 48 204 8 60.60 37.67 
9603 3174 46 88 70 48 204 0 61.03 37.65 
9780 3233 46 88 70 49 204 0 60.60 35.62 
9957 3233 46 88 70 49 204 0 60.60 37.67 
10134 3233 46 88 70 49 204 0 61.03 35.62 
10311 3233 46 88 70 49 204 2 60.60 37.21 
10488 3233 46 88 70 49 205 0 61.03 35.62 
10665 3233 46 88 70 49 205 0 61.03 37.67 
10842 3233 46 88 70 49 205 0 60.60 37.67 
11019 3233 46 88 70 49 205 0 60.60 37.21 
11196 3233 46 88 70 49 205 0 61.03 35.62 
11373 3233 46 88 70 49 205 0 60.60 37.67 
11550 3233 46 88 70 49 205 0 60.60 35.62 
11727 3233 46 88 70 49 205 5 60.60 35.60 
11904 3233 46 88 70 49 205 0 60.91 36.53 
12081 3233 46 88 70 49 205 0 61.03 37.67 
12258 3233 46 88 70 49 205 0 60.60 35.62 
12435 3233 46 88 70 49 205 0 61.03 37.67 
12612 3233 46 88 70 49 205 4 60.60 37.67 
12789 3233 46 88 70 49 205 0 61.03 37.21 
12966 3233 46 88 70 49 205 0 61.03 35.63 
13143 3233 46 88 70 49 205 0 60.91 36.07 
13320 3233 46 88 70 49 205 0 61.03 35.62 
13497 3233 46 88 70 49 205 0 60.60 37.65 
13674 3233 46 88 70 49 205 0 60.60 35.62 
13851 3233 46 88 70 49 205 0 60.62 35.63 
14028 3326 45 89 71 51 207 4 60.60 35.62 
14205 3311 46 88 71 50 207 0 60.62 35.62 
14382 3295 45 88 70 50 206 0 61.17 38.13 
14559 3123 44 87 68 47 200 2 60.60 35.62 
14736 3118 42 85 66 46 196 0 60.74 37.67 
14913 3118 42 85 66 46 195 7 61.17 48.93 
15091 3086 42 84 65 45 192 0 61.17 37.69 
15268 3062 40 84 64 45 191 0 61.17 48.94 
15446 2971 41 83 63 43 188 3 61.17 37.23 
15623 3021 41 82 63 43 187 0 60.74 37.23 
15800 3086 42 84 65 45 193 0 61.03 36.53 
15977 3086 42 84 65 45 193 0 61.03 36.07 
16154 2982 42 85 65 44 193 0 60.60 35.62 
16331 3007 44 85 66 44 193 6 60.60 35.60 
16508 3214 44 88 69 49 204 0 60.59 36.06 
16685 3202 45 87 69 48 202 0 60.60 35.63 
16862 3233 46 88 70 49 205 0 60.60 35.62 
17039 3326 45 89 71 51 207 0 60.59 35.60 
17216 3326 45 89 71 51 207 2 61.06 35.62 
17393 3326 45 89 71 51 207 0 61.06 35.62 
17570 3326 45 89 71 51 208 0 61.06 35.62 
17747 3326 45 89 71 51 207 2 60.64 37.21 
17924 3311 46 88 71 50 207 0 60.93 36.53 
18101 3295 45 88 70 50 206 0 60.66 35.62 
18278 3446 45 88 71 52 209 0 61.06 35.62 
18455 3151 43 86 67 47 198 0 60.91 36.09 
18632 3183 43 87 68 48 202 6 60.91 36.53 
18809 3466 44 89 71 53 211 0 60.93 36.07 
18986 3466 44 89 71 53 213 0 61.03 35.62 
19163 3466 44 89 71 53 212 0 60.60 37.67 
19340 3477 45 89 72 53 213 0 60.60 35.63 
19517 3426 45 90 72 53 213 3 60.62 35.62 
19694 3426 45 90 72 53 213 0 60.60 35.62 
19871 3477 45 89 72 53 208 0 60.60 35.63 
20048 3477 45 89 72 53 211 0 61.01 60.66 
20226 3394 45 89 71 52 210 0 63.51 59.26 
20404 3395 55 97 81 56 234 0 59.06 55.78 
20582 4083 60 89 85 61 235 0 64.51 49.10 
20760 5838 50 56 69 55 180 0 53.24 54.83 
20938 7417 65 60 89 76 225 0 16.47 48.91 
21113 7459 73 63 98 83 245 0 13.82 43.42 
21288 6672 68 68 93 77 238 0 49.01 43.21 
21465 4148 34 55 51 38 143 0 16.15 41.31 
21640 3437 31 61 49 36 146 0 16.15 9.40 
21813 2448 26 91 57 46 193 0 10.10 38.79 
21987 2361 26 96 59 48 201 0 9.08 9.40 
22159 2695 28 81 54 42 176 0 43.10 7.74 
22333 2848 28 77 53 41 170 4 42.89 8.72 
22507 2944 26 70 49 38 156 0 42.28 9.40 
22681 3262 28 63 48 36 146 0 41.62 36.07 
22857 4933 43 59 62 48 169 0 9.42 36.07 
23031 4853 44 58 62 47 168 0 41.60 9.40 
23205 5012 46 60 65 50 176 0 42.08 9.40 
23379 5562 58 69 81 64 214 0 42.06 38.13 
23555 5541 58 68 80 63 211 0 42.06 38.13 
23731 5541 58 68 80 63 211 0 42.48 36.53 
23907 5621 58 68 81 64 212 0 35.44 36.29 
24082 6476 82 84 112 92 288 0 34.42 35.41 
24257 7146 107 99 145 122 368 0 33.40 33.59 
24432 7173 111 101 150 126 380 0 28.19 27.86 
24606 7032 99 92 134 112 340 0 23.60 23.83 
24780 5207 54 76 80 64 220 0 24.21 61.06 
24956 1838 21 104 57 48 207 0 64.94 40.63 
25133 5913 77 95 111 91 298 0 60.88 51.12 
25311 6845 123 120 168 140 431 0 57.26 35.85 
25488 3878 48 105 84 68 255 1 55.59 49.44 
25665 2187 27 104 62 50 213 0 51.54 47.57 
25842 1923 34 128 73 54 252 0 50.69 45.59 
26019 2558 151 213 173 72 464 17 46.65 44.20 
26195 2532 171 241 195 79 523 0 43.49 39.27 
26371 2538 166 235 190 78 509 3 18.99 37.01 
26545 3866 110 177 160 115 453 0 33.66 32.57 
26720 1649 14 145 75 78 293 7 27.61 27.85 
26894 6974 90 132 145 131 411 0 20.59 20.23 
27068 2789 46 138 92 74 301 0 15.83 15.79 
27241 3376 126 162 155 89 409 0 14.48 15.13 
27414 3576 178 199 208 117 529 0 14.14 14.81 
27587 3551 171 194 201 113 512 8 14.14 14.81 
27760 3562 173 195 203 114 516 0 14.16 14.81 
27933 3562 173 195 203 114 516 0 15.50 14.81 
28106 3562 173 195 203 114 516 1 15.83 14.79 
28279 3550 174 196 204 114 518 0 18.68 9.40 
28452 3566 169 188 197 110 500 0 9.08 16.12 
28625 3485 143 172 172 98 447 0 27.34 15.79 
28799 1636 24 146 70 53 262 4 28.19 17.39 
28973 1704 26 123 65 49 231 1 19.30 17.07 
29146 4205 49 93 80 64 234 0 20.59 28.14 
29320 7294 106 128 159 141 430 0 22.46 42.42 
29495 7687 114 137 173 156 470 0 30.06 37.45 
29670 7568 115 138 174 156 471 0 33.13 39.03 
29845 6431 71 101 111 97 311 0 35.68 39.92 
30021 3049 26 101 65 59 225 2 36.13 39.49 
30197 2810 24 105 65 60 230 0 32.11 38.79 
30372 2810 24 105 65 60 229 6 36.14 49.25 
30548 4872 43 90 77 67 235 0 40.46 49.25 
30724 7473 106 129 161 144 437 0 41.84 55.66 
30901 7614 117 139 176 158 476 0 43.88 9.74 
31075 7604 115 137 174 156 471 0 68.41 9.74 
31251 7505 112 134 169 151 457 0 66.74 64.67 
31430 7006 96 115 142 124 385 0 7.43 58.56 
31605 7516 113 136 171 153 464 4 8.74 59.38 
31780 7712 120 143 182 164 493 0 59.48 7.74 
31955 7221 103 124 154 136 417 7 58.79 11.08 
32130 8347 95 114 147 136 400 0 56.41 13.79 
32305 8717 101 121 158 148 430 7 16.15 15.79 
32478 8501 101 120 156 145 423 0 15.50 61.63 
32654 7848 75 95 117 107 321 0 52.55 52.63 
32831 10495 88 106 143 141 391 0 61.57 55.64 
33009 6844 46 89 85 80 254 0 113.39 35.39 
33189 3280 22 108 67 66 238 5 51.03 50.44 
33366 4065 133 190 184 130 509 0 34.17 35.62 
33541 2971 84 122 105 57 285 0 15.83 31.55 
33715 2733 97 143 118 58 320 0 9.42 30.77 
33889 2792 31 87 59 46 189 1 9.42 30.00 
34062 2526 33 102 66 51 216 0 8.38 29.48 
34235 2521 34 103 67 51 219 0 30.06 7.74 
34408 2467 32 104 66 52 219 0 30.04 8.36 
34581 2429 33 104 66 51 219 0 30.04 7.09 
34754 2430 31 103 65 51 217 0 29.78 7.09 
34927 2430 31 103 65 51 217 0 29.78 8.06 
35100 2549 34 105 68 53 223 0 29.27 28.42 
35275 2794 35 109 72 59 236 2 12.46 15.79 
35448 2794 36 108 72 58 234 0 16.15 27.56 
35622 2613 34 102 67 52 218 0 25.89 26.13 
35796 3187 33 73 55 41 168 0 24.75 22.97 
35970 2801 35 95 65 50 207 0 16.46 21.18 
36143 2587 29 87 57 44 185 0 13.12 20.86 
36316 3045 34 79 58 43 177 0 50.52 56.47 
36493 2852 34 89 62 47 196 0 52.22 56.90 
36671 2966 35 87 62 47 195 0 49.18 42.81 
36848 3416 51 99 80 58 236 0 15.50 46.97 
37023 3306 77 115 102 63 280 1 14.48 9.06 
37196 3196 51 78 68 41 186 0 45.47 7.74 
37370 3346 46 70 62 39 171 0 16.15 8.04 
37543 3401 45 67 60 38 166 0 15.83 5.81 
37715 3471 41 62 56 36 155 0 43.49 5.17 
37889 3416 41 63 56 36 155 0 42.30 5.17 
38063 3780 44 66 61 42 169 0 42.50 5.80 
38237 3917 51 79 73 52 201 0 42.48 44.79 
38413 3860 50 77 71 50 196 0 42.48 44.81 
38589 3860 50 77 71 50 196 0 42.50 44.79 
38765 3860 50 77 71 50 196 0 42.48 44.81 
38941 3860 50 77 71 50 196 5 45.87 44.00 
39117 3911 50 76 71 50 194 0 13.48 45.41 
39292 3296 48 73 64 40 176 6 51.36 16.12 
39467 3371 48 73 65 41 179 0 61.17 16.75 
39643 3224 57 85 75 45 204 0 59.50 55.93 
39821 3238 57 83 74 44 202 0 58.24 52.29 
39999 3223 52 79 69 42 189 2 56.30 52.82 
40177 3266 49 74 65 40 179 0 50.54 51.97 
40354 3812 44 67 62 43 173 0 49.35 47.40 
40531 3475 51 71 66 41 179 0 46.26 43.60 
40707 3696 51 74 69 46 192 2 46.67 43.20 
40883 3099 64 94 82 47 224 0 41.36 37.67 
41059 3595 62 88 82 53 225 20 38.88 32.56 
41234 4092 104 156 148 107 413 0 29.53 26.71 
41408 3459 25 99 65 61 222 7 25.89 23.83 
41582 8331 49 66 80 75 222 0 38.88 40.85 
41758 3297 43 86 68 49 201 2 35.90 38.35 
41934 2302 32 99 62 46 204 0 32.62 18.95 
42108 2580 35 94 63 46 201 6 14.82 13.79 
42281 3387 78 106 99 59 266 0 9.76 13.12 
42454 3558 153 162 174 94 435 0 6.46 12.15 
42626 4768 62 94 93 73 261 7 10.10 8.06 
42798 4705 50 85 79 64 242 0 11.10 9.40 
42970 5010 41 81 72 62 217 0 11.44 9.40 
43142 4880 43 82 73 62 219 8 14.16 8.06 
43314 4932 41 82 72 62 218 0 14.14 7.74 
43486 6224 39 82 74 69 225 0 15.83 10.08 
43659 7121 39 79 74 71 223 22 16.15 9.74 
43832 10602 34 79 74 78 231 0 16.46 16.44 
44005 4019 72 94 95 64 253 0 15.83 15.79 
44178 3555 159 166 180 96 447 1 19.31 19.28 
44351 3556 136 148 157 86 395 0 22.73 22.13 
44525 2129 33 111 67 49 222 0 24.45 26.42 
44699 1870 31 125 70 53 243 0 28.48 30.00 
44874 5763 45 82 78 69 229 0 32.88 36.53 
45049 11383 70 88 118 119 326 0 55.74 51.78 
45226 8464 68 85 107 100 293 5 53.58 52.62 
45403 10231 85 101 137 134 375 0 51.03 50.95 
45580 10481 85 103 139 137 380 0 46.07 17.07 
45755 9573 72 89 116 112 318 0 15.50 43.42 
45930 11019 68 85 114 114 314 0 12.80 43.01 
46104 11946 68 83 114 116 315 0 9.08 40.41 
46278 9098 56 72 91 87 251 1 7.43 36.99 
46452 11004 59 74 99 99 272 0 8.06 36.53 
46626 10835 64 83 108 108 298 2 8.38 35.63 
46800 10946 63 80 106 106 292 0 8.38 35.63 
46974 10945 61 77 102 102 283 0 7.43 15.79 
47147 10945 61 77 102 102 282 0 35.44 33.59 
47322 11557 62 76 104 105 287 0 7.43 33.59 
47496 11609 63 76 105 106 288 0 35.46 9.40 
47670 12005 61 76 104 106 287 0 34.68 9.74 
47844 11064 60 74 100 100 274 6 34.68 8.06 
48018 11528 61 75 102 103 280 0 34.68 6.77 
48192 11528 61 75 102 103 280 0 34.68 9.40 
48366 11528 61 75 102 103 281 0 34.70 32.83 
48541 11528 61 75 102 103 281 0 34.68 15.79 
48715 11528 61 75 102 103 281 0 34.68 9.74 
48889 11528 61 75 102 103 281 0 34.68 15.79 
49063 11528 61 75 102 103 281 0 34.68 9.74 
49237 11528 61 75 102 103 281 0 34.68 7.09 
49411 11528 61 75 102 103 281 7 34.68 7.09 
49585 11528 61 75 102 103 281 0 34.68 7.09 
49759 11528 61 75 102 103 281 12 34.68 7.09 
49933 11528 61 75 102 103 281 0 34.68 7.09 
50107 11528 61 75 102 103 281 0 34.68 7.09 
50281 11528 61 75 102 103 281 0 34.68 34.12 
50456 11528 61 75 102 103 281 0 34.68 34.12 
50631 11528 61 75 102 103 281 0 35.21 33.08 
50806 11528 61 75 102 103 281 0 48.04 38.81 
50982 11043 61 75 101 101 278 0 35.21 35.62 
51157 8427 51 67 82 77 225 0 35.68 33.34 
51332 3764 29 63 50 40 152 0 48.64 38.81 
51508 3258 24 90 59 54 200 0 36.14 49.44 
51684 3774 25 77 55 49 178 0 28.76 25.86 
51858 8760 47 61 76 72 210 0 18.68 9.06 
52031 7550 53 83 90 84 256 0 17.71 15.49 
52204 2732 42 99 70 49 216 0 16.13 17.07 
52377 3554 140 150 160 87 401 7 31.33 20.23 
52551 8115 33 67 65 64 189 0 29.53 17.37 
52725 9075 27 59 56 57 172 0 16.13 10.08 
52898 14081 29 72 68 75 215 0 16.15 8.36 
53071 8773 35 77 72 73 221 0 18.05 7.74 
53244 3216 57 135 100 77 311 6 16.15 9.40 
53417 2919 69 194 133 106 431 0 17.41 7.41 
53590 2974 67 191 131 106 427 0 16.46 10.74 
53763 2995 67 192 132 107 430 2 19.31 11.76 
53936 3036 66 184 128 103 412 0 19.30 7.74 
54109 3282 54 131 97 76 303 0 22.15 11.42 
54282 3175 55 148 105 85 339 0 16.15 15.79 
54455 4562 35 74 62 53 190 0 22.44 21.49 
54629 10609 27 62 59 62 183 6 42.87 17.39 
54804 8479 32 67 64 64 195 0 47.84 42.62 
54980 9068 28 61 58 59 178 0 47.46 48.94 
55157 7638 27 57 53 52 163 0 48.64 30.79 
55333 6180 27 54 50 46 150 0 48.64 30.77 
55509 6354 28 54 51 47 151 0 42.48 29.48 
55684 6354 28 54 51 47 151 0 49.01 29.48 
55860 6580 26 54 50 47 151 0 47.26 29.48 
56036 6580 26 54 50 47 151 0 48.64 30.77 
56212 6180 27 54 50 46 151 5 48.64 30.77 
56388 6580 26 54 50 47 151 0 48.64 29.48 
56564 6180 27 54 50 46 151 0 48.64 30.77 
56740 6580 26 54 50 47 151 0 47.26 29.50 
56916 6180 27 54 50 46 151 0 47.26 29.50 
57092 6180 27 54 50 46 151 0 48.64 29.48 
57268 6580 26 54 50 47 151 0 48.65 30.77 
57444 6580 26 54 50 47 151 0 47.26 29.48 
57620 6180 27 54 50 46 151 0 47.26 29.48 
57796 6580 26 54 50 47 151 6 47.26 29.48 
57972 6580 26 54 50 47 151 0 48.64 30.77 
58148 6180 27 54 50 46 151 0 47.24 29.48 
58324 6354 28 54 51 47 151 0 48.64 30.77 
