=~=~=~=~=~=~=~=~=~=~=~= PuTTY log 2025.11.28 19:56:19 =~=~=~=~=~=~=~=~=~=~=~=
ets Jul 29 2019 12:21:46

rst:0x1 (POWERON_RESET),boot:0x13 (SPI_FAST_FLASH_BOOT)
configsip: 0, SPIWP:0xee
clk_drv:0x00,q_drv:0x00,d_drv:0x00,cs0_drv:0x00,hd_drv:0x00,wp_drv:0x00
mode:DIO, clock div:1
load:0x3fff0030,len:4980
load:0x40078000,len:16612
load:0x40080400,len:3480
entry 0x400805b4
Found sensor
Milis - ColorTemp - Lux - R - G - B - C - Pot - UsensA - UsensB

399 3074 37 75 58 40 171 0 63.56 39.51 
576 3037 38 79 60 42 179 0 63.56 40.63 
753 3158 37 78 60 43 178 0 63.56 40.17 
930 3158 37 78 60 43 179 10 63.56 41.09 
1107 3158 37 78 60 43 179 0 63.58 39.29 
1284 3126 39 79 61 43 179 0 63.58 40.63 
1461 3126 39 79 61 43 179 0 63.58 39.73 
1638 3126 39 79 61 43 179 0 63.60 40.63 
1815 3126 39 79 61 43 179 0 63.58 40.19 
1992 3126 39 79 61 43 179 0 63.58 40.63 
2169 3126 39 79 61 43 179 0 63.58 40.63 
2346 3126 39 79 61 43 179 8 63.58 40.19 
2523 3126 39 79 61 43 179 0 63.58 40.19 
2700 3126 39 79 61 43 179 0 63.58 41.07 
2877 3126 39 79 61 43 179 2 63.60 40.17 
3054 3126 39 79 61 43 179 0 63.58 40.19 
3231 3126 39 79 61 43 179 0 63.60 39.73 
3408 3126 39 79 61 43 179 0 63.58 40.19 
3585 3126 39 79 61 43 179 0 63.58 39.73 
3762 3126 39 79 61 43 179 5 63.58 40.63 
3939 3126 39 79 61 43 179 0 63.58 40.17 
4116 3194 38 79 61 44 180 0 63.56 40.63 
4293 3126 39 79 61 43 180 6 63.58 39.73 
4470 3126 39 79 61 43 180 0 63.58 40.63 
4647 3126 39 79 61 43 180 0 63.56 40.19 
4824 3126 39 79 61 43 180 0 63.58 40.63 
5001 3126 39 79 61 43 180 0 63.56 40.63 
5178 3126 39 79 61 43 180 3 63.58 40.63 
5355 3126 39 79 61 43 180 0 63.56 40.17 
5532 3126 39 79 61 43 180 0 63.56 40.65 
5709 3126 39 79 61 43 180 9 63.58 39.73 
5886 3194 38 79 61 44 180 0 63.58 40.61 
6063 3194 38 79 61 44 180 0 63.58 40.17 
6240 3126 39 79 61 43 180 0 63.58 40.19 
6417 3126 39 79 61 43 180 0 63.56 40.19 
6594 3126 39 79 61 43 180 1 63.60 40.17 
6771 3126 39 79 61 43 180 0 63.58 40.17 
6948 3126 39 79 61 43 180 0 63.29 38.15 
7125 3126 39 79 61 43 180 9 63.29 38.13 
7302 3055 38 77 59 41 174 0 63.85 36.77 
7479 3055 38 77 59 41 173 0 64.26 36.99 
7656 3056 37 72 56 38 164 0 64.28 39.49 
7833 3281 35 69 55 39 161 0 64.26 39.05 
8010 3685 35 72 58 45 173 0 64.26 39.51 
8187 3685 35 72 58 45 174 0 63.72 38.13 
8364 3609 35 70 57 43 168 0 63.29 38.57 
8541 2964 36 72 55 37 161 9 63.31 38.13 
8718 2951 35 75 56 39 168 0 63.29 38.59 
8895 2946 36 74 56 38 167 0 63.29 38.13 
9072 2946 36 74 56 38 167 1 63.29 38.59 
9249 2946 36 74 56 38 167 0 63.29 38.13 
9426 2946 36 74 56 38 167 0 63.31 38.13 
9603 2946 36 74 56 38 167 0 63.31 38.13 
9780 2946 36 74 56 38 167 0 63.31 38.13 
9957 2946 36 74 56 38 167 7 63.29 38.13 
10134 2946 36 74 56 38 167 0 63.33 38.13 
10311 2946 36 74 56 38 167 0 64.28 38.59 
10488 3065 36 73 56 39 166 5 64.14 30.77 
10665 3201 34 67 53 37 155 0 63.31 63.00 
10844 3106 35 69 54 37 158 0 63.02 63.00 
11023 2928 36 76 57 39 168 6 62.59 55.78 
11201 2959 38 76 58 39 168 0 62.32 41.34 
11378 3224 34 65 52 36 151 0 62.32 40.87 
11555 3570 33 61 51 37 147 9 62.34 43.01 
11732 3612 34 62 52 38 148 0 62.75 62.73 
11911 3612 34 62 52 38 148 0 64.12 44.40 
12089 3085 35 71 55 38 162 9 63.87 65.67 
12268 2977 39 84 63 44 187 0 63.87 55.90 
12446 2890 40 83 62 42 184 0 62.73 61.49 
12624 2909 38 82 61 42 183 0 61.63 37.21 
12801 2928 36 76 57 39 169 0 61.34 39.25 
12978 3230 33 60 49 33 140 0 61.35 39.27 
13155 3191 34 61 50 33 140 6 61.35 42.26 
13332 3165 33 61 49 33 140 0 61.35 39.25 
13509 3165 33 61 49 33 140 0 61.34 39.71 
13686 3165 33 61 49 33 140 4 61.49 59.98 
13864 3165 33 61 49 33 140 0 61.88 60.64 
14042 3191 34 61 50 33 141 0 61.90 60.67 
14220 3556 32 58 49 35 141 6 62.29 60.66 
14398 3667 32 58 49 36 142 0 61.86 61.47 
14576 3667 32 58 49 36 142 0 62.27 61.06 
14754 3667 32 58 49 36 142 4 62.27 61.06 
14932 3667 32 58 49 36 142 0 61.86 60.66 
15110 3667 32 58 49 36 142 0 62.29 61.08 
15288 3667 32 58 49 36 142 0 62.27 61.08 
15466 3667 32 58 49 36 142 0 62.29 60.66 
15644 3556 32 58 49 35 142 0 62.27 40.41 
15821 3556 32 58 49 35 142 0 62.27 61.05 
15999 3438 32 58 48 34 142 0 62.29 61.05 
16177 3438 32 58 48 34 142 0 62.29 61.06 
16355 3438 32 58 48 34 141 0 62.29 56.46 
16533 3438 32 58 48 34 141 0 62.29 56.90 
16711 3438 32 58 48 34 141 0 62.29 55.64 
16889 3438 32 58 48 34 141 0 62.27 56.05 
17067 3438 32 58 48 34 141 3 62.29 60.64 
17245 3438 32 58 48 34 141 0 61.88 60.66 
17423 3544 31 58 48 35 141 0 61.86 61.05 
17601 3556 32 58 49 35 141 5 60.89 42.42 
17778 3667 32 58 49 36 142 0 22.44 55.76 
17954 3496 34 59 50 35 143 0 53.58 16.42 
18129 5054 40 51 56 43 151 0 50.37 14.81 
18304 3946 35 59 53 39 151 0 48.84 48.76 
18481 3544 50 85 73 51 206 0 46.65 46.95 
18658 3225 72 106 94 56 256 0 45.66 6.77 
18832 3106 68 103 89 52 245 4 50.54 10.08 
19007 3117 63 93 81 47 220 0 46.48 15.79 
19182 3934 48 71 67 47 188 2 43.30 43.62 
19358 4035 68 105 98 71 273 0 13.12 41.99 
19532 4060 66 103 96 70 270 5 13.12 41.31 
19706 4022 64 101 93 68 262 0 14.82 38.57 
19880 3999 63 100 92 67 260 0 16.15 15.81 
20053 4028 56 89 82 60 231 0 54.93 12.77 
20228 3623 26 77 55 48 179 0 48.06 9.74 
20403 3699 28 70 53 44 166 0 48.84 9.40 
20578 3546 27 81 57 50 185 0 46.26 8.74 
20752 3550 26 84 58 52 193 0 47.46 6.77 
20926 3531 27 89 61 55 204 0 41.38 5.49 
21100 3531 27 89 61 55 204 2 41.38 5.49 
21274 3494 27 91 62 56 208 0 43.28 37.43 
21450 3586 27 90 62 56 206 0 39.10 4.52 
21624 4956 32 76 62 56 193 0 35.90 4.20 
21798 9245 47 61 77 74 213 6 40.02 4.84 
21972 3449 36 82 63 49 193 0 34.42 5.49 
22146 2406 36 104 67 49 217 0 29.00 29.73 
22321 3231 55 89 76 48 214 0 9.76 17.07 
22494 3602 115 128 135 76 344 0 13.82 22.69 
22667 3633 101 113 119 68 306 0 19.31 17.07 
22840 3598 102 113 119 67 306 0 29.27 17.05 
23014 3622 102 112 119 67 306 7 27.61 17.07 
23188 3598 102 113 119 67 306 0 27.62 16.12 
23362 3622 102 112 119 67 306 0 27.61 17.07 
23536 3598 102 113 119 67 306 0 27.90 29.75 
23711 3622 102 112 119 67 306 0 28.19 16.12 
23885 3632 95 108 113 65 292 0 29.02 30.77 
24060 3609 96 109 114 65 295 0 30.29 30.51 
24235 3632 95 108 113 65 292 0 31.60 31.28 
24410 3640 84 96 100 58 258 0 34.17 32.04 
24585 3537 132 144 152 83 382 0 36.36 35.63 
24760 3566 149 158 170 92 425 0 16.15 38.57 
24934 3580 127 138 147 81 370 0 41.40 46.99 
25110 3605 125 138 146 82 369 0 16.78 41.79 
25285 3589 102 115 120 68 306 0 15.83 43.60 
25460 3627 126 140 148 84 375 0 16.46 15.79 
25633 3623 134 147 156 88 394 0 17.41 48.35 
25808 3611 127 141 149 84 378 0 16.15 42.01 
25983 3657 96 107 113 65 289 0 16.47 41.09 
26158 3616 122 134 142 80 360 0 13.48 15.81 
26331 3639 132 146 155 88 392 0 46.87 16.12 
26506 3597 125 140 147 83 373 0 46.85 16.12 
26681 3621 110 122 129 73 329 0 9.08 39.27 
26855 3548 140 152 161 88 405 0 8.07 35.85 
27029 3537 121 135 141 78 359 0 7.75 55.79 
27204 3549 59 78 75 46 202 0 9.08 55.79 
27379 2558 34 91 61 44 193 10 10.76 15.79 
27552 2181 30 100 61 45 202 0 9.76 37.23 
27726 2231 32 100 62 45 202 5 10.10 38.15 
27900 2074 31 104 62 45 207 0 9.76 9.74 
28072 2097 30 108 64 49 216 0 55.86 9.74 
28247 2073 29 105 62 47 209 0 60.06 50.12 
28425 2963 32 72 53 38 163 2 4.86 56.92 
28600 2739 30 74 52 37 162 0 4.86 56.05 
28775 2739 30 74 52 37 161 3 4.86 56.05 
28950 2739 30 74 52 37 162 0 4.86 55.95 
29125 2739 30 74 52 37 162 3 4.86 55.93 
29300 2739 30 74 52 37 162 0 4.86 55.93 
29475 2739 30 74 52 37 162 4 4.86 55.52 
29650 2739 30 74 52 37 162 0 4.86 56.49 
29825 2739 30 74 52 37 162 2 4.86 55.51 
30000 2739 30 74 52 37 162 0 4.86 56.05 
30175 2739 30 74 52 37 162 0 4.86 55.51 
30350 2739 30 74 52 37 162 0 4.86 55.95 
30525 2739 30 74 52 37 162 0 4.86 55.51 
30700 2739 30 74 52 37 162 0 55.86 49.27 
30877 2739 30 74 52 37 162 0 53.75 54.31 
31055 2739 30 74 52 37 162 0 53.75 43.62 
31232 2739 30 74 52 37 162 0 53.74 54.67 
31410 2739 30 74 52 37 162 0 53.74 55.17 
31588 2739 30 74 52 37 162 2 39.34 58.58 
31765 2536 30 81 54 39 172 0 32.62 28.99 
31940 1932 27 107 61 46 211 0 29.02 27.30 
32114 4793 39 78 68 58 203 0 25.60 25.86 
32288 11437 73 90 122 123 336 5 22.44 26.42 
32462 11850 75 92 126 128 347 0 22.15 29.22 
32636 8315 64 82 102 95 280 3 18.68 20.54 
32809 10471 86 104 140 138 385 0 15.83 15.79 
32982 10189 87 106 142 139 389 0 13.82 16.75 
33155 4573 46 99 83 71 251 1 7.75 9.40 
33327 1635 26 138 70 53 256 0 7.75 24.70 
33500 2380 31 92 59 43 192 0 9.42 22.12 
33673 1731 26 114 61 45 215 0 6.46 23.56 
33846 1636 24 146 70 53 262 0 23.02 18.33 
34020 1657 23 144 68 51 257 6 11.12 16.12 
34193 2889 80 146 114 71 331 0 15.83 14.47 
34366 3578 179 199 209 117 531 0 15.52 14.81 
34539 3623 128 156 157 94 411 6 16.46 12.78 
34712 3789 168 232 223 148 610 0 16.46 12.78 
34885 3771 203 282 270 179 742 9 16.46 14.13 
35058 3791 204 282 271 180 744 0 16.78 19.26 
35231 3778 204 283 271 180 745 0 6.46 12.77 
35403 3785 204 284 272 181 747 0 7.43 12.78 
35575 3785 204 284 272 181 748 0 9.08 9.42 
35747 3785 206 284 273 181 749 0 11.78 15.79 
35920 3822 154 208 203 134 553 0 10.10 16.12 
36093 3581 122 150 150 89 390 0 16.46 17.37 
36266 3558 175 197 205 115 521 7 11.78 16.12 
36439 3555 148 168 174 98 445 3 16.46 27.28 
36613 2553 58 132 92 60 282 0 20.26 32.84 
36787 5131 54 101 92 79 270 0 20.57 20.23 
36961 10186 91 112 149 146 410 0 19.94 23.27 
37135 10296 92 109 148 145 404 0 20.26 22.41 
37309 9921 90 109 145 141 398 0 21.84 22.97 
37483 9673 92 112 148 143 406 6 23.89 22.97 
37657 10526 86 103 140 138 383 0 27.05 24.41 
37831 9676 74 91 120 116 329 7 29.27 24.70 
38005 54335 36 73 91 114 250 0 29.27 24.70 
38179 10702 71 86 116 115 318 0 29.27 24.70 
38353 10984 69 87 116 116 319 0 19.31 24.41 
38527 10621 71 88 117 116 321 0 16.15 35.63 
38701 8915 72 90 115 109 315 0 14.48 22.42 
38874 10798 88 107 145 144 398 0 24.46 18.33 
39048 9079 81 102 130 124 358 6 23.60 17.07 
39222 6264 61 85 94 81 259 0 10.44 19.28 
39395 6031 56 77 85 72 234 0 10.10 9.74 
39567 4503 36 90 71 63 223 0 49.50 10.08 
39742 1933 16 137 74 76 283 0 8.06 15.81 
39915 1777 14 140 74 78 288 2 7.43 48.94 
40089 1831 14 141 75 79 290 0 9.42 9.40 
40261 1770 14 142 75 79 292 0 6.14 16.12 
40433 1809 15 143 76 79 294 0 43.88 16.12 
40608 1764 14 144 76 80 297 0 44.27 16.12 
40783 1860 16 144 77 80 297 0 45.07 9.74 
40957 1831 14 141 75 79 291 0 8.74 16.12 
41130 1816 15 141 75 78 290 4 7.75 16.12 
41303 1831 14 141 75 79 291 0 9.08 45.78 
41477 2120 17 119 66 66 246 0 10.44 9.74 
41649 2708 22 96 59 54 205 0 9.08 8.06 
41821 2963 23 87 56 50 192 0 39.56 9.40 
41995 2734 22 94 58 53 204 6 39.32 5.81 
42169 2913 22 92 58 53 202 0 39.56 5.81 
42343 2778 25 100 63 56 217 0 38.66 7.74 
42517 2733 26 104 65 58 226 0 41.60 6.77 
42691 2733 26 104 65 58 226 0 38.66 5.81 
42865 2733 26 104 65 58 226 0 38.20 5.49 
43039 2733 26 104 65 58 226 6 38.20 9.06 
43213 2733 26 104 65 58 226 0 38.20 5.81 
43387 2733 26 104 65 58 226 0 38.20 5.81 
43561 2733 26 104 65 58 226 5 37.28 42.23 
43737 2733 26 104 65 58 226 0 37.74 16.12 
43911 2733 26 104 65 58 227 2 37.74 40.17 
44087 2733 26 104 65 58 227 0 37.74 40.19 
44263 2733 26 104 65 58 227 0 37.74 40.17 
44439 2733 26 104 65 58 227 2 37.74 40.17 
44615 2733 26 104 65 58 227 0 37.74 40.19 
44791 2733 26 104 65 58 227 0 38.42 40.87 
44967 2733 26 104 65 58 226 0 41.62 15.79 
45142 4000 126 189 178 127 499 3 16.15 31.26 
45316 3984 202 286 276 192 763 0 12.46 11.42 
45489 3977 201 285 275 191 761 0 12.46 13.11 
45662 3971 192 272 262 182 724 0 13.14 13.46 
45835 4124 95 134 131 93 366 0 11.46 16.12 
46008 4188 81 112 111 79 310 6 15.52 49.44 
46183 3567 78 109 102 65 281 0 53.92 48.93 
46360 2590 118 168 137 59 368 0 48.25 45.00 
46537 2494 141 210 165 70 447 0 45.27 43.42 
46713 2496 177 253 202 81 543 0 42.48 41.09 
46889 2494 185 264 211 84 568 0 16.78 36.07 
47063 3596 164 234 218 141 600 0 11.78 27.00 
47236 3689 97 192 157 120 471 0 13.12 28.44 
47410 2529 21 118 69 67 251 0 30.82 28.97 
47585 6771 109 132 161 139 434 0 30.55 29.50 
47760 7189 129 155 193 170 523 0 28.48 31.28 
47935 7090 130 155 193 169 522 0 25.91 35.62 
48110 7126 131 155 194 170 523 0 15.50 20.55 
48283 2095 39 144 85 66 290 0 16.46 15.81 
48456 3221 122 175 156 92 425 7 9.08 15.49 
48629 3570 186 219 223 129 580 0 9.08 15.47 
48802 3582 189 223 227 132 591 0 9.08 15.49 
48975 3590 189 224 228 133 593 1 9.08 15.47 
49148 3579 191 225 229 133 594 0 9.08 16.44 
49321 3579 191 225 229 133 595 0 9.08 15.49 
49494 3579 191 225 229 133 595 0 17.41 16.44 
49667 3579 191 225 229 133 596 0 16.15 11.42 
49840 3579 191 225 229 133 596 4 16.15 7.09 
50013 3517 182 212 216 122 556 0 9.42 9.74 
50185 3545 124 149 150 87 389 0 10.10 17.70 
50358 3531 96 120 118 70 315 0 10.76 14.81 
50531 2335 36 99 64 44 207 0 11.80 9.74 
50703 1812 26 105 58 42 201 1 13.82 14.13 
50876 2559 31 78 53 37 166 0 15.83 15.15 
51049 3466 68 94 88 54 239 0 17.41 16.12 
51222 3541 152 174 179 101 461 2 21.52 17.70 
51395 3580 190 206 219 121 553 0 29.27 18.33 
51569 3644 135 149 158 90 403 0 56.01 57.99 
51747 3619 94 110 113 66 290 0 56.85 55.79 
51925 3632 133 148 156 89 398 0 57.82 55.01 
52103 3563 183 199 211 116 533 2 57.00 55.33 
52281 3560 177 194 205 113 519 0 53.24 52.97 
52458 3498 128 152 153 87 394 0 50.37 52.63 
52635 1940 37 134 77 56 262 0 48.84 51.14 
52812 1676 30 140 73 54 262 0 45.08 28.97 
52988 7601 85 112 134 122 370 1 42.50 43.60 
53164 7249 70 109 117 108 335 0 21.20 36.53 
53339 2363 19 113 65 63 237 8 16.15 33.61 
53513 3845 56 96 84 62 246 0 15.83 15.79 
53686 4113 92 130 127 90 355 5 17.73 15.49 
53859 2852 107 151 129 65 348 0 13.80 16.12 
54032 2531 153 219 176 73 473 0 12.12 28.71 
54206 2537 174 244 198 80 530 0 62.83 15.79 
54382 2549 177 247 201 82 538 0 37.04 16.75 
54556 2530 177 250 202 82 542 0 8.74 25.57 
54729 2521 163 235 188 78 505 0 7.75 15.79 
54902 2621 108 167 133 64 364 4 8.38 24.70 
55075 2954 95 149 124 71 341 0 10.10 23.56 
55248 2866 69 128 99 62 287 0 16.15 23.83 
55422 2553 51 144 95 71 306 0 60.04 9.40 
55597 2321 42 140 87 67 289 0 28.76 11.42 
55771 1895 27 118 66 53 234 0 25.60 18.33 
55945 2265 28 100 61 48 206 0 25.02 21.49 
56119 2547 37 112 73 56 236 11 24.46 20.23 
56293 2449 37 116 74 57 242 0 23.02 16.44 
56466 1942 24 110 62 51 218 5 16.78 18.65 
56639 1962 24 104 59 48 205 0 11.44 16.76 
56812 5108 59 91 91 74 257 0 9.42 16.42 
56985 6840 127 122 172 143 440 0 10.08 16.42 
57158 6957 130 123 176 147 450 0 9.42 9.74 
57330 6957 130 123 176 147 450 0 9.76 16.12 
57503 6957 130 123 176 147 449 0 6.78 16.12 
57676 6957 130 123 176 147 448 0 8.06 15.47 
57849 6957 130 123 176 147 450 6 17.73 9.74 
58022 6819 131 127 178 148 457 0 9.42 15.49 
58195 6910 130 127 178 149 457 0 9.08 15.47 
58368 6910 130 127 178 149 457 0 10.10 15.47 
58541 6910 130 127 178 149 457 0 10.10 9.74 
58713 6910 130 127 178 149 458 6 7.75 15.49 
58886 6910 130 127 178 149 458 0 6.78 14.47 
59058 6910 130 127 178 149 457 0 7.11 14.81 
59230 6819 131 127 178 148 457 6 7.75 14.81 
59402 6904 130 126 177 148 455 0 16.76 14.81 
59575 6904 130 126 177 148 455 0 15.83 14.79 
59748 6904 130 126 177 148 455 0 15.83 14.79 
59921 6904 130 126 177 148 455 0 15.83 13.12 
60094 6904 130 126 177 148 455 0 15.83 13.11 
60267 6904 130 126 177 148 455 0 15.83 14.81 
60440 6904 130 126 177 148 455 0 15.83 15.13 
60613 6904 130 126 177 148 455 5 16.15 11.42 
60786 6563 109 111 149 123 385 0 15.83 9.74 
60959 6190 93 100 128 104 331 5 14.14 9.74 
61132 5354 73 90 102 80 274 0 15.16 9.74 
61305 4028 53 83 77 56 219 0 13.14 11.76 
61478 3184 48 96 75 53 225 6 13.14 10.08 
61651 1770 41 144 79 50 269 0 12.46 11.76 
61824 1799 42 142 79 49 267 0 12.46 11.08 
61997 1697 41 157 83 52 288 0 7.43 6.46 
62169 1686 41 160 84 53 293 0 7.75 5.49 
62341 3346 65 80 78 43 202 0 8.07 5.80 
62513 3476 62 74 74 42 192 0 8.06 6.77 
62685 3476 62 74 74 42 192 0 8.06 6.78 
62857 3476 62 74 74 42 193 0 8.06 6.44 
63029 3476 62 74 74 42 193 0 8.06 6.77 
63201 3484 63 74 75 42 193 0 8.07 6.78 
63373 3484 63 74 75 42 193 0 9.08 7.41 
63545 3342 60 76 73 41 192 0 16.46 9.06 
63718 1746 43 151 82 51 280 0 17.08 16.12 
63891 1658 41 167 86 54 305 1 74.92 15.79 
64067 1766 45 157 86 54 293 0 66.88 17.37 
64243 5453 101 121 140 110 370 2 27.34 20.86 
64417 6390 104 115 146 121 384 0 25.62 25.57 
64591 1624 20 129 65 55 244 5 27.61 31.02 
64766 2529 123 189 148 67 407 0 32.62 42.42 
64942 2542 165 232 188 77 504 3 23.89 19.60 
65116 2945 98 140 121 64 328 0 23.60 22.41 
65290 3942 151 220 209 146 581 1 24.74 27.01 
65464 3987 107 155 148 104 414 0 27.32 54.33 
65640 2866 96 139 118 61 322 2 25.31 37.67 
65815 2568 144 206 167 71 449 0 19.62 24.12 
65989 2999 110 160 138 76 379 0 17.73 23.55 
66163 4002 162 233 224 157 619 0 23.31 40.61 
66338 3982 155 219 212 147 583 0 17.41 42.24 
66513 3987 185 262 253 176 700 0 15.83 38.61 
66687 3987 183 259 250 174 692 0 36.60 34.63 
66862 3976 164 236 226 158 626 0 13.48 20.23 
67035 2064 17 137 75 77 285 0 8.07 23.27 
67208 7495 84 105 129 116 353 0 7.75 14.13 
67380 1841 33 137 76 58 266 0 6.46 15.79 
67552 1628 30 159 80 60 292 0 6.46 15.79 
67724 1620 28 154 76 57 280 0 15.83 9.06 
67897 1633 29 158 80 62 290 0 17.73 20.55 
68070 1670 22 145 68 51 259 0 15.50 8.74 
68243 1629 27 143 72 54 264 0 9.08 10.06 
68415 3486 72 97 92 56 247 0 15.83 10.42 
68588 3612 107 130 131 78 339 6 15.83 10.40 
68761 3581 112 135 136 80 351 0 15.83 11.08 
68934 3581 112 135 136 80 351 0 15.83 9.06 
69107 3563 113 136 137 80 352 0 17.41 7.41 
69280 3563 113 136 137 80 353 0 16.78 8.74 
69453 3563 113 136 137 80 353 1 8.74 8.38 
69625 3593 112 136 137 81 354 0 10.10 8.74 
69797 3622 103 123 125 74 324 0 9.08 17.39 
69970 3571 147 170 175 100 449 5 13.48 11.08 
70143 3565 179 200 209 117 533 0 13.14 17.39 
70316 3465 125 155 152 88 399 0 17.08 18.33 
70489 1696 29 131 69 51 246 0 42.30 33.86 
70665 6388 66 97 105 92 294 0 42.48 37.43 
70841 7085 51 113 102 99 314 0 45.07 19.60 
71016 3618 57 145 108 90 342 0 46.26 44.39 
71192 3708 134 194 181 121 500 0 49.18 42.82 
71369 2705 99 140 117 54 313 3 24.46 42.43 
71544 4006 140 197 191 133 525 0 22.73 29.73 
71718 4024 170 242 234 164 646 5 22.73 28.97 
71892 4024 170 242 234 164 648 0 22.75 28.97 
72066 4021 172 242 235 164 649 0 22.73 30.26 
