=~=~=~=~=~=~=~=~=~=~=~= PuTTY log 2025.11.28 19:58:38 =~=~=~=~=~=~=~=~=~=~=~=
56.63 
56.63 
56.63 
56.63 
56.63 
56.63 
56.63 
56.63 
56.63 
56.63 
56.63 
56.63 
56.63 
56.63 
56.63 
56.63 
56.63 
56.63 
56.63 
56.63 
56.63 
56.63 
56.63 
56.63 
56.63 
56.63 
56.63 
56.63 
56.63 
56.63 
56.63 
56.63 
56.63 
56.63 
56.63 
56.63 
56.63 
56.63 
56.63 
56.63 
56.63 
56.63 
56.63 
56.63 
56.63 
56.63 
56.63 
56.63 
56.63 
56.63 
56.63 
56.63 
56.63 
56.63 
56.63 
56.63 
56.63 
56.63 
56.63 
56.63 
56.63 
56.63 
56.63 
56.63 
56.63 
56.63 
56.63 
56.63 
56.63 
56.63 
56.63 
56.63 
56.63 
56.63 
56.63 
56.63 
56.63 
56.63 
56.63 
56.63 
56.63 
56.63 
56.63 
56.63 
56.63 
56.63 
56.63 
ets Jul 29 2019 12:21:46

rst:ets Jul 29 2019 12:21:46

rst:ets Jul 29 2019 12:21:46

rst:ets Jul 29 2019 12:21:46

rst:ets Jul 29 2019 12:21:46

rst:ets Jul 29 2019 12:21:46

rst:ets Jul 29 2019 12:21:46

rst:ets Jul 29 2019 12:21:46

rst:ets Jul 29 2019 12:21:46

rst:ets Jul 29 2019 12:21:46

rst:ets Jul 29 2019 12:21:46

rst:ets Jul 29 2019 12:21:46

rst:ets Jul 29 2019 12:21:46

rst:ets Jul 29 2019 12:21:46

rst:ets Jul 29 2019 12:21:46

rst:ets Jul 29 2019 12:21:46

rst:ets Jul 29 2019 12:21:46

rst:ets Jul 29 2019 12:21:46

rst:ets Jul 29 2019 12:21:46

rst:ets Jul 29 2019 12:21:46

rst:ets Jul 29 2019 12:21:46

rst:ets Jul 29 2019 12:21:46

rst:ets Jul 29 2019 12:21:46

rst:ets Jul 29 2019 12:21:46

rst:ets Jul 29 2019 12:21:46

rst:ets Jul 29 2019 12:21:46

rst:ets Jul 29 2019 12:21:46

rst:ets Jul 29 2019 12:21:46

rst:ets Jul 29 2019 12:21:46

rst:ets Jul 29 2019 12:21:46

rst:ets Jul 29 2019 12:21:46

rst:ets Jul 29 2019 12:21:46

rst:ets Jul 29 2019 12:21:46

rst:ets Jul 29 2019 12:21:46

rst:ets Jul 29 2019 12:21:46

rst:ets Jul 29 2019 12:21:46

rst:ets Jul 29 2019 12:21:46

rst:ets Jul 29 2019 12:21:46

rst:ets Jul 29 2019 12:21:46

rst:ets Jul 29 2019 12:21:46

rst:ets Jul 29 2019 12:21:46

rst:ets Jul 29 2019 12:21:46

rst:ets Jul 29 2019 12:21:46

rst:ets Jul 29 2019 12:21:46

rst:ets Jul 29 2019 12:21:46

rst:ets Jul 29 2019 12:21:46

rst:ets Jul 29 2019 12:21:46

rst:ets Jul 29 2019 12:21:46

rst:0x1 (POWERON_RESET),boot:0x13 (S0x1 (POWERON_RESET),boot:0x13 (S0x1 (POWERON_RESET),boot:0x13 (S0x1 (POWERON_RESET),boot:0x13 (S0x1 (POWERON_RESET),boot:0x13 (S0x1 (POWERON_RESET),boot:0x13 (S0x1 (POWERON_RESET),boot:0x13 (S0x1 (POWERON_RESET),boot:0x13 (S0x1 (POWERON_RESET),boot:0x13 (S0x1 (POWERON_RESET),boot:0x13 (S0x1 (POWERON_RESET),boot:0x13 (S0x1 (POWERON_RESET),boot:0x13 (S0x1 (POWERON_RESET),boot:0x13 (S0x1 (POWERON_RESET),boot:0x13 (S0x1 (POWERON_RESET),boot:0x13 (S0x1 (POWERON_RESET),boot:0x13 (S0x1 (POWERON_RESET),boot:0x13 (S0x1 (POWERON_RESET),boot:0x13 (S0x1 (POWERON_RESET),boot:0x13 (S0x1 (POWERON_RESET),boot:0x13 (S0x1 (POWERON_RESET),boot:0x13 (S0x1 (POWERON_RESET),boot:0x13 (S0x1 (POWERON_RESET),boot:0x13 (S0x1 (POWERON_RESET),boot:0x13 (S0x1 (POWERON_RESET),boot:0x13 (S0x1 (POWERON_RESET),boot:0x13 (S0x1 (POWERON_RESET),boot:0x13 (S0x1 (POWERON_RESET),boot:0x13 (S0x1 (POWERON_RESET),boot:0x13 (S0x1 (POWERON_RESET),boot:0x13 (S0x1 (POWERON_RESET),boot:0x13 (S0x1 (POWERON_RESET),boot:0x13 (S0x1 (POWERON_RESET),boot:0x13 (S0x1 (POWERON_RESET),boot:0x13 (S0x1 (POWERON_RESET),boot:0x13 (S0x1 (POWERON_RESET),boot:0x13 (S0x1 (POWERON_RESET),boot:0x13 (S0x1 (POWERON_RESET),boot:0x13 (S0x1 (POWERON_RESET),boot:0x13 (S0x1 (POWERON_RESET),boot:0x13 (SPI_FAST_FLASH_BOOT)
configsip: 0, SPIWP:0xee
clk_drv:0x00,q_drv:0x00,d_drv:0x00,cs0_drv:0x00,hd_drv:0x00,wp_drv:0x00
mode:DIO, clock div:1
load:0x3fff0030,len:4980
load:0x40078000,len:16612
load:0x40080400,len:3480
entry 0x400805b4
Found sensor
Milis - ColorTemp - Lux - R - G - B - C - Pot - UsensA - UsensB

399 3106 35 69 54 37 160 0 61.17 59.40 
577 3106 35 69 54 37 160 0 61.17 60.23 
755 3106 35 69 54 37 160 0 61.17 59.69 
933 3106 35 69 54 37 160 0 61.18 60.11 
1111 3106 35 69 54 37 160 0 60.88 60.67 
1289 3106 35 69 54 37 160 2 61.17 60.10 
1467 3106 35 69 54 37 160 0 61.18 60.08 
1645 3106 35 69 54 37 160 0 60.88 60.64 
1823 3106 35 69 54 37 160 0 61.17 60.10 
2001 3106 35 69 54 37 160 0 60.78 60.10 
2179 3106 35 69 54 37 160 0 60.76 59.70 
2357 3106 35 69 54 37 160 0 61.17 60.11 
2535 3106 35 69 54 37 160 0 61.18 59.70 
2713 3106 35 69 54 37 160 0 61.17 59.69 
2891 3106 35 69 54 37 160 0 61.18 60.08 
3069 3106 35 69 54 37 160 0 61.18 60.10 
3247 3106 35 69 54 37 160 0 60.76 59.69 
3425 3106 35 69 54 37 160 0 61.17 60.11 
3603 3106 35 69 54 37 160 0 61.17 59.70 
3781 3106 35 69 54 37 160 0 61.17 59.69 
3959 3106 35 69 54 37 160 0 61.17 59.70 
4137 3106 35 69 54 37 160 0 60.88 60.64 
4315 3047 35 70 54 37 161 0 60.89 60.66 
4493 3075 37 70 55 37 161 0 61.18 60.23 
4671 3106 35 69 54 37 160 7 60.88 60.64 
4849 3106 35 69 54 37 160 0 60.89 60.66 
5027 3106 35 69 54 37 160 0 60.89 60.67 
5205 3106 35 69 54 37 160 12 60.88 60.64 
5383 3106 35 69 54 37 160 0 61.18 60.67 
5561 3106 35 69 54 37 160 0 60.89 60.67 
5739 3106 35 69 54 37 160 5 60.88 60.66 
5917 3106 35 69 54 37 160 0 61.18 60.23 
6095 3106 35 69 54 37 160 0 61.18 60.21 
6273 3106 35 69 54 37 160 6 61.18 60.23 
6451 3106 35 69 54 37 160 0 61.18 60.25 
6629 3106 35 69 54 37 160 0 60.89 60.66 
6807 3106 35 69 54 37 160 5 61.18 60.67 
6985 3106 35 69 54 37 160 0 60.89 60.66 
7163 3106 35 69 54 37 160 0 60.89 60.67 
7341 3106 35 69 54 37 160 4 60.89 60.66 
7519 3106 35 69 54 37 160 0 60.89 60.66 
7697 3106 35 69 54 37 160 0 60.89 60.67 
7875 3106 35 69 54 37 160 3 60.88 60.64 
8053 3106 35 69 54 37 160 0 60.89 60.66 
8231 3106 35 69 54 37 160 0 60.89 60.64 
8409 3106 35 69 54 37 160 2 61.32 60.67 
8587 3106 35 69 54 37 160 0 60.88 60.66 
8765 3106 35 69 54 37 160 0 60.89 60.66 
8943 3106 35 69 54 37 160 0 61.32 60.66 
9121 3106 35 69 54 37 160 0 60.88 60.66 
9299 3106 35 69 54 37 160 0 60.89 60.66 
9477 3106 35 69 54 37 160 0 60.88 60.66 
9655 3106 35 69 54 37 160 0 61.18 60.23 
9833 3106 35 69 54 37 160 0 60.88 61.08 
10011 3106 35 69 54 37 160 0 60.88 60.66 
10189 3106 35 69 54 37 160 0 60.89 60.66 
10367 3106 35 69 54 37 160 0 61.17 59.67 
10545 3106 35 69 54 37 160 0 57.53 49.95 
10722 3224 34 65 52 36 153 0 51.71 15.79 
10897 6264 51 54 70 57 182 0 46.87 49.10 
11074 3858 37 68 58 44 169 0 45.07 45.78 
11250 3293 47 76 65 42 182 0 15.83 45.99 
11425 3264 52 78 69 42 189 0 15.83 47.38 
11600 3351 44 68 60 38 166 0 12.80 15.79 
11773 3506 39 58 53 34 146 0 13.80 15.79 
11946 3506 39 58 53 34 145 2 48.64 15.81 
12121 3611 37 56 51 34 142 0 56.98 49.93 
12298 3593 39 58 53 35 146 0 10.10 41.77 
12472 3724 38 59 54 37 151 0 8.38 15.79 
12645 4003 50 79 73 53 205 8 6.46 32.57 
12818 4032 51 80 74 54 209 0 5.18 27.85 
12991 3777 31 66 53 42 161 0 8.74 25.57 
64 6472 41 58 64 56 176 1 22.73 25.26 
13338 5013 42 68 66 54 188 0 15.50 20.55 
13511 2850 40 95 68 49 209 2 15.50 18.65 
13684 3245 50 95 76 53 223 0 17.08 14.47 
13857 3642 67 84 84 51 220 0 15.83 10.08 
14030 3578 66 81 81 48 210 9 9.76 6.14 
14202 4971 36 60 57 47 163 0 10.44 6.46 
14374 6405 30 60 56 52 167 0 10.10 6.44 
14546 3441 31 72 55 43 168 7 10.10 6.44 
14718 3441 31 72 55 43 169 0 10.10 6.44 
14890 3441 31 72 55 43 169 0 73.13 6.44 
15066 3441 31 72 55 43 169 1 16.46 6.44 
15239 3367 31 73 55 43 170 0 16.46 6.44 
15412 3367 31 73 55 43 170 0 98.14 6.44 
15589 3367 31 73 55 43 170 0 16.46 16.12 
15762 3500 31 68 53 41 161 0 58.11 71.18 
15941 6319 33 63 60 55 178 0 55.88 57.90 
16119 3751 28 60 48 38 146 5 16.15 55.15 
16294 3517 29 66 51 40 156 0 9.08 53.50 
16469 3322 33 85 62 50 196 0 24.74 51.10 
16645 3253 33 86 62 50 197 0 22.17 49.42 
16820 3434 35 82 62 49 192 0 48.64 48.76 
16997 3475 35 83 63 50 195 0 7.74 49.27 
17172 3449 35 88 65 53 205 0 52.56 54.65 
17349 3473 33 78 59 47 183 4 56.01 9.74 
17524 4106 29 64 52 43 157 0 16.78 17.07 
17697 7755 26 54 51 50 155 0 16.15 52.12 
17872 7638 27 57 53 52 162 0 52.05 49.06 
18049 6724 27 53 50 47 151 0 46.07 44.40 
18225 7795 27 56 53 52 160 0 45.47 28.71 
18401 9928 29 62 60 62 184 6 21.84 16.12 
18574 4359 56 78 78 57 213 0 25.31 14.81 
18748 3595 96 108 113 64 288 0 19.62 17.37 
18921 4228 44 65 63 46 175 0 16.15 16.12 
19094 9659 32 70 67 69 206 0 12.80 15.81 
19267 3795 40 94 73 60 226 0 9.08 36.75 
19441 3265 42 113 81 66 259 0 9.42 36.29 
19615 3165 45 133 92 77 299 0 32.10 36.07 
19790 3211 48 139 97 81 315 0 9.42 15.81 
19963 3151 47 137 95 79 310 0 9.08 31.81 
20137 3168 47 135 94 78 305 7 30.06 15.81 
20311 3165 45 133 92 77 301 0 28.76 24.43 
20485 3291 50 136 97 80 312 2 23.02 22.41 
20659 3233 51 136 97 79 312 2 22.44 9.40 
20832 5564 37 81 70 64 215 0 9.42 9.72 
21004 12325 32 78 73 79 230 6 9.42 11.42 
21176 12395 31 77 72 78 227 0 22.46 6.77 
21349 11422 32 78 73 78 229 0 16.46 20.86 
21522 10573 34 80 75 79 234 1 14.48 16.44 
21695 3225 51 130 94 75 298 0 14.82 18.02 
21868 3234 89 211 156 121 489 0 14.82 18.02 
22041 3383 110 221 175 129 529 0 14.84 18.02 
22214 3375 110 223 176 130 532 0 14.82 18.02 
22387 3375 110 223 176 130 533 1 14.82 18.00 
22560 3375 110 223 176 130 533 0 14.82 6.78 
22732 3354 109 224 176 130 534 0 14.14 6.77 
22904 3340 111 225 177 130 535 2 16.15 8.36 
23077 3323 102 221 170 128 522 0 17.08 7.74 
23250 3073 77 208 146 117 469 0 19.94 12.44 
23423 2932 65 184 126 101 408 6 15.16 27.00 
23597 3185 54 135 98 77 309 0 19.96 12.77 
23770 3331 49 127 92 75 294 0 20.89 15.79 
23943 10282 29 68 64 67 199 0 39.10 37.89 
24119 5584 44 75 73 63 211 3 41.62 43.79 
24295 3623 105 120 125 72 320 0 16.15 32.06 
24469 3616 126 139 147 83 372 0 14.48 18.33 
24642 3629 132 145 154 87 389 2 15.16 16.75 
24815 3641 134 146 156 88 393 0 14.16 15.81 
24988 3616 130 144 152 86 385 0 13.80 41.75 
25162 3626 134 150 158 90 402 0 13.12 43.03 
25336 3652 132 150 157 91 402 0 16.15 15.81 
25509 3581 115 129 135 76 343 4 42.08 61.90 
25686 3617 99 112 117 67 298 0 7.43 33.85 
25860 3552 116 129 135 75 343 3 7.74 33.08 
26034 2955 41 85 64 44 192 0 7.43 30.79 
26207 2558 34 91 61 44 192 0 10.10 66.62 
26383 2501 33 93 61 45 195 0 16.15 35.84 
26557 2258 41 127 79 58 258 0 55.88 52.97 
26735 1963 31 120 69 52 237 0 16.15 15.79 
26908 1878 30 121 68 51 236 0 14.16 28.14 
27082 1811 28 120 66 50 232 0 14.82 28.70 
27256 1782 29 121 66 49 233 0 55.74 10.08 
27431 2667 30 83 56 42 179 0 49.50 51.29 
27608 10206 86 104 140 137 383 0 28.76 8.74 
27781 8490 71 100 118 112 330 0 20.26 15.79 
27954 3107 26 97 63 57 214 0 14.82 14.79 
28127 1877 16 136 73 75 280 6 14.14 13.79 
28300 1869 16 142 76 79 293 0 6.46 9.06 
28472 1974 17 136 74 75 282 0 10.10 5.49 
28644 1893 17 141 76 77 291 6 13.14 5.49 
28816 3319 24 91 60 55 207 0 16.15 5.49 
28988 3319 24 91 60 55 206 0 18.68 6.75 
29161 2916 23 97 61 56 212 3 44.10 15.79 
29336 1706 16 145 76 77 293 0 43.50 45.39 
29512 1642 15 155 80 83 313 4 43.50 22.69 
29687 4450 37 103 78 71 252 0 44.28 15.79 
29862 7189 103 126 155 137 420 4 46.07 48.14 
30039 7624 118 141 178 160 484 2 50.03 54.64 
30216 7119 103 129 156 138 427 0 50.18 15.79 
30391 1627 25 151 73 55 273 0 49.01 48.93 
30568 4016 56 127 101 84 311 0 41.21 17.70 
30743 6986 92 115 139 122 377 0 37.28 9.74 
30917 1627 16 162 83 85 326 0 35.46 10.42 
31091 3980 152 232 216 155 610 0 36.36 9.40 
31265 4045 222 311 303 212 838 0 40.70 19.28 
31440 4046 219 308 300 210 829 0 48.84 16.12 
31615 3284 48 142 99 84 325 0 44.88 18.34 
31790 1970 16 121 66 66 250 0 43.49 44.40 
31966 2586 21 94 57 52 200 0 42.69 39.05 
32142 1927 17 129 70 70 267 0 17.08 36.31 
32316 1620 13 155 79 83 312 0 37.06 38.57 
32492 2557 26 135 80 76 288 0 33.13 35.39 
32667 3981 173 246 237 165 656 0 29.27 32.06 
32842 3957 200 285 274 190 759 0 19.30 26.13 
33016 2860 156 223 190 97 517 0 16.46 15.79 
33189 2514 155 226 180 75 486 0 16.15 16.12 
33362 2353 29 94 59 45 195 0 15.52 16.12 
33535 2547 25 79 51 40 169 0 15.16 19.60 
33708 2565 25 77 50 39 166 0 11.10 16.75 
33881 2331 26 87 54 42 181 4 12.80 12.10 
34054 5760 76 97 110 90 297 0 10.42 7.41 
34226 4390 60 86 85 63 235 0 7.75 6.46 
34398 2303 48 109 73 43 226 7 13.48 5.81 
34570 3736 62 64 71 40 177 0 15.83 6.14 
34742 3728 59 61 68 38 169 0 17.41 7.43 
34915 3728 59 61 68 38 169 6 15.83 6.77 
35087 3798 66 64 74 41 180 0 26.47 74.09 
35264 3776 63 63 72 40 177 0 29.55 70.26 
35441 3689 86 74 91 45 220 0 65.21 16.12 
35617 3724 90 76 95 47 219 3 65.21 16.12 
35793 3708 99 80 102 49 234 0 21.20 18.33 
35966 3722 99 81 103 50 236 6 19.31 11.42 
36139 3717 97 78 100 48 229 0 20.89 24.12 
36313 3707 88 75 93 46 216 0 67.71 18.97 
36489 3688 110 86 112 52 253 0 66.32 17.37 
36665 3683 91 76 95 46 219 4 62.85 11.42 
36841 3732 97 79 101 49 232 0 62.13 14.79 
37017 3734 110 87 113 54 256 7 62.13 16.12 
37193 3743 108 85 111 53 252 0 62.70 16.12 
37369 3716 106 83 108 51 245 0 62.83 15.79 
37545 3716 106 83 108 51 245 0 64.80 16.12 
37721 3729 106 84 109 52 248 0 67.71 15.79 
37897 3725 92 76 96 47 222 0 16.15 18.33 
38070 3683 98 81 102 49 234 0 67.15 54.83 
38248 3736 77 69 83 43 196 0 16.78 65.38 
38424 3723 101 81 104 50 237 0 15.83 65.25 
38600 3737 101 82 105 51 240 3 64.67 58.14 
38778 3729 105 84 108 52 246 0 8.38 17.07 
38951 3700 102 82 105 50 240 7 7.43 56.47 
39126 3733 99 79 102 49 233 0 63.95 10.08 
39302 3477 72 80 83 45 209 3 55.74 11.08 
39477 1711 41 152 81 51 280 0 16.15 12.78 
39650 1692 39 148 78 49 273 7 18.38 15.81 
39823 1692 39 148 78 49 272 0 20.26 15.79 
39996 1692 39 148 78 49 273 0 62.54 49.10 
40174 1681 38 149 78 49 273 0 63.26 15.79 
40350 1691 39 150 79 50 275 5 61.03 36.99 
40527 1698 41 155 82 52 286 0 51.54 15.81 
40702 1798 39 137 76 49 260 1 60.08 29.48 
40878 6699 115 114 157 130 404 0 22.46 22.97 
41052 5626 76 104 113 93 310 3 22.15 58.82 
41228 1667 22 131 68 58 252 0 50.18 15.79 
41403 1751 24 127 68 57 247 0 16.46 16.75 
41576 6519 108 111 148 122 382 0 17.08 56.63 
41751 5383 85 110 122 97 330 3 18.36 55.79 
41927 1696 42 159 84 53 292 0 20.26 56.30 
42103 1667 41 162 84 52 292 0 22.44 55.76 
42279 1652 40 162 83 52 291 2 62.99 49.95 
42457 1667 41 162 84 52 291 0 61.73 50.78 
42635 1667 41 162 84 52 292 4 19.94 55.90 
42811 1667 41 162 84 52 292 0 19.31 55.62 
42987 1667 41 162 84 52 292 0 17.73 57.73 
43163 1667 41 162 84 52 292 0 17.41 60.78 
43339 1667 41 162 84 52 292 3 18.36 57.43 
43515 1667 41 162 84 52 292 0 18.99 55.91 
43691 1667 41 162 84 52 292 0 20.26 55.49 
43867 1667 41 162 84 52 292 0 21.84 55.62 
44043 1667 41 162 84 52 292 0 21.84 55.61 
44219 1667 41 162 84 52 292 17 19.94 55.78 
44395 1667 41 162 84 52 292 0 19.31 55.64 
44571 1667 41 162 84 52 292 0 15.83 15.79 
44744 2415 51 133 88 60 279 0 17.08 16.42 
44917 6890 125 121 170 142 437 2 15.50 15.79 
45090 6833 126 121 171 142 437 0 15.83 16.12 
45263 6802 126 122 171 142 438 0 14.82 16.42 
45436 6802 126 122 171 142 439 4 14.82 16.42 
45609 6802 126 122 171 142 439 0 14.84 16.44 
45782 6897 125 122 171 143 440 0 16.46 15.79 
45955 6897 125 122 171 143 440 0 49.52 16.12 
46130 6840 127 122 172 143 441 0 49.18 16.12 
46305 6704 123 119 166 137 425 0 16.46 15.47 
46478 6719 124 121 168 139 431 0 13.14 16.12 
46651 6840 127 122 172 143 441 1 13.48 16.12 
46824 6799 122 119 166 138 424 0 12.46 54.50 
46999 6601 116 114 157 129 401 0 58.11 28.97 
47175 5322 69 94 101 81 276 0 53.40 6.78 
47350 1665 22 135 70 60 260 0 35.68 9.40 
47524 2187 40 125 77 55 255 0 6.14 15.79 
47696 2557 154 220 178 75 478 0 6.78 15.79 
47868 2556 155 221 179 75 480 5 43.67 46.36 
48044 2539 159 227 183 76 493 0 42.69 16.12 
48219 2740 114 166 138 67 376 20 42.48 5.49 
48393 3997 140 199 192 134 530 0 42.48 6.44 
67 3977 159 230 220 154 609 0 42.50 5.80 
48741 3994 160 229 220 154 608 0 42.50 49.08 
48918 3994 160 229 220 154 608 0 42.48 49.10 
49095 3994 160 229 220 154 608 0 42.48 46.19 
49271 3994 160 229 220 154 608 0 42.89 45.76 
49447 3994 160 229 220 154 608 0 42.50 6.78 
49621 3994 160 229 220 154 607 1 42.48 45.78 
49797 3994 160 229 220 154 608 0 42.89 6.77 
49971 3994 160 229 220 154 608 2 43.28 6.78 
50145 3994 160 229 220 154 608 0 42.50 45.00 
50321 3994 160 229 220 154 608 0 42.89 45.39 
50497 3994 160 229 220 154 607 0 43.69 45.41 
50673 4003 160 230 221 155 609 0 74.04 60.94 
50852 4018 168 241 232 163 642 0 38.20 41.53 
51028 4023 173 245 237 166 654 0 33.13 35.41 
51203 3556 49 130 95 80 303 5 27.61 27.86 
51377 8338 49 81 87 84 254 0 23.60 22.12 
51551 5050 47 99 85 75 258 0 16.15 18.00 
51724 2848 59 118 89 58 265 0 11.44 7.74 
51896 3594 125 137 145 81 368 0 10.44 15.49 
52069 3566 151 166 175 97 441 0 23.60 6.77 
52242 6164 49 90 86 78 254 0 15.83 16.42 
52415 7749 37 80 74 73 226 0 18.05 16.75 
52588 3713 45 97 77 61 237 3 19.31 15.81 
52761 3554 46 100 78 61 245 0 19.31 15.79 
52934 3428 46 101 78 60 244 0 18.04 15.81 
53107 3428 46 101 78 60 245 0 18.05 15.79 
53280 3501 45 101 78 61 246 0 4.86 20.54 
53453 3501 45 101 78 61 246 0 6.46 18.33 
53626 3501 45 101 78 61 246 0 6.46 9.74 
53798 3728 44 92 74 58 227 0 9.42 8.04 
53970 4073 41 74 65 50 189 5 12.46 27.00 
54143 5911 39 80 72 66 217 0 15.52 16.12 
54316 11912 30 71 67 72 210 0 36.14 18.97 
54490 3973 77 98 100 66 266 0 26.47 26.20 
54664 3242 81 120 106 64 291 0 26.47 28.42 
54838 2222 32 102 63 46 208 5 42.69 37.89 
55014 2485 28 81 53 39 171 0 36.82 35.38 
55189 2180 33 112 68 51 228 2 40.70 55.51 
55366 1976 29 109 63 47 216 0 50.86 54.65 
55543 2011 29 108 63 47 216 0 48.99 49.93 
720 2282 29 93 58 43 191 0 48.04 46.19 
55897 5668 47 90 83 74 246 0 44.27 43.01 
56073 12262 74 91 125 128 345 0 40.70 45.99 
56249 10035 66 85 109 107 302 0 37.26 43.21 
56425 3299 22 100 63 61 223 0 32.37 34.36 
56600 3240 26 114 72 69 254 0 27.05 26.13 
56774 4009 141 203 195 137 540 0 22.44 18.33 
56948 2580 128 186 150 66 406 0 19.64 14.81 
57121 2643 32 111 71 59 238 4 15.83 16.75 
57294 6919 119 111 160 133 407 0 14.16 8.06 
57466 2472 41 108 72 50 228 0 14.16 8.06 
57638 2546 33 80 55 37 172 6 14.48 13.79 
57811 2546 33 80 55 37 172 0 14.48 13.45 
57984 2964 36 72 55 37 164 0 14.48 13.45 
58157 5121 49 59 67 51 178 3 13.14 13.11 
58330 5149 49 60 68 52 181 0 13.14 13.12 
58503 4545 42 58 59 44 162 0 12.80 13.11 
58676 4227 39 58 56 41 156 0 11.44 6.77 
58848 3203 36 69 55 38 162 0 10.10 6.44 
59020 2560 33 78 54 36 168 0 5.49 5.80 
59192 3103 37 65 53 34 152 0 4.86 5.81 
59364 3725 68 66 76 41 184 0 4.86 5.80 
59536 3746 70 67 78 42 187 0 4.86 5.80 
59708 3746 70 67 78 42 187 1 4.84 5.81 
59880 3746 70 67 78 42 186 0 4.86 5.81 
60052 3746 70 67 78 42 186 0 4.86 5.81 
60224 3746 69 67 77 42 186 5 4.86 5.81 
60396 3746 69 67 77 42 186 0 4.86 5.81 
60568 3746 69 67 77 42 186 0 4.86 5.81 
60740 3782 69 66 77 42 186 6 4.86 5.81 
60912 3782 69 66 77 42 185 0 9.08 7.09 
61084 3782 69 66 77 42 185 0 15.83 7.74 
61257 3712 51 58 61 36 155 6 15.83 7.74 
61430 2664 32 70 50 33 153 0 15.83 7.74 
61603 2595 31 73 51 34 158 0 15.83 7.74 
61776 2595 31 73 51 34 158 0 15.83 7.74 
61949 2595 31 73 51 34 159 0 6.46 7.74 
62121 2595 31 73 51 34 159 0 11.78 8.74 
62293 2775 32 68 50 33 151 0 10.10 6.44 
62465 3146 32 58 47 31 137 0 10.10 6.12 
62637 3093 31 60 47 32 138 0 10.10 6.44 
62809 3093 31 60 47 32 139 0 10.10 6.44 
62981 3093 31 60 47 32 139 0 10.10 6.44 
63153 3093 31 60 47 32 139 0 10.10 6.44 
63325 3093 31 60 47 32 139 2 10.10 6.44 
63497 3093 31 60 47 32 139 0 10.10 6.46 
63669 3093 31 60 47 32 139 0 10.10 6.44 
63841 3093 31 60 47 32 139 5 10.10 6.46 
64013 3093 31 60 47 32 139 0 10.10 6.44 
64185 3093 31 60 47 32 139 0 10.10 6.44 
64357 3093 31 60 47 32 139 6 10.10 6.44 
64529 3093 31 60 47 32 139 0 10.10 6.46 
64701 3093 31 60 47 32 139 0 12.46 8.04 
64873 2528 31 76 52 35 162 3 13.12 8.06 
65045 2185 32 91 57 38 185 0 13.14 6.77 
65217 2240 33 89 57 37 182 0 11.44 9.74 
65389 2240 33 89 57 37 182 0 11.44 5.81 
65561 2240 33 89 57 37 182 0 11.44 6.78 
65733 2240 33 89 57 37 182 0 16.15 8.36 
65906 2265 33 89 57 38 183 0 16.13 6.77 
66078 2265 33 89 57 38 183 0 16.15 6.77 
66251 2265 33 89 57 38 183 0 16.15 7.09 
66424 2265 33 89 57 38 183 0 16.13 7.09 
66597 2265 33 89 57 38 183 0 16.15 7.09 
66770 2265 33 89 57 38 183 0 105.88 7.09 
66948 2265 33 89 57 38 183 0 105.45 7.09 
67126 2265 33 89 57 38 183 5 63.95 7.09 
67301 2265 33 89 57 38 183 0 17.41 8.38 
67474 2265 33 89 57 38 183 0 17.41 8.38 
67647 2265 33 89 57 38 183 0 19.94 8.36 
67820 2265 33 89 57 38 183 0 14.82 7.09 
67992 2265 33 89 57 38 183 6 13.14 8.38 
68164 2265 33 89 57 38 183 0 13.14 8.36 
68336 2265 33 89 57 38 183 0 13.14 8.38 
68508 2265 33 89 57 38 183 3 13.14 8.38 
68680 2265 33 89 57 38 183 0 13.14 8.38 
68852 2265 33 89 57 38 183 0 13.14 8.38 
69024 2265 33 89 57 38 183 0 13.14 8.38 
69196 2265 33 89 57 38 183 0 13.14 8.36 
69368 2265 33 89 57 38 183 0 13.14 8.36 
69540 2265 33 89 57 38 183 0 13.14 8.38 
69712 2265 33 89 57 38 183 0 13.14 8.38 
69884 2265 33 89 57 38 183 0 13.14 8.38 
70056 2265 33 89 57 38 183 0 11.12 7.74 
70228 2265 33 89 57 38 183 3 11.78 8.04 
70400 2717 31 70 50 34 154 0 11.78 8.06 
70572 2734 31 68 49 33 150 0 11.78 8.06 
70744 2719 32 69 50 33 151 6 9.42 6.77 
70916 2793 31 67 49 33 149 0 9.08 7.41 
71088 3236 34 57 48 31 136 0 10.44 7.41 
71260 3188 33 59 48 32 138 2 10.42 7.41 
71432 3188 33 59 48 32 138 0 10.44 7.41 
71604 3188 33 59 48 32 138 0 10.42 7.41 
71776 3188 33 59 48 32 138 0 14.14 7.74 
71948 2638 33 73 52 34 158 0 103.48 6.77 
72126 1749 38 140 76 49 262 0 49.16 55.15 
72303 1729 39 147 79 51 274 0 49.52 16.12 
72478 1746 39 144 78 51 270 5 50.35 20.86 
72653 2083 37 108 66 43 216 0 52.87 9.74 
72828 1685 42 160 84 52 293 3 55.71 6.77 
73003 1668 40 160 83 52 291 0 59.06 5.49 
73178 1815 42 145 81 52 275 3 86.34 58.12 
73358 2273 45 112 73 46 230 0 62.68 56.32 
73536 1682 43 168 88 56 307 0 56.01 6.77 
73711 1899 41 130 75 48 251 0 50.52 5.49 
73885 6936 108 104 147 123 376 0 48.04 16.12 
74060 2353 29 106 65 53 221 0 30.31 6.77 
74233 2580 134 192 156 67 420 0 26.18 6.46 
74406 4008 143 206 198 139 548 0 19.64 29.75 
74580 3335 29 109 72 66 244 6 15.52 16.12 
74753 7327 58 108 106 101 314 0 14.82 6.77 
74925 8576 97 117 151 141 411 0 15.83 5.49 
75097 8806 105 125 164 154 446 6 16.15 5.49 
75269 8806 105 124 163 153 444 0 6.46 7.74 
75441 8350 95 115 148 137 402 0 20.26 8.72 
75614 2326 32 96 61 44 199 7 3.26 9.74 
75786 3554 165 187 194 109 495 0 16.46 11.76 
75959 4717 96 155 148 118 424 4 10.76 11.76 
76131 3950 162 233 223 155 617 5 14.48 7.09 
76303 3968 161 232 222 155 614 0 14.48 11.42 
76476 3968 161 232 222 155 615 0 12.46 6.78 
76648 3968 161 232 222 155 615 6 12.80 5.49 
76820 3968 161 232 222 155 615 0 15.50 6.77 
76992 4528 113 178 170 132 484 0 15.83 16.12 
77165 9667 39 89 83 86 258 6 9.76 11.42 
77337 3780 86 110 110 70 292 0 15.50 15.81 
77510 3494 139 163 165 93 427 0 21.22 23.27 
77684 2087 33 114 68 50 228 0 29.27 28.71 
77859 8028 61 83 99 92 276 3 37.06 35.63 
78034 8778 48 78 85 83 247 0 42.50 41.53 
78210 3151 19 96 59 58 211 0 44.08 42.60 
78386 3930 76 126 113 83 322 0 49.01 46.19 
78563 2967 74 106 92 49 248 0 49.35 44.39 
78740 2888 73 104 89 46 241 0 52.73 50.78 
78917 2529 29 88 57 44 187 0 54.09 49.61 
79094 2566 30 96 62 49 205 0 55.86 52.97 
79272 2613 30 90 59 46 192 0 50.03 53.99 
79449 4462 34 53 51 39 142 3 52.89 55.91 
79627 5120 41 53 58 45 155 0 55.73 59.53 
79805 6487 49 50 67 55 173 0 58.92 60.23 
79983 7452 61 57 84 72 213 2 63.67 58.99 
80161 5583 65 76 90 71 236 0 62.29 61.74 
80339 2838 35 76 56 38 168 0 60.74 61.49 
80517 2858 36 79 58 40 176 1 60.89 61.63 
80695 2891 38 79 59 40 177 0 61.59 56.49 
80873 2805 37 79 58 39 174 0 63.39 45.97 
81051 2891 38 79 59 40 176 4 63.12 45.19 
81229 3105 51 102 79 55 235 0 61.73 39.03 
81406 3083 44 94 71 51 216 0 62.00 56.20 
81584 2891 38 79 59 40 176 3 61.59 49.61 
81762 2840 37 80 59 40 176 0 61.57 49.10 
81940 2875 38 81 60 41 181 0 60.33 59.30 
