=~=~=~=~=~=~=~=~=~=~=~= PuTTY log 2025.11.28 17:34:03 =~=~=~=~=~=~=~=~=~=~=~=
ets Jul 29 2019 12:21:46

rst:0x1 (POWERON_RESET),boot:0x13 (SPI_FAST_FLASH_BOOT)
configsip: 0, SPIWP:0xee
clk_drv:0x00,q_drv:0x00,d_drv:0x00,cs0_drv:0x00,hd_drv:0x00,wp_drv:0x00
mode:DIO, clock div:1
load:0x3fff0030,len:4980
load:0x40078000,len:16612
load:0x40080400,len:3480
entry 0x400805b4
Found sensor
Milis - ColorTemp - Lux - R - G - B - C - Pot - UsensA - UsensB

399 3484 121 105 125 57 291 5 70.01 70.21 
578 3484 121 105 125 57 291 0 69.99 71.45 
757 3484 121 105 125 57 291 2 70.45 73.15 
937 3484 121 105 125 57 291 0 69.99 71.89 
1117 3484 121 105 125 57 291 0 69.99 72.33 
1297 3484 121 105 125 57 291 0 69.99 71.91 
1477 3484 121 105 125 57 291 0 69.99 71.89 
1657 3484 121 105 125 57 291 3 69.99 71.52 
1836 3484 121 105 125 57 291 0 69.55 71.84 
2015 3484 121 105 125 57 291 0 70.01 71.88 
2195 3484 121 105 125 57 291 0 69.53 71.20 
2374 3484 121 105 125 57 291 3 69.55 71.28 
2553 3577 116 98 120 56 279 0 69.55 71.25 
2732 3704 112 90 115 55 264 0 69.60 71.21 
2911 3684 113 91 116 55 264 0 69.60 70.77 
3090 3704 112 90 115 55 264 3 69.61 70.79 
3269 3705 113 90 116 55 264 0 69.60 70.81 
3448 3704 112 90 115 55 264 0 69.60 70.82 
3627 3704 112 90 115 55 264 0 69.60 71.20 
3806 3704 112 90 115 55 264 3 69.60 70.77 
3985 3704 112 90 115 55 264 0 69.60 70.77 
4164 3704 112 90 115 55 264 0 69.56 70.75 
4343 3684 113 91 116 55 264 0 69.56 70.75 
4522 3684 113 91 116 55 264 1 69.63 71.21 
4701 3684 113 91 116 55 264 0 69.56 70.82 
4880 3684 113 91 116 55 264 0 69.56 70.77 
5059 3704 112 90 115 55 264 0 69.56 70.41 
5238 3704 112 90 115 55 264 0 69.61 70.84 
5417 3704 112 90 115 55 264 0 69.60 71.28 
5596 3684 113 91 116 55 264 0 69.60 71.20 
5775 3684 113 91 116 55 264 0 69.60 71.25 
5954 3684 113 91 116 55 264 0 69.61 71.23 
6133 3684 113 91 116 55 264 0 69.61 71.28 
6312 3704 112 90 115 55 264 0 69.60 70.77 
6491 3704 112 90 115 55 264 0 69.60 71.25 
6670 3704 112 90 115 55 264 0 69.97 70.91 
6849 3704 112 90 115 55 264 0 69.61 71.26 
7028 3704 112 90 115 55 264 0 69.60 71.20 
7207 3704 112 90 115 55 264 2 69.99 70.82 
7386 3704 112 90 115 55 264 0 69.97 70.82 
7565 3704 112 90 115 55 264 0 69.99 70.84 
7744 3704 112 90 115 55 264 0 69.61 70.79 
7923 3704 112 90 115 55 264 3 69.55 71.20 
8102 3704 112 90 115 55 264 0 69.61 70.79 
8281 3704 112 90 115 55 264 0 69.61 70.84 
8460 3704 112 90 115 55 264 0 69.60 70.82 
8639 3704 112 90 115 55 264 4 69.60 71.26 
8818 3682 111 91 115 55 264 0 69.60 70.77 
8997 3684 113 91 116 55 264 0 69.60 70.81 
9176 3684 113 91 116 55 264 0 69.53 70.84 
9355 3684 113 91 116 55 264 3 69.61 71.26 
9534 3684 113 91 116 55 264 0 69.61 70.79 
9713 3684 113 91 116 55 264 0 69.61 71.28 
9892 3684 113 91 116 55 264 0 69.61 71.21 
10071 3684 113 91 116 55 264 2 69.61 71.28 
10250 3684 113 91 116 55 264 0 68.31 49.44 
10428 3684 113 91 116 55 265 0 73.24 7.11 
10604 2657 162 212 181 74 476 2 57.85 5.18 
10779 3061 115 172 148 85 411 0 58.40 59.26 
10957 9115 56 88 99 97 287 0 53.75 55.52 
11135 18239 33 56 68 76 200 0 49.33 51.31 
11312 14561 31 53 62 67 183 0 46.68 46.80 
11489 4022 65 93 90 63 249 6 39.56 42.23 
11665 9959 31 49 56 56 162 0 37.98 38.83 
11841 27750 33 57 73 86 217 0 39.80 38.83 
12017 26864 35 58 75 88 221 0 43.10 36.77 
12193 23178 38 61 79 91 233 0 42.50 38.83 
12369 7666 76 112 126 117 362 0 43.69 44.40 
12545 4657 137 201 200 154 563 0 46.27 4.52 
12719 4101 192 274 266 189 740 0 49.01 49.28 
12896 4021 183 263 253 178 704 0 47.87 51.12 
13073 4228 183 264 257 187 718 0 48.06 50.64 
13250 4204 181 261 254 184 709 0 46.07 45.80 
13427 4148 178 257 249 179 694 0 39.12 40.88 
13603 8068 70 101 116 109 330 0 39.56 36.53 
13779 7781 78 111 127 118 364 3 34.95 34.88 
13954 22740 38 63 80 92 236 6 33.92 36.55 
14129 26864 35 58 75 88 223 0 87.91 88.26 
14311 29669 34 58 75 89 223 0 95.68 94.03 
14493 26747 34 59 75 88 223 0 91.00 91.10 
14675 26864 35 58 75 88 223 0 86.39 78.44 
14856 27352 34 57 74 87 219 0 86.67 88.21 
15037 6919 70 106 115 104 328 3 91.95 103.17 
15220 7998 64 97 108 102 310 1 105.60 105.01 
15404 25448 33 57 72 84 214 3 106.23 62.19 
15585 8429 30 47 52 50 150 0 104.92 60.42 
15766 3821 26 42 38 27 107 0 102.32 58.99 
15947 4066 30 47 44 32 124 0 112.90 98.48 
16131 4052 79 116 111 79 309 0 90.80 90.83 
16313 25318 33 58 72 84 214 0 87.19 86.70 
16494 19471 44 69 88 99 258 0 84.69 73.44 
16674 4508 121 175 174 131 486 0 83.79 75.26 
16855 7196 82 118 132 120 377 2 83.27 82.86 
17036 4665 112 161 162 124 452 1 79.27 80.31 
17217 13848 46 74 89 95 259 0 78.01 69.39 
17397 18030 34 57 69 77 204 0 69.97 69.75 
17576 4222 29 44 42 31 117 0 80.07 58.29 
17755 3875 27 43 39 28 110 0 76.98 60.25 
17934 3728 27 43 39 27 109 0 73.32 60.13 
18113 8293 30 49 53 51 153 0 70.67 60.10 
18292 5922 77 116 121 104 344 0 69.14 68.88 
18471 10523 52 80 93 94 269 1 66.74 68.88 
18650 23259 34 56 72 83 211 0 178.14 69.65 
18836 21417 34 56 71 81 208 2 119.36 72.13 
19018 24856 35 57 74 86 217 0 61.05 63.02 
19196 26076 36 59 77 90 227 0 171.84 67.18 
19381 23630 38 59 78 90 228 0 161.14 55.64 
19565 10768 56 82 99 100 285 0 796.18 163.79 
19793 5223 91 138 139 114 394 0 246.26 131.89 
19986 4573 106 161 157 121 443 2 131.78 129.12 
20173 4497 104 142 145 107 399 0 128.04 98.09 
20357 4075 90 133 127 91 356 0 122.13 121.99 
20543 4076 28 44 41 30 116 0 115.45 74.66 
20725 3870 28 43 40 28 112 0 111.03 108.27 
20909 4475 45 66 65 49 182 0 48.84 48.77 
21086 9948 54 85 97 97 281 4 47.26 46.58 
21263 17151 40 61 78 86 226 0 45.87 46.80 
21440 17332 38 60 76 84 220 0 44.10 134.42 
21622 24600 34 59 74 86 220 0 216.00 207.45 
21818 10516 30 51 57 58 167 0 37.74 40.19 
21994 5211 29 45 45 37 128 0 35.90 55.91 
22171 4302 28 45 42 32 119 3 205.84 64.84 
22358 3920 29 44 41 29 115 0 70.84 64.86 
22537 3830 28 45 41 29 115 2 65.91 62.19 
22716 3828 30 45 42 29 117 0 107.47 56.63 
22897 3920 42 59 57 39 156 0 30.06 35.63 
23072 3764 90 131 123 83 341 0 27.91 28.71 
23246 3060 29 60 46 32 139 0 30.58 29.24 
23421 1631 25 125 63 46 231 1 70.92 70.02 
23600 1817 22 163 73 54 285 0 73.59 59.28 
23779 1723 23 155 71 52 275 1 49.52 49.64 
23956 1784 22 155 70 52 272 0 49.52 48.79 
24133 2623 28 70 48 34 151 0 49.50 49.45 
24310 3920 29 44 41 29 113 0 50.20 50.78 
24487 3870 28 43 40 28 111 3 52.55 54.84 
24664 1620 23 126 62 46 230 0 50.54 50.46 
24841 2045 25 88 52 38 175 0 94.54 51.65 
25021 3920 29 44 41 29 114 1 56.15 56.07 
25199 3779 28 44 40 28 112 3 61.90 60.38 
25377 3829 51 76 71 49 197 0 65.23 61.64 
25556 3880 33 49 46 32 128 0 64.51 64.31 
25735 3830 28 45 41 29 116 1 66.62 69.21 
25914 3920 29 44 41 29 114 0 95.76 75.80 
26095 3920 29 44 41 29 114 0 94.47 83.93 
26277 3920 29 44 41 29 114 0 87.18 84.81 
26458 3928 27 44 40 29 113 0 96.59 87.75 
26640 3779 28 44 40 28 113 0 91.71 90.81 
26822 3870 28 43 40 28 111 0 97.10 46.41 
27002 3870 28 43 40 28 111 3 36.38 25.55 
27177 2155 25 82 50 36 166 0 100.81 55.93 
27357 2534 81 198 135 92 425 0 179.04 90.97 
27544 3368 50 89 74 51 214 0 105.35 95.90 
27727 3920 29 44 41 29 113 0 44.88 41.79 
27903 3920 29 44 41 29 114 4 45.27 57.77 
28080 3895 38 58 54 38 151 0 45.88 59.98 
28257 3875 27 43 39 28 110 0 48.65 48.77 
28434 3728 27 43 39 27 109 0 112.20 108.49 
28618 3279 27 53 42 30 125 2 103.05 105.03 
28801 1625 23 120 60 44 221 2 97.10 103.43 
28984 2687 78 178 126 86 393 0 69.11 105.03 
29165 3653 86 127 117 78 324 0 66.88 66.10 
29344 3969 29 45 42 30 118 0 62.56 61.64 
29522 3706 111 151 145 94 397 0 59.50 57.73 
29700 3459 92 146 128 85 362 0 88.49 88.25 
29882 2090 26 87 52 38 176 0 81.48 76.94 
30062 1661 25 118 61 45 222 0 95.34 55.66 
30242 3446 27 51 42 30 123 0 62.19 63.29 
30421 3829 51 76 71 49 198 1 56.03 59.96 
30599 3902 36 47 47 31 125 2 133.31 62.19 
30782 3833 55 57 64 37 160 0 114.83 116.18 
30967 3698 108 87 111 53 255 0 136.36 67.61 
31150 3684 106 86 109 52 251 0 82.36 28.71 
31328 3736 98 82 103 51 239 0 81.74 29.22 
31506 3748 33 46 44 29 121 0 63.82 41.55 
31683 3870 28 43 40 28 112 0 129.74 59.69 
31865 3870 28 43 40 28 111 0 58.11 50.12 
32043 3870 28 43 40 28 110 0 53.75 45.41 
32220 3581 104 150 139 90 385 3 75.02 28.44 
32397 3781 56 66 69 42 179 0 72.01 28.73 
32574 3837 38 51 50 33 134 0 94.62 49.79 
32754 3920 29 44 41 29 114 0 93.04 58.17 
32934 3920 29 44 41 29 114 0 118.95 94.40 
33118 3779 28 44 40 28 113 0 110.26 108.37 
33302 3920 29 44 41 29 113 1 119.37 117.76 
33487 3779 28 44 40 28 113 0 110.74 108.90 
33671 3870 28 43 40 28 112 0 112.98 111.10 
33855 3875 27 43 39 28 110 0 118.93 96.07 
34039 3920 29 44 41 29 113 6 116.54 93.58 
34223 3928 27 44 40 29 113 0 107.49 58.99 
34404 3920 29 44 41 29 113 0 100.30 102.80 
34587 3870 28 43 40 28 113 0 104.74 106.61 
34771 3779 28 44 40 28 112 0 118.40 111.04 
34956 3866 34 46 45 30 122 0 157.42 111.18 
35143 3859 46 52 56 34 143 0 157.32 109.36 
35330 3798 42 50 52 32 136 0 107.85 106.98 
35514 3825 32 45 43 29 117 0 81.41 93.50 
35695 3780 52 77 72 49 199 0 74.56 74.29 
35875 3779 28 44 40 28 112 0 71.74 73.22 
36055 3722 77 71 84 44 201 0 71.74 92.99 
36236 3829 37 48 48 31 128 1 95.88 94.38 
36418 3912 30 44 42 29 115 0 94.30 73.22 
36599 3870 28 43 40 28 111 0 93.84 92.97 
36781 3875 27 43 39 28 110 0 68.29 93.94 
36962 3972 27 42 39 28 109 0 64.24 65.01 
37141 3875 27 43 39 28 110 0 59.09 60.40 
37319 3959 31 45 43 30 118 2 55.74 56.51 
37497 3798 40 50 51 32 133 0 49.18 51.63 
37674 3748 33 46 44 29 119 0 44.88 48.77 
37851 3818 28 42 39 27 108 0 42.50 42.43 
38027 3817 68 98 93 63 256 0 113.41 107.13 
38211 3830 28 45 41 29 116 0 112.35 58.99 
38392 3830 28 45 41 29 115 0 136.63 90.64 
38577 3875 30 46 43 30 119 0 118.20 110.26 
38762 3805 43 64 60 41 166 0 49.18 47.17 
38939 3716 116 146 146 91 388 8 49.35 50.29 
39116 3696 97 82 102 50 237 0 49.54 51.80 
39293 3740 68 64 75 40 182 0 60.35 62.61 
39471 3781 54 55 62 35 155 0 57.41 74.54 
39650 3866 34 46 45 30 121 0 73.95 73.22 
39830 3956 38 54 52 36 142 0 71.45 71.72 
40010 3727 101 142 135 89 371 0 66.35 58.58 
40189 3798 64 64 73 41 180 0 67.03 55.81 
40367 3713 116 96 121 59 281 0 55.74 57.73 
40545 3765 139 158 167 100 432 0 50.01 61.93 
40723 3809 51 56 61 36 154 0 49.01 55.62 
40900 3920 29 44 41 29 115 0 48.84 49.11 
41077 3828 30 45 42 29 116 0 48.06 57.31 
41254 3920 29 44 41 29 115 1 87.52 57.19 
41434 3693 101 87 107 53 250 0 83.98 64.97 
41614 3748 44 54 55 34 143 0 100.04 82.16 
41796 3920 29 44 41 29 115 0 95.25 96.51 
41978 3920 29 44 41 29 114 0 92.33 94.94 
42160 3830 28 45 41 29 116 0 87.35 90.24 
42342 3774 59 85 80 54 220 0 85.20 86.21 
42523 3704 94 80 99 49 232 0 72.96 64.41 
42702 3750 111 91 116 57 268 1 69.68 70.74 
42881 3965 135 135 156 92 391 0 66.62 66.52 
43060 2968 142 164 156 69 396 0 63.68 55.93 
3238 2468 188 270 214 84 579 0 61.74 66.93 
43417 2534 166 245 195 84 534 0 61.57 49.28 
43595 13207 43 70 82 87 240 0 61.73 49.28 
43773 27236 34 58 74 87 220 0 61.74 48.93 
43951 27117 33 59 74 87 221 0 61.32 49.28 
44129 27117 33 59 74 87 221 0 62.19 49.30 
44307 27117 33 59 74 87 221 0 61.73 48.94 
44485 27117 33 59 74 87 221 0 61.74 49.28 
44663 26747 34 59 75 88 222 0 61.32 49.78 
44841 26747 34 59 75 88 222 0 61.32 48.94 
45019 26747 34 59 75 88 222 15 62.15 48.93 
45197 26747 34 59 75 88 222 0 61.73 48.94 
45375 26747 34 59 75 88 222 0 61.74 49.30 
45553 26747 34 59 75 88 222 4 61.74 48.94 
45731 26747 34 59 75 88 222 0 61.73 48.94 
45909 26747 34 59 75 88 222 0 61.73 48.96 
46087 26747 34 59 75 88 222 5 61.73 49.28 
46265 26747 34 59 75 88 222 0 62.13 48.94 
46443 26747 34 59 75 88 222 0 61.30 49.78 
46621 26747 34 59 75 88 222 2 62.17 48.94 
46799 26747 34 59 75 88 222 3 61.74 49.78 
46977 26747 34 59 75 88 223 0 61.73 49.78 
47155 26747 34 59 75 88 223 0 61.32 49.78 
47333 26747 34 59 75 88 223 0 61.73 48.94 
