=~=~=~=~=~=~=~=~=~=~=~= PuTTY log 2025.11.28 18:40:46 =~=~=~=~=~=~=~=~=~=~=~=
ets Jul 29 2019 12:21:46

rst:0x1 (POWERON_RESET),boot:0x3 (DOWNLOAD_BOOT(UART0/UART1/SDIO_REI_REO_V2))
waiting for download
ets Jul 29 2019 12:21:46

rst:0x1 (POWERON_RESET),boot:0x13 (SPI_FAST_FLASH_BOOT)
configsip: 0, SPIWP:0xee
clk_drv:0x00,q_drv:0x00,d_drv:0x00,cs0_drv:0x00,hd_drv:0x00,wp_drv:0x00
mode:DIO, clock div:1
load:0x3fff0030,len:4980
load:0x40078000,len:16612
load:0x40080400,len:3480
entry 0x400805b4
Found sensor
Milis - ColorTemp - Lux - R - G - B - C - Pot - UsensA - UsensB

399 3288 34 64 52 36 152 8 61.46 55.52 
577 3288 34 64 52 36 152 0 60.74 55.79 
755 3288 34 64 52 36 152 0 60.74 57.03 
933 3288 34 64 52 36 152 0 60.74 56.20 
1111 3288 34 64 52 36 152 0 60.74 55.66 
1289 3288 34 64 52 36 152 0 60.74 55.78 
1467 3288 34 64 52 36 152 0 60.72 55.76 
1645 3288 34 64 52 36 152 0 60.72 55.76 
1823 3288 34 64 52 36 152 0 61.44 56.76 
2001 3288 34 64 52 36 152 0 60.72 55.79 
2179 3288 34 64 52 36 152 0 60.72 55.78 
2357 3288 34 64 52 36 152 0 60.72 55.78 
2535 3288 34 64 52 36 152 0 60.30 55.78 
2713 3288 34 64 52 36 152 0 60.72 55.76 
2891 3288 34 64 52 36 152 0 60.72 55.79 
3069 3288 34 64 52 36 152 0 60.74 55.78 
3247 3288 34 64 52 36 152 0 60.72 57.05 
3425 3288 34 64 52 36 152 1 60.74 55.76 
3603 3288 34 64 52 36 152 0 61.17 56.61 
3781 3288 34 64 52 36 152 0 61.44 55.91 
3959 3288 34 64 52 36 152 0 61.44 56.34 
4137 3288 34 64 52 36 152 0 61.44 55.91 
4315 3288 34 64 52 36 152 0 61.15 55.76 
4493 3288 34 64 52 36 152 0 61.15 55.76 
4671 3288 34 64 52 36 152 0 61.17 56.61 
4849 3288 34 64 52 36 152 0 60.72 55.76 
5027 3288 34 64 52 36 152 0 61.17 55.74 
5205 3288 34 64 52 36 152 0 61.57 55.78 
5383 3288 34 64 52 36 152 0 61.44 55.91 
5561 3288 34 64 52 36 152 0 61.17 55.76 
5739 3288 34 64 52 36 152 0 61.15 55.76 
5917 3288 34 64 52 36 152 0 61.15 55.76 
6095 3288 34 64 52 36 152 0 61.15 56.20 
6273 3288 34 64 52 36 152 0 62.27 35.63 
6450 3288 34 64 52 36 152 0 61.98 35.63 
6627 3144 36 70 55 38 164 0 61.73 49.42 
6805 3103 36 74 57 40 170 0 60.88 58.53 
6983 3182 36 71 56 39 166 0 60.04 57.99 
7161 3673 33 58 50 36 144 0 60.04 58.00 
7339 3526 33 60 50 36 146 0 62.15 49.44 
7517 3526 33 60 50 36 146 0 61.30 49.95 
7695 3241 35 68 54 38 159 0 61.73 44.98 
7872 3112 37 71 56 38 165 0 62.41 43.42 
8049 3056 37 72 56 38 166 0 64.94 36.29 
8226 3161 36 73 57 40 170 0 65.33 34.63 
8403 3093 37 73 57 39 169 0 64.92 35.39 
8580 3129 38 74 58 40 171 0 65.48 36.99 
8757 3103 36 74 57 40 170 2 65.19 36.53 
8934 3161 36 73 57 40 170 0 65.21 49.27 
9112 3161 36 73 57 40 170 0 65.04 55.79 
9290 3139 34 68 53 37 158 0 65.35 55.78 
9468 3700 35 53 49 33 135 0 66.74 43.01 
9646 3704 37 53 50 33 136 0 66.03 55.61 
9824 3813 43 56 56 36 148 0 66.03 55.62 
10002 3780 41 55 54 35 145 0 70.64 59.94 
10181 3813 43 56 56 36 147 0 70.92 60.50 
10360 3795 51 61 63 39 165 0 70.91 57.85 
10539 3794 52 61 64 39 165 5 70.91 60.50 
10718 3794 52 61 64 39 166 0 70.91 60.08 
10897 3794 52 61 64 39 166 0 70.46 60.50 
11076 3794 52 61 64 39 166 0 70.46 60.93 
11255 3794 52 61 64 39 166 0 70.46 60.08 
11434 3794 52 61 64 39 166 0 70.02 60.93 
11613 3794 52 61 64 39 165 0 70.09 60.91 
11792 3794 52 61 64 39 165 0 70.04 60.50 
11971 3794 52 61 64 39 165 0 70.46 60.10 
12150 3794 52 61 64 39 165 0 70.45 60.50 
12329 3794 52 61 64 39 165 0 70.02 59.67 
12508 3794 52 61 64 39 165 0 70.46 60.49 
12687 3794 52 61 64 39 165 0 70.11 60.40 
12866 3794 52 61 64 39 166 0 70.11 59.96 
13045 3794 52 61 64 39 166 0 70.46 60.93 
13224 3794 52 61 64 39 165 0 70.46 61.78 
13403 3794 52 61 64 39 165 0 70.45 60.52 
13582 3794 52 61 64 39 165 0 66.88 43.03 
13760 3794 52 61 64 39 165 0 64.09 52.29 
13938 3788 44 58 57 37 152 0 63.80 37.45 
14115 3328 35 65 53 37 155 0 63.39 62.34 
14294 3161 36 73 57 40 170 0 64.23 41.09 
14471 3074 37 75 58 40 173 0 62.54 43.81 
14648 3129 38 74 58 40 172 0 62.56 44.20 
14825 3074 37 75 58 40 173 0 62.41 43.83 
15002 3074 37 75 58 40 172 0 62.41 43.42 
15179 3074 37 75 58 40 173 0 62.12 43.62 
15356 3129 38 74 58 40 171 0 61.71 44.40 
15533 3103 36 74 57 40 170 0 62.00 45.20 
15710 3129 38 74 58 40 172 0 62.29 36.53 
15887 3129 38 74 58 40 173 0 61.98 45.19 
16064 3074 37 75 58 40 173 0 61.57 45.58 
16241 3074 37 75 58 40 173 1 61.57 45.58 
16418 3074 37 75 58 40 173 0 61.57 45.59 
16595 3074 37 75 58 40 173 0 62.00 45.19 
16772 3074 37 75 58 40 173 0 61.57 45.61 
16949 3074 37 75 58 40 173 0 62.29 36.53 
17126 3074 37 75 58 40 173 0 62.00 45.19 
17303 3074 37 75 58 40 173 0 61.59 45.58 
17480 3074 37 75 58 40 173 0 61.59 45.59 
17657 3074 37 75 58 40 173 1 61.57 45.59 
17834 3074 37 75 58 40 173 0 61.57 45.59 
18011 3074 37 75 58 40 173 0 61.57 45.19 
18188 3074 37 75 58 40 173 0 61.57 45.59 
18365 3074 37 75 58 40 173 0 61.57 45.19 
18542 3074 37 75 58 40 173 0 61.57 45.59 
18719 3074 37 75 58 40 173 0 61.57 45.19 
18896 3074 37 75 58 40 173 0 61.56 45.19 
19073 3074 37 75 58 40 173 0 61.57 45.59 
19250 3074 37 75 58 40 173 0 62.00 45.19 
19427 3074 37 75 58 40 173 0 61.57 45.19 
19604 3074 37 75 58 40 173 0 61.57 45.59 
19781 3074 37 75 58 40 173 0 61.57 45.19 
19958 3074 37 75 58 40 173 2 61.57 45.19 
20135 3074 37 75 58 40 173 0 61.57 45.59 
20312 3074 37 75 58 40 173 0 61.59 46.00 
20489 3074 37 75 58 40 173 0 61.57 45.59 
20666 3074 37 75 58 40 173 0 61.57 45.19 
20843 3074 37 75 58 40 173 0 61.57 45.19 
21020 3074 37 75 58 40 173 0 61.57 45.59 
21197 3074 37 75 58 40 173 0 61.57 45.59 
21374 3074 37 75 58 40 173 2 61.57 45.59 
21551 3074 37 75 58 40 173 0 61.98 45.19 
21728 3074 37 75 58 40 173 0 61.98 45.59 
21905 3074 37 75 58 40 173 0 61.56 47.77 
22083 3074 37 75 58 40 173 0 61.57 45.58 
22260 3074 37 75 58 40 173 0 61.57 45.20 
22437 3074 37 75 58 40 173 0 61.59 45.59 
22614 3074 37 75 58 40 173 0 61.57 45.63 
22791 3074 37 75 58 40 173 2 61.57 45.19 
22968 3074 37 75 58 40 173 0 62.00 45.20 
23145 3074 37 75 58 40 173 0 62.29 36.53 
23322 3074 37 75 58 40 173 0 61.57 45.20 
23499 3074 37 75 58 40 173 0 62.29 36.53 
23676 3074 37 75 58 40 173 0 61.57 45.19 
23853 3074 37 75 58 40 173 0 61.57 45.19 
24030 3074 37 75 58 40 173 0 61.57 45.19 
24207 3074 37 75 58 40 173 0 61.57 45.58 
24384 3074 37 75 58 40 173 0 62.00 44.79 
24561 3074 37 75 58 40 173 0 61.59 45.59 
24738 3074 37 75 58 40 173 0 61.57 45.61 
24915 3074 37 75 58 40 173 0 61.59 45.58 
25092 3074 37 75 58 40 173 0 61.57 45.19 
25269 3074 37 75 58 40 173 0 61.57 45.19 
25446 3074 37 75 58 40 173 0 61.57 45.59 
25623 3074 37 75 58 40 173 0 61.57 45.19 
25800 3074 37 75 58 40 173 0 61.57 45.58 
25977 3074 37 75 58 40 173 0 61.57 45.58 
26154 3074 37 75 58 40 173 0 63.26 28.97 
26331 3074 37 75 58 40 173 0 66.03 35.62 
26508 3110 38 76 59 41 177 2 64.35 62.31 
26687 3281 35 69 55 39 162 0 64.77 50.44 
26865 5153 41 54 59 46 159 0 61.71 52.29 
27043 6305 52 56 72 59 188 0 61.86 52.63 
27221 6589 55 57 76 63 197 0 60.45 52.28 
27399 6571 54 56 75 62 195 0 55.73 56.47 
27577 6691 56 58 78 65 201 0 51.37 51.95 
27754 7355 65 61 89 76 226 0 18.05 47.58 
27929 6720 61 62 84 70 215 0 16.15 21.17 
28102 5679 50 61 71 57 189 0 16.15 45.99 
28277 6354 63 66 87 71 224 0 14.48 16.12 
28450 6856 68 69 94 79 241 0 15.50 13.11 
28623 3877 34 60 52 39 151 0 13.14 39.54 
28797 3613 30 57 47 35 139 0 16.78 40.41 
28972 6404 73 76 100 82 258 0 16.76 45.37 
29147 7141 86 83 118 100 302 0 11.44 38.59 
29321 6819 83 82 114 95 290 0 9.42 16.12 
29494 6046 61 70 86 70 226 0 7.74 36.52 
29668 6608 76 77 104 86 267 0 6.78 35.84 
29842 7371 90 85 124 106 315 2 7.11 35.85 
30016 5951 59 65 81 65 212 0 7.11 35.85 
30190 5342 48 58 67 52 177 0 7.11 35.85 
30364 5342 48 58 67 52 177 0 6.14 35.63 
30538 5410 47 58 66 52 177 0 6.14 35.62 
30712 5368 49 59 68 53 182 0 7.43 36.29 
30886 5266 51 61 70 54 186 0 5.51 35.39 
31060 5356 52 61 71 55 188 0 4.86 37.67 
31234 6794 91 90 125 104 320 0 32.88 8.38 
31408 7332 111 101 151 128 382 3 32.11 10.76 
31582 7447 110 100 150 128 381 0 16.46 16.13 
31755 7332 111 101 151 128 382 0 15.50 14.79 
31928 7447 110 100 150 128 381 0 14.14 14.79 
32101 6599 80 83 111 92 287 0 27.61 28.97 
32275 4458 51 98 85 70 253 0 23.31 26.42 
32449 1877 25 125 69 59 250 0 16.15 13.12 
32622 1924 25 116 65 54 231 0 16.46 15.47 
32795 1726 26 145 77 65 283 0 16.76 15.79 
32968 1641 20 125 64 55 241 0 18.99 3.25 
33140 1624 17 115 58 50 219 0 54.91 17.07 
33315 1668 22 129 67 57 249 0 55.86 19.60 
33491 5251 64 101 100 83 284 2 54.91 18.00 
33666 6931 113 112 156 131 403 0 55.25 43.01 
33843 6612 103 108 143 119 373 0 61.98 29.99 
34020 1746 24 133 71 61 261 0 23.89 26.42 
34194 1622 20 141 71 62 270 0 25.02 28.70 
34368 1628 22 142 72 62 271 0 20.89 24.97 
34542 1636 22 143 73 63 274 0 15.83 16.42 
34715 1637 21 139 71 62 269 0 14.82 13.45 
34888 2718 58 136 96 67 299 0 13.80 9.06 
35060 2617 145 206 169 74 455 0 7.75 16.44 
35233 2549 171 240 195 80 524 0 6.78 16.44 
35406 2604 121 173 141 62 382 0 4.54 16.75 
35578 2531 147 212 170 71 459 0 5.18 48.91 
35752 2519 158 229 183 76 495 0 6.78 23.27 
35925 2507 182 258 207 83 558 2 8.07 43.01 
36099 2500 171 248 197 81 535 0 11.80 7.74 
36271 3028 103 148 129 71 354 0 9.08 7.74 
36443 4134 98 138 135 96 377 0 10.76 9.06 
36615 4113 140 201 195 139 541 0 14.48 14.13 
36788 3941 85 144 128 95 369 0 15.50 13.79 
36961 3877 52 108 88 70 267 0 16.46 14.47 
37134 3847 53 107 88 69 266 0 29.00 23.27 
37308 4015 114 169 160 114 447 2 28.76 25.86 
37482 2976 151 218 188 102 516 0 49.16 19.60 
37657 2510 173 247 198 80 533 3 45.27 45.39 
37833 2510 184 262 210 85 566 0 42.69 42.42 
38009 2505 177 252 202 81 545 0 16.47 15.79 
38182 2727 141 205 170 82 464 0 18.05 14.81 
38355 4030 198 283 273 192 757 0 14.48 15.79 
38528 2887 172 212 193 87 551 0 9.42 8.36 
38700 2722 22 108 65 62 327 0 6.78 16.12 
38873 6819 95 122 144 126 395 0 5.81 28.70 
39046 7262 126 150 188 166 509 0 25.02 25.55 
39220 7292 124 150 186 165 506 0 19.31 2.92 
39392 1640 28 151 77 60 284 0 17.08 4.20 
39564 3388 149 195 185 108 493 0 15.50 17.70 
39737 3523 165 197 198 114 513 0 20.89 17.37 
39910 3609 123 147 149 88 389 0 22.15 21.79 
40084 2415 53 134 89 60 282 0 26.74 24.99 
40258 1628 25 135 68 52 251 1 28.48 27.00 
40432 7220 90 116 139 124 382 0 27.90 28.42 
40606 7835 107 130 164 149 447 0 29.02 28.15 
40781 7751 110 132 167 151 453 0 20.26 32.04 
40955 7693 107 129 163 147 443 0 16.76 19.28 
41128 5340 47 100 87 78 265 0 21.52 34.37 
41302 1728 15 133 70 71 269 0 22.15 35.39 
41477 1630 13 144 74 77 291 0 37.04 37.69 
41653 1712 15 143 75 77 291 0 16.46 35.38 
41827 3991 154 228 216 153 603 0 17.41 35.85 
42001 3641 139 198 185 121 511 0 44.27 16.12 
42176 2496 154 226 179 74 486 0 45.27 16.44 
42351 2507 169 241 193 78 522 0 46.05 16.44 
42526 2507 169 241 193 78 521 0 47.84 16.12 
42701 2503 173 246 197 79 531 0 47.45 17.07 
42876 2519 148 214 171 71 462 0 18.36 16.75 
43049 2571 124 178 144 62 391 0 15.83 15.15 
43222 2515 175 249 200 81 539 0 16.13 14.13 
43395 2516 182 257 207 83 557 0 14.14 15.49 
43568 2508 180 257 206 83 555 0 10.10 15.79 
43741 2590 138 198 161 70 438 2 10.78 55.64 
43916 4052 87 123 120 84 330 0 7.74 56.07 
44091 4097 111 155 152 107 421 0 7.74 16.75 
44264 4042 172 247 238 168 661 0 6.46 58.41 
44439 4062 180 259 250 177 695 6 72.61 3.89 
44615 4034 186 265 256 180 709 0 35.44 5.17 
44789 4015 130 188 180 127 501 0 29.26 4.22 
44962 2912 23 131 78 78 285 0 25.04 4.52 
45135 8104 50 88 91 88 268 0 21.52 7.41 
45308 8790 57 89 100 97 286 1 20.89 10.40 
45481 1883 30 123 69 53 242 0 15.83 18.95 
45654 2635 42 103 71 50 224 0 20.89 16.12 
45827 3581 127 141 148 83 373 0 15.83 20.55 
46000 3587 89 103 106 61 272 0 18.68 19.89 
46173 2402 26 78 50 37 164 1 6.14 16.44 
46345 3124 61 103 85 54 243 0 6.78 15.15 
46517 3590 106 120 125 71 318 0 7.11 13.46 
46689 3715 70 82 85 51 222 0 12.46 13.45 
46862 4360 38 58 56 42 157 0 10.10 4.84 
47034 8905 30 67 63 64 193 0 9.74 4.84 
47206 5720 40 102 83 79 263 0 5.18 5.81 
47378 3233 52 152 106 89 346 0 5.51 4.52 
47550 3192 54 155 108 90 353 0 27.61 5.49 
47723 3193 56 157 110 91 357 2 29.27 7.74 
47896 3252 56 165 115 97 376 0 12.46 34.63 
48070 3230 55 159 111 93 363 0 16.46 15.79 
48243 4875 35 74 63 55 192 0 18.68 17.07 
48416 12535 27 64 61 66 191 0 21.22 19.60 
48590 3852 66 83 84 54 223 1 22.44 16.12 
48763 3511 78 111 103 65 280 0 24.16 26.13 
48937 2173 31 102 62 46 208 0 27.03 29.48 
49111 2796 34 90 62 47 199 0 55.57 49.10 
49288 8119 46 63 75 70 207 0 48.04 49.42 
49465 11955 61 76 103 105 285 0 51.70 48.74 
49642 12392 59 76 102 105 284 0 65.18 40.63 
49819 5813 29 82 65 63 209 0 67.29 42.21 
49997 4000 147 214 204 144 568 0 55.86 53.31 
50175 4056 151 220 211 150 587 0 54.42 50.29 
50352 4073 155 225 216 154 601 0 52.72 50.29 
50529 4077 159 229 221 157 613 0 48.25 47.38 
50706 4048 145 210 202 143 561 0 19.30 41.09 
50881 4080 132 191 184 131 512 0 14.82 37.67 
51055 4088 80 118 113 81 317 0 34.94 34.63 
51230 3951 65 112 99 74 287 0 35.68 11.76 
51404 4059 54 87 80 59 230 0 49.01 7.74 
51578 4062 48 75 70 51 199 0 48.64 9.06 
51753 3883 35 74 60 48 182 0 37.06 8.06 
51927 3911 36 72 60 47 180 0 15.83 53.50 
52102 4141 60 91 86 63 244 0 10.78 16.12 
52275 4116 59 90 85 62 241 0 8.38 15.79 
52448 4132 54 84 79 58 225 0 9.42 54.33 
52623 4091 43 72 65 49 188 0 7.43 30.77 
52796 4027 43 73 65 49 189 0 6.78 31.30 
52969 3525 28 83 59 51 192 0 32.37 30.51 
53144 3564 27 84 59 52 193 0 45.66 4.84 
53318 3405 27 89 61 54 202 0 46.46 4.52 
53492 3737 28 68 52 43 162 0 34.42 3.25 
53665 3751 29 71 54 45 170 0 32.35 3.25 
53838 3597 29 90 63 56 207 1 31.59 3.25 
54011 3562 29 92 64 57 212 0 30.57 4.52 
54184 4937 34 69 60 52 181 0 31.08 9.06 
54358 6984 42 58 66 59 183 0 30.04 9.06 
54531 6304 42 57 64 55 175 0 16.15 23.56 
54704 3332 36 76 59 44 177 0 15.50 17.07 
54877 2632 38 98 67 48 211 0 16.46 26.72 
55051 3389 34 70 55 41 163 0 18.99 25.57 
55225 2758 34 88 61 45 190 0 20.57 24.99 
55399 2714 36 93 64 47 201 2 15.16 19.60 
55572 2586 36 93 63 45 198 0 17.08 16.42 
55745 3319 57 90 78 50 217 0 7.43 11.76 
55917 3636 76 91 93 55 241 0 7.74 10.08 
56089 4971 32 55 52 43 152 0 6.46 8.38 
56261 7422 31 62 59 57 178 0 5.18 7.41 
56433 7399 30 61 58 56 176 0 6.46 6.78 
56605 4633 31 57 51 42 151 0 10.42 5.49 
56777 3587 33 67 54 41 162 0 10.78 5.17 
56949 3500 34 73 57 44 174 0 11.44 4.22 
57121 3430 33 74 57 44 175 0 16.13 3.89 
57293 3430 33 74 57 44 175 0 55.86 3.57 
57468 3531 33 74 57 45 175 0 54.57 3.25 
57643 3430 33 74 57 44 175 0 35.68 3.25 
57816 3430 33 74 57 44 175 0 50.35 53.65 
57993 3514 33 68 54 41 163 0 5.18 10.08 
58165 3457 32 75 57 45 175 0 48.03 16.44 
58340 3487 31 76 57 46 178 0 10.10 8.38 
58512 3463 36 88 66 53 206 0 29.53 11.08 
58686 3354 37 104 74 62 239 0 45.87 46.78 
58863 3394 39 102 74 61 235 0 16.47 15.13 
59036 3356 38 101 73 60 233 2 16.13 13.79 
59209 3408 39 105 76 63 243 0 15.83 10.74 
59382 3351 40 103 75 61 238 0 36.13 10.08 
59556 3462 45 119 87 72 278 0 9.76 16.12 
59729 3315 42 115 82 68 266 0 9.08 17.70 
59902 3350 42 116 83 69 267 0 9.08 16.12 
60075 3425 42 116 83 70 268 0 15.83 18.63 
60248 3425 42 116 83 70 268 0 16.76 47.96 
60423 3435 41 111 80 67 257 0 29.02 28.95 
60598 3327 34 96 68 57 220 0 27.61 35.39 
60773 3777 31 66 53 42 160 0 29.02 53.63 
60949 4927 28 54 48 41 143 0 15.83 31.30 
61123 6652 28 56 52 49 157 0 11.44 28.71 
61297 7158 28 58 54 52 164 0 16.46 27.86 
61471 5226 30 57 52 45 154 0 8.74 44.20 
61645 3396 35 92 67 55 215 0 15.83 15.49 
61818 3481 40 107 78 65 248 0 34.68 15.79 
61992 3398 44 117 85 70 272 0 34.15 11.08 
62166 3209 45 135 93 79 308 0 15.50 14.13 
62339 3194 44 132 91 77 301 5 11.44 24.41 
62512 3162 43 131 90 76 298 0 15.50 16.75 
62685 3301 41 112 80 66 259 2 38.40 15.79 
62859 3602 34 81 62 50 194 0 37.72 16.12 
63033 3376 40 112 80 67 258 0 37.28 16.12 
63207 3345 44 118 85 70 273 0 37.72 16.12 
63381 3345 44 118 85 70 273 0 31.08 16.12 
63555 3345 44 118 85 70 272 0 38.20 16.12 
63729 3495 45 123 89 75 286 0 38.18 16.12 
63903 3466 50 129 95 78 299 0 38.18 16.12 
64077 3419 50 130 95 78 302 0 39.32 36.97 
64253 3356 38 101 73 60 234 0 57.24 35.62 
64430 3255 44 123 87 72 283 0 55.71 53.31 
64608 3258 47 136 95 80 312 0 56.01 48.93 
64785 3392 42 112 81 67 261 0 66.72 53.14 
64963 3618 42 97 75 60 234 0 67.29 16.12 
65139 3607 42 94 73 58 228 0 67.30 52.78 
65317 3628 43 100 77 62 241 0 66.03 56.08 
65495 3556 45 103 79 63 247 0 37.28 31.81 
65670 3618 42 97 75 60 233 0 29.53 18.33 
65844 11976 29 70 66 71 208 0 28.75 17.39 
66018 15511 29 72 69 77 219 0 29.00 15.79 
66192 15351 29 73 70 78 221 0 27.90 16.42 
66366 15351 29 73 70 78 221 0 24.16 13.11 
66539 8322 31 66 62 62 190 0 16.15 12.77 
66712 4399 52 78 76 57 212 0 20.89 13.45 
66885 3563 149 166 174 97 441 1 20.59 14.45 
67058 3550 158 174 183 101 465 0 19.94 11.42 
67231 3596 167 181 193 107 492 0 18.99 9.06 
67404 3604 172 187 199 111 505 0 18.68 7.09 
67577 3627 120 138 143 83 368 0 16.13 6.14 
67749 3666 122 144 148 88 384 0 13.14 5.81 
67921 3590 171 188 199 111 505 0 2.92 8.36 
68093 3577 175 194 204 114 519 0 2.92 6.77 
68265 3593 126 145 150 86 387 0 8.07 5.49 
68437 3566 164 186 193 109 495 0 5.51 8.38 
68609 3611 159 184 190 110 490 0 7.43 6.46 
68781 3803 160 228 216 146 598 0 13.14 17.37 
68954 3947 129 185 177 123 492 0 16.15 16.42 
69127 3634 125 149 152 90 395 0 16.13 22.12 
69300 3583 154 173 181 102 463 0 25.60 21.18 
69474 2371 41 122 78 57 256 0 30.82 28.42 
69649 2292 29 97 60 46 201 0 40.02 40.87 
69825 10856 56 72 94 94 261 0 40.46 37.67 
70001 9276 55 75 92 89 257 0 40.00 42.23 
70177 4086 26 74 55 49 177 0 42.87 38.81 
70353 3390 23 90 59 55 202 0 41.16 40.39 
70529 3953 54 97 84 64 246 0 43.28 42.21 
70705 4075 81 123 116 84 323 0 48.03 44.01 
70882 4064 57 85 81 58 225 0 54.08 50.27 
