=~=~=~=~=~=~=~=~=~=~=~= PuTTY log 2025.11.28 17:30:57 =~=~=~=~=~=~=~=~=~=~=~=
52303 2512 146 212 169 70 458 0 52303 2512 146 212 169 70 458 0 52303 2512 146 212 169 70 458 0 52303 2512 146 212 169 70 458 0 52303 2512 146 212 169 70 458 0 52303 2512 146 212 169 70 458 0 52303 2512 146 212 169 70 458 0 52303 2512 146 212 169 70 458 0 52303 2512 146 212 169 70 458 0 52303 2512 146 212 169 70 458 0 52303 2512 146 212 169 70 458 0 52303 2512 146 212 169 70 458 0 52303 2512 146 212 169 70 458 0 52303 2512 146 212 169 70 458 0 52303 2512 146 212 169 70 458 0 52303 2512 146 212 169 70 458 0 52303 2512 146 212 169 70 458 0 52303 2512 146 212 169 70 458 0 52303 2512 146 212 169 70 458 0 52303 2512 146 212 169 70 458 0 52303 2512 146 212 169 70 458 0 52303 2512 146 212 169 70 458 0 52303 2512 146 212 169 70 458 0 52303 2512 146 212 169 70 458 0 52303 2512 146 212 169 70 458 0 52303 2512 146 212 169 70 458 0 52303 2512 146 212 169 70 458 0 52303 2512 146 212 169 70 458 0 52303 2512 146 212 169 70 458 0 52303 2512 146 212 169 70 458 0 52303 2512 146 212 169 70 458 0 52303 2512 146 212 169 70 458 0 52303 2512 146 212 169 70 458 0 52303 2512 146 212 169 70 458 0 52303 2512 146 212 169 70 458 0 52303 2512 146 212 169 70 458 0 52303 2512 146 212 169 70 458 0 52303 2512 146 212 169 70 458 0 52303 2512 146 212 169 70 458 0 52303 2512 146 212 169 70 458 0 52303 2512 146 212 169 70 458 0 52303 2512 146 212 169 70 458 0 52303 2512 146 212 169 70 458 0 52303 2512 146 212 169 70 458 0 52303 2512 146 212 169 70 458 0 52303 2512 146 212 169 70 458 0 52303 2512 146 212 169 70 458 0 52303 2512 146 212 169 70 458 0 52303 2512 146 212 169 70 458 0 52303 2512 146 212 169 70 458 0 52303 2512 146 212 169 70 458 0 52303 2512 146 212 169 70 458 0 52303 2512 146 212 169 70 458 0 52303 2512 146 212 169 70 458 0 52303 2512 146 212 169 70 458 0 52303 2512 146 212 169 70 458 0 52303 2512 146 212 169 70 458 0 52303 2512 146 212 169 70 458 0 52303 2512 146 212 169 70 458 0 52303 2512 146 212 169 70 458 0 52303 2512 146 212 169 70 458 0 52303 2512 146 212 169 70 458 0 52303 2512 146 212 169 70 458 0 52303 2512 146 212 169 70 458 0 52303 2512 146 212 169 70 458 0 52303 2512 146 212 169 70 458 0 52303 2512 146 212 169 70 458 0 52303 2512 146 212 169 70 458 0 52303 2512 146 212 169 70 458 0 52303 2512 146 212 169 70 458 0 52303 2512 146 212 169 70 458 0 52303 2512 146 212 169 70 458 0 52303 2512 146 212 169 70 458 0 52303 2512 146 212 169 70 458 0 52303 2512 146 212 169 70 458 0 52303 2512 146 212 169 70 458 0 52303 2512 146 212 169 70 458 0 52303 2512 146 212 169 70 458 0 52303 2512 146 212 169 70 458 0 52303 2512 146 212 169 70 458 0 52303 2512 146 212 169 70 458 0 52303 2512 146 212 169 70 458 0 52303 2512 146 212 169 70 458 0 52303 2512 146 212 169 70 458 0 52303 2512 146 212 169 70 458 0 52303 2512 146 212 169 70 458 0 52303 2512 146 212 169 70 458 0 52303 2512 146 212 169 70 458 0 52303 2512 146 212 169 70 458 0 52303 2512 146 212 169 70 458 0 52303 2512 146 212 169 70 458 0 52303 2512 146 212 169 70 458 0 52303 2512 146 212 169 70 458 0 52303 2512 146 212 169 70 458 0 ets Jul 29 2019 12:21:46

rst:0x1 (POWERON_RESET),boot:0x13 (SPI_FAST_FLASH_BOOT)
configsip: 0, SPIWP:0xee
clk_drv:0x00,q_drv:0x00,d_drv:0x00,cs0_drv:0x00,hd_drv:0x00,wp_drv:0x00
mode:DIO, clock div:1
load:0x3fff0030,len:4980
load:0x40078000,len:16612
load:0x40080400,len:3480
entry 0x400805b4
Found sensor
Milis - ColorTemp - Lux - R - G - B - C - Pot - UsensA - UsensB

399 2512 146 212 169 70 458 0 68.29 57.34 
578 2512 146 212 169 70 458 0 68.70 55.95 
756 2512 146 212 169 70 458 0 68.29 57.19 
935 2512 146 212 169 70 458 0 68.70 56.35 
1114 2512 146 212 169 70 458 0 68.71 57.21 
1293 2512 146 212 169 70 458 0 68.71 55.93 
1471 2512 146 212 169 70 458 0 68.29 56.78 
1650 2512 146 212 169 70 458 4 68.27 56.34 
1828 2512 146 212 169 70 458 0 69.96 55.93 
2007 2512 146 212 169 70 458 0 68.29 55.93 
2185 2512 146 212 169 70 458 0 68.70 56.35 
2364 2512 146 212 169 70 458 0 68.70 55.91 
2542 2512 146 212 169 70 458 0 68.70 55.93 
2720 2512 146 212 169 70 458 0 68.71 55.93 
2898 2512 146 212 169 70 458 2 68.71 56.35 
3077 2512 146 212 169 70 458 0 68.71 55.93 
3255 2512 146 212 169 70 458 0 68.29 56.35 
3433 2512 146 212 169 70 458 4 68.70 55.91 
3611 2512 146 212 169 70 458 0 68.68 55.95 
3789 2512 146 212 169 70 458 0 68.70 55.95 
3967 2512 146 212 169 70 458 1 70.40 55.93 
4146 2512 146 212 169 70 458 0 67.86 56.90 
4324 2522 148 212 170 70 459 0 67.86 57.75 
4503 2512 146 212 169 70 457 0 67.46 57.77 
4682 2512 146 212 169 70 458 1 67.03 58.16 
4861 2512 146 212 169 70 458 0 67.44 58.19 
5040 2512 146 212 169 70 458 0 68.27 36.55 
5217 2512 146 212 169 70 458 2 68.70 55.95 
5395 2512 146 212 169 70 458 0 67.85 57.32 
5574 2512 146 212 169 70 458 0 67.86 29.75 
5751 2512 146 212 169 70 458 1 43.69 29.73 
5926 2512 146 212 169 70 458 0 44.49 30.00 
6102 2512 146 212 169 70 458 0 44.10 30.00 
6278 2583 125 178 145 62 391 0 43.69 42.24 
6454 2625 117 163 135 58 361 0 44.10 42.64 
6630 2625 117 163 135 58 362 0 44.47 43.44 
6806 2623 116 164 135 59 363 0 44.88 36.09 
6982 2606 122 172 141 61 379 16 45.29 43.04 
7158 2681 110 151 127 56 339 0 44.47 35.63 
7334 2697 103 141 119 53 318 3 44.49 35.63 
7510 2670 109 150 126 55 336 0 44.68 30.00 
7686 2640 112 157 130 57 350 0 69.34 30.00 
7863 2618 119 166 137 59 369 0 69.33 57.05 
8042 2612 120 169 139 60 373 0 83.16 35.41 
8220 2632 119 165 137 59 367 0 35.92 16.12 
8394 3468 36 52 48 30 132 0 36.14 16.13 
8568 3870 28 43 40 28 112 0 80.41 64.72 
8748 3920 29 44 41 29 114 1 80.78 58.56 
8927 3753 50 54 59 34 149 0 80.95 71.88 
9107 3762 56 57 64 36 160 0 42.30 40.19 
9283 3762 54 57 63 36 159 2 67.34 64.26 
9462 3762 54 57 63 36 159 0 75.90 75.87 
9642 3762 56 57 64 36 160 0 69.77 58.02 
9821 3788 58 58 66 37 164 0 69.87 58.02 
10000 3787 59 58 67 37 165 2 69.41 59.69 
10179 3787 59 58 67 37 165 3 77.86 51.78 
10358 3787 59 58 67 37 165 0 69.43 58.87 
10537 3787 59 58 67 37 165 0 69.68 71.89 
10716 3787 59 58 67 37 165 0 69.09 72.88 
10896 3668 67 66 75 40 184 0 82.19 48.94 
11075 3650 86 77 92 46 218 0 82.30 72.76 
11255 3762 70 65 77 41 187 0 82.30 73.20 
11435 3755 66 62 73 39 177 0 81.67 70.82 
11615 3755 66 62 73 39 177 3 81.12 71.65 
11795 3776 68 63 75 40 181 0 81.14 72.06 
11975 3807 54 56 63 36 157 0 69.17 57.88 
12154 3807 54 56 63 36 157 0 68.00 74.19 
12334 3171 86 98 97 47 246 0 68.02 73.39 
12513 2755 133 170 149 64 394 1 68.00 80.14 
12693 2845 136 164 150 64 385 0 68.44 72.95 
12872 2845 136 164 150 64 385 0 68.00 74.63 
13052 2845 136 164 150 64 385 0 68.00 74.21 
13232 2845 136 164 150 64 385 3 68.02 75.53 
13412 2845 136 164 150 64 385 0 68.00 72.95 
13591 2845 136 164 150 64 385 0 68.44 75.09 
13771 2845 136 164 150 64 385 0 68.00 73.39 
13950 2845 136 164 150 64 385 0 68.00 74.63 
14130 2845 136 164 150 64 385 0 68.02 73.83 
14309 2845 136 164 150 64 385 0 68.02 80.55 
14489 2845 136 164 150 64 385 0 68.44 73.39 
14668 2845 136 164 150 64 385 0 68.00 74.19 
14848 2845 136 164 150 64 385 4 68.02 74.19 
15028 2845 136 164 150 64 385 0 68.00 74.19 
15208 2845 136 164 150 64 385 0 68.00 72.95 
15387 2845 136 164 150 64 385 0 68.00 74.63 
15567 2845 136 164 150 64 385 0 68.00 73.83 
15746 2845 136 164 150 64 385 2 68.02 74.70 
15926 2845 136 164 150 64 385 0 68.44 72.95 
16105 2845 136 164 150 64 385 0 68.00 73.37 
16284 2845 136 164 150 64 385 0 68.44 73.83 
16464 2845 136 164 150 64 385 3 68.00 73.83 
16644 2845 136 164 150 64 385 0 68.02 74.65 
16824 2845 136 164 150 64 385 0 68.00 75.97 
17004 2845 136 164 150 64 385 0 68.02 74.29 
17184 2845 136 164 150 64 385 0 68.44 73.39 
17363 2845 136 164 150 64 385 3 66.20 68.03 
17542 2683 150 194 167 69 438 0 71.84 65.71 
17721 2476 178 258 204 82 554 0 55.88 52.16 
17899 6214 50 76 80 70 229 0 59.24 58.58 
18077 4433 39 60 58 44 163 0 55.25 49.62 
18254 3920 29 44 41 29 114 0 52.55 52.33 
18431 3920 29 44 41 29 114 0 51.22 51.80 
18608 3920 29 44 41 29 114 0 51.20 51.65 
18785 3830 28 45 41 29 115 0 50.03 46.38 
18962 3830 28 45 41 29 115 2 49.33 47.17 
19139 3828 30 45 42 29 116 1 47.26 47.58 
19316 3957 35 51 49 34 136 0 42.08 42.24 
19492 3834 80 113 108 73 298 0 37.06 36.75 
19667 3870 28 43 40 28 111 0 33.64 33.86 
19842 15742 33 54 65 71 191 0 29.02 30.26 
20017 18393 33 55 68 76 200 0 65.35 31.81 
20194 4397 38 56 55 41 153 0 82.38 83.74 
20375 3650 119 176 162 108 450 0 82.30 71.55 
20555 2723 93 98 93 30 259 0 100.91 83.76 
20737 3779 28 44 40 28 112 0 96.07 80.80 
20919 3870 28 43 40 28 111 4 70.58 59.84 
21098 3779 28 44 40 28 112 0 67.32 68.75 
21277 3918 26 41 38 27 106 0 106.81 58.70 
21458 3818 28 42 39 27 108 0 107.15 60.37 
21639 4555 27 43 41 32 117 0 120.36 109.28 
21824 4952 27 43 42 34 120 0 99.42 98.38 
22007 4502 26 42 40 31 114 0 92.75 91.46 
22189 3825 73 104 99 67 273 0 87.52 95.20 
22371 8273 29 47 51 49 149 0 90.29 59.01 
22551 9389 63 94 109 107 313 0 65.50 67.20 
22730 5468 99 144 150 124 424 1 65.21 63.58 
22909 4321 187 270 265 195 740 0 63.27 63.89 
23088 4236 188 272 265 193 740 0 56.03 57.21 
23266 4404 166 243 238 178 667 0 51.70 55.67 
23443 5296 116 170 175 143 496 0 49.69 60.81 
23621 4623 116 163 165 125 458 0 58.11 59.53 
23799 12183 50 79 93 97 272 0 57.54 56.10 
23977 7329 31 49 53 49 152 0 56.98 56.78 
24155 3875 27 43 39 28 110 0 55.88 55.52 
24333 3875 27 43 39 28 110 0 54.91 54.67 
24511 3875 27 43 39 28 110 0 53.74 55.93 
24689 3818 28 42 39 27 108 0 57.27 57.05 
24867 3821 26 42 38 27 106 0 55.73 55.66 
25045 3821 26 42 38 27 107 2 73.76 58.74 
25224 3875 27 43 39 28 110 0 62.02 65.71 
25403 3695 71 103 96 64 267 0 65.35 58.58 
25581 3870 28 43 40 28 111 0 61.17 59.26 
25759 3870 28 43 40 28 112 0 59.23 59.57 
25937 3870 28 43 40 28 112 0 62.02 64.00 
26116 3870 28 43 40 28 112 0 86.02 79.24 
26297 3870 28 43 40 28 111 0 80.15 77.38 
26477 4765 28 44 43 34 121 0 75.90 76.57 
26657 4076 28 44 41 30 116 0 76.18 125.53 
26840 3920 29 44 41 29 114 0 72.98 72.22 
27020 3920 29 44 41 29 114 0 73.34 69.68 
27200 3875 30 46 43 30 119 0 68.15 69.16 
27379 17744 36 58 72 80 210 3 67.03 121.01 
27561 29941 36 61 80 95 237 1 69.87 122.57 
27743 23726 36 60 77 89 227 0 122.20 121.04 
27928 6202 30 47 49 43 140 2 119.08 69.85 
28110 14457 35 55 67 72 195 0 112.56 112.11 
28294 8868 60 93 105 102 303 0 107.34 79.05 
28476 22635 34 59 73 84 217 0 105.18 103.58 
28659 9809 31 50 56 56 164 0 55.88 55.79 
28837 11407 31 52 59 61 173 0 109.99 55.79 
29018 22773 34 58 73 84 216 0 100.57 87.21 
29200 15742 33 54 65 71 191 0 96.22 82.54 
29382 4607 27 44 42 33 119 0 98.58 81.97 
29564 4009 56 80 77 54 213 1 43.89 133.62 
29746 10639 31 51 58 59 170 3 42.30 43.64 
29922 24335 35 59 75 87 221 0 89.73 83.88 
30103 19484 35 57 71 80 209 0 93.65 76.04 
30284 4814 29 45 44 35 124 0 205.14 205.96 
30479 3920 29 44 41 29 114 3 78.01 65.54 
30659 3732 83 121 113 76 315 5 77.67 63.89 
30838 3384 33 59 49 34 143 0 86.46 81.70 
31019 3422 38 67 56 39 164 0 32.88 132.75 
31200 3664 115 172 158 106 442 0 33.92 131.94 
31381 5547 54 78 82 68 231 2 93.74 68.61 
31562 5995 32 50 52 45 149 0 206.89 84.27 
31750 4024 27 43 40 29 113 0 32.90 132.51 
31931 4127 28 45 42 31 118 3 30.82 33.35 
32106 4019 80 131 119 88 342 0 83.44 55.64 
32285 1647 37 174 89 64 323 0 70.46 72.61 
32465 1847 22 164 73 54 286 4 69.96 70.94 
32644 1704 23 152 70 51 269 0 84.51 69.84 
32824 3305 28 53 43 30 127 0 44.68 65.96 
33002 3779 28 44 40 28 112 0 86.43 57.75 
33182 3830 28 45 41 29 115 4 88.84 55.79 
33362 3828 30 45 42 29 116 0 119.83 36.77 
33542 3920 29 44 41 29 115 0 98.07 98.57 
33725 3741 28 46 41 29 116 0 75.90 60.81 
33904 1621 28 156 76 56 284 0 64.24 63.60 
34083 3113 69 134 105 72 314 0 64.23 64.28 
34262 3823 50 73 69 47 193 0 64.24 64.28 
34441 3893 42 61 58 40 163 0 64.38 66.66 
34620 3927 42 62 59 41 165 0 67.85 66.91 
34799 3564 105 168 148 101 421 2 81.12 40.87 
34977 4898 46 117 93 85 294 0 103.31 58.84 
35158 4538 107 181 167 133 485 0 99.59 21.50 
35336 3302 98 207 160 119 489 0 113.14 61.49 
35517 2913 101 208 156 106 471 0 136.29 83.62 
35701 3255 129 223 185 123 536 0 85.65 55.78 
35880 3364 42 75 62 43 181 0 85.49 55.64 
36059 3779 28 44 40 28 113 0 86.72 78.95 
36240 3870 28 43 40 28 111 0 83.95 68.75 
36420 3870 28 43 40 28 112 0 84.24 48.94 
36599 3920 29 44 41 29 114 17 53.07 52.63 
36776 3920 29 44 41 29 114 0 55.76 55.78 
36954 3779 28 44 40 28 112 0 87.96 55.64 
37134 3870 28 43 40 28 112 3 87.87 53.48 
37313 3870 28 43 40 28 112 0 56.01 55.64 
37491 3870 28 43 40 28 112 0 57.43 57.46 
37669 3880 33 49 46 32 128 0 61.32 60.25 
37847 3798 59 86 81 55 224 0 60.21 63.02 
38025 3830 28 45 41 29 116 0 62.58 65.26 
38204 3920 29 44 41 29 114 0 92.31 73.32 
38385 3741 28 46 41 29 116 0 65.48 65.94 
38564 3219 27 57 44 32 133 0 100.47 68.46 
38745 3704 28 48 42 30 120 0 66.88 67.61 
38924 3744 30 46 42 29 117 0 69.61 70.18 
39103 3830 28 45 41 29 115 0 95.06 77.57 
39284 3870 28 43 40 28 112 4 90.37 91.27 
39466 3875 27 43 39 28 110 0 96.76 38.37 
39645 3870 28 43 40 28 111 0 99.14 37.23 
39824 3545 29 50 43 30 123 0 177.11 91.54 
40011 2930 92 188 142 96 427 0 180.32 92.00 
40198 3560 30 53 45 32 130 0 57.83 90.18 
40378 3928 27 44 40 29 113 0 57.00 58.00 
40556 3928 27 44 40 29 113 0 63.14 62.34 
40735 3763 83 120 113 76 313 3 65.36 67.20 
40914 3779 28 44 40 28 113 0 64.94 66.35 
41093 3870 28 43 40 28 111 0 64.36 65.54 
41272 3870 28 43 40 28 112 0 194.99 194.80 
41466 3818 28 42 39 27 108 0 107.54 39.97 
41646 3690 28 45 40 28 113 0 55.73 89.52 
41826 2010 25 87 51 37 174 0 95.15 96.25 
42008 2045 25 88 52 38 177 0 65.64 93.87 
42189 3806 54 78 74 50 206 0 62.56 63.43 
42368 3775 70 96 93 61 256 2 55.88 57.75 
42546 3071 82 157 123 83 365 0 53.41 51.49 
42723 1652 23 142 67 49 254 0 56.01 84.56 
42902 1819 22 161 72 53 282 2 87.35 55.81 
43082 1790 23 162 73 54 283 0 90.73 50.78 
43261 1652 23 144 68 50 259 0 98.09 48.94 
43441 1696 23 147 68 50 261 0 98.41 48.76 
43621 1813 21 156 70 52 273 0 103.68 48.94 
43801 1790 23 162 73 54 284 1 115.80 68.05 
43983 1819 22 161 72 53 282 0 114.77 107.90 
44167 2508 26 71 47 34 150 0 92.92 94.20 
44349 3779 28 44 40 28 113 0 88.23 72.33 
44530 1652 23 144 68 50 257 0 82.21 42.23 
44708 1792 22 160 72 53 281 0 91.07 52.80 
44888 2518 27 70 47 33 149 0 82.09 48.77 
45067 3875 27 43 39 28 110 0 82.48 60.40 
45247 3972 27 42 39 28 109 0 79.90 64.28 
45427 3875 27 43 39 28 110 0 55.76 55.93 
45605 3640 90 134 123 82 340 0 81.92 48.76 
45784 3584 154 223 206 134 571 0 64.40 44.01 
45962 3482 121 177 161 103 447 0 59.50 37.01 
46139 3928 27 44 40 29 113 7 56.01 57.31 
46317 3823 33 45 44 29 119 0 61.46 55.81 
46495 3727 101 84 106 52 244 0 133.37 61.37 
46678 3690 109 89 113 54 259 0 132.33 60.79 
46861 3690 109 89 113 54 259 0 117.21 60.26 
47043 3712 110 88 113 54 259 0 87.53 56.07 
47223 3711 108 88 112 54 257 0 137.38 57.88 
47406 3712 110 88 113 54 259 0 112.54 55.78 
47587 3712 110 88 113 54 258 1 77.42 33.61 
47765 3787 46 69 64 44 177 0 112.73 57.31 
47946 3773 102 148 139 94 386 0 94.01 67.35 
48127 3895 44 64 61 42 169 0 95.05 48.77 
48307 3920 29 44 41 29 114 0 81.04 59.70 
48486 3870 28 43 40 28 112 3 78.22 59.26 
48665 3920 29 44 41 29 114 0 78.40 57.75 
48844 3830 28 45 41 29 115 0 75.11 61.64 
49023 3920 29 44 41 29 114 0 77.42 57.60 
49202 3920 29 44 41 29 114 2 106.15 76.42 
49384 3779 28 44 40 28 113 0 112.11 113.68 
49568 3870 28 43 40 28 112 1 237.30 101.66 
49759 3779 28 44 40 28 113 0 70.21 72.79 
49939 3796 66 97 91 62 252 8 72.44 97.95 
50120 3740 54 81 75 51 210 0 233.43 97.67 
50311 3836 32 48 45 31 125 0 110.91 81.99 
50494 3790 35 47 46 30 123 0 101.81 99.31 
50677 3828 30 45 42 29 117 0 97.67 93.64 
50859 3870 28 43 40 28 112 0 69.87 67.20 
51038 3780 29 44 41 28 113 0 70.75 66.91 
51217 3790 35 47 46 30 124 0 93.82 75.24 
51398 3735 75 69 82 43 196 0 93.64 74.73 
51579 3798 42 50 52 32 136 0 90.73 74.48 
51760 3823 33 45 44 29 120 0 85.49 69.68 
51940 3818 28 42 39 27 108 0 84.49 69.24 
52120 3972 27 42 39 28 110 0 84.15 65.81 
52300 3870 28 43 40 28 112 0 84.40 67.35 
52480 3928 27 44 40 29 113 0 79.19 64.28 
52660 3779 28 44 40 28 112 0 72.62 59.98 
52839 3798 59 86 81 55 225 6 66.62 61.35 
53018 3870 28 43 40 28 112 0 61.34 70.02 
53197 3779 28 44 40 28 112 0 58.67 57.21 
53375 3779 28 44 40 28 112 0 56.58 62.61 
53553 3759 69 98 93 62 255 1 56.03 55.66 
53731 3828 30 45 42 29 117 0 57.83 56.63 
53909 3920 29 44 41 29 114 0 58.82 56.34 
54087 3818 37 56 52 36 146 0 57.41 56.63 
54265 3999 77 102 102 69 277 0 55.88 49.62 
54442 3729 113 161 152 101 419 0 65.48 48.94 
54620 3773 50 74 69 47 193 1 62.29 63.44 
54799 3969 29 45 42 30 117 5 60.76 62.05 
54977 3920 29 44 41 29 115 0 60.76 63.58 
55155 3969 29 45 42 30 117 0 57.27 58.87 
55333 3880 29 46 42 30 118 0 56.98 57.75 
55511 3761 53 57 62 36 158 0 57.80 63.72 
55689 3809 51 56 61 36 155 0 55.73 56.76 
55867 4053 63 83 84 57 228 0 59.08 60.38 
56045 3759 158 226 213 143 591 0 56.29 53.16 
56223 3853 104 151 143 98 397 0 55.76 55.79 
56401 3884 35 52 49 34 136 0 55.74 52.80 
56579 3870 28 43 40 28 111 5 55.74 52.82 
56757 4010 29 43 41 29 113 0 55.10 54.18 
56935 3920 29 44 41 29 114 3 56.01 50.78 
57112 3870 28 43 40 28 110 0 59.48 52.51 
57290 3928 27 44 40 29 113 0 81.06 40.63 
57468 3830 28 45 41 29 116 6 82.01 39.05 
57646 3969 29 45 42 30 117 0 82.09 42.43 
57824 3701 82 75 89 46 212 0 82.57 59.69 
58004 3679 71 69 79 42 191 0 83.54 65.11 
58184 3693 94 82 100 50 233 0 106.49 86.53 
58367 3687 106 89 111 54 257 0 99.76 49.13 
58547 3742 54 59 64 37 160 0 76.06 60.10 
58726 3920 29 44 41 29 115 0 88.67 55.95 
58906 3866 59 75 76 49 202 0 88.86 91.82 
59088 3689 151 191 190 118 505 0 86.92 60.69 
59268 3656 140 158 166 96 425 4 81.94 84.98 
59449 3827 39 48 49 31 128 0 79.27 70.11 
59629 3227 65 79 76 40 198 0 69.16 61.37 
59808 2801 155 188 170 71 435 0 69.07 72.23 
59987 3580 118 98 121 56 279 0 69.05 72.98 
60167 3563 119 99 122 56 282 0 69.05 72.17 
60346 3563 119 99 122 56 282 0 69.43 71.38 
60525 3563 119 99 122 56 281 0 69.00 71.38 
60704 3563 119 99 122 56 281 0 69.07 72.17 
60883 3563 119 99 122 56 282 1 69.07 72.15 
61062 3563 119 99 122 56 282 0 69.43 71.79 
61241 3563 119 99 122 56 282 0 69.07 72.15 
61420 3563 119 99 122 56 282 0 69.07 72.61 
61599 3563 119 99 122 56 282 0 69.07 72.18 
61778 3563 119 99 122 56 282 0 69.44 71.79 
61957 3563 119 99 122 56 282 0 69.44 71.72 
62136 3563 119 99 122 56 281 0 69.43 71.35 
62315 3563 119 99 122 56 282 0 68.99 71.37 
62494 3563 119 99 122 56 281 0 68.99 71.82 
62673 3560 117 99 121 56 281 0 69.07 72.17 
62852 3563 119 99 122 56 281 0 69.07 72.59 
63031 3563 119 99 122 56 281 0 69.05 72.61 
63210 3560 117 99 121 56 281 0 69.05 72.62 
63389 3560 117 99 121 56 281 0 69.07 72.59 
63568 3560 117 99 121 56 281 0 69.43 71.79 
63747 3560 117 99 121 56 281 0 69.05 72.59 
63926 3560 117 99 121 56 281 0 69.05 72.22 
64105 3560 117 99 121 56 281 0 69.07 72.22 
64284 3560 117 99 121 56 281 0 69.43 71.79 
64463 3560 117 99 121 56 281 0 69.44 63.15 
