=~=~=~=~=~=~=~=~=~=~=~= PuTTY log 2025.11.28 17:35:50 =~=~=~=~=~=~=~=~=~=~=~=
ets Jul 29 2019 12:21:46

rst:0x1 (POWERON_RESET),boot:0x3 (DOWNLOAD_BOOT(UART0/UART1/SDIO_REI_REO_V2))
waiting for download
ets Jul 29 2019 12:21:46

rst:0x1 (POWERON_RESET),boot:0x3 (DOWNLOAD_BOOT(UART0/UART1/SDIO_REI_REO_V2))
waiting for download
ets Jul 29 2019 12:21:46

rst:0x1 (POWERON_RESET),boot:0x3 (DOWNLOAD_BOOT(UART0/UART1/SDIO_REI_REO_V2))
waiting for download
ets Jul 29 2019 12:21:46

rst:0x1 (POWERON_RESET),boot:0x13 (SPI_FAST_FLASH_BOOT)
configsip: 0, SPIWP:0xee
clk_drv:0x00,q_drv:0x00,d_drv:0x00,cs0_drv:0x00,hd_drv:0x00,wp_drv:0x00
mode:DIO, clock div:1
load:0x3fff0030,len:4980
load:0x40078000,len:16612
load:0x40080400,len:3480
entry 0x400805b4
Found sensor
Milis - ColorTemp - Lux - R - G - B - C - Pot - UsensA - UsensB

399 3737 78 69 84 43 200 0 48.86 8.06 
574 3737 78 69 84 43 199 0 49.69 8.04 
749 3737 78 69 84 43 200 12 82.82 8.06 
926 3737 78 69 84 43 199 0 82.81 8.06 
1102 3737 78 69 84 43 199 0 82.82 8.06 
1279 3737 78 69 84 43 199 0 82.77 7.09 
1455 3737 78 69 84 43 199 0 82.82 9.06 
1632 3737 78 69 84 43 199 6 82.81 62.07 
1812 3737 78 69 84 43 199 0 82.82 68.31 
1992 3737 78 69 84 43 199 0 69.34 65.54 
2171 3737 78 69 84 43 199 0 82.82 67.46 
2351 3737 78 69 84 43 199 0 72.52 57.31 
2530 3737 78 69 84 43 199 3 82.82 72.49 
2710 3737 78 69 84 43 199 0 82.91 48.93 
2889 3737 78 69 84 43 199 0 82.91 82.86 
3070 3737 78 69 84 43 199 0 82.91 61.91 
3250 3737 78 69 84 43 199 0 82.84 70.82 
3430 3737 78 69 84 43 199 3 82.91 60.25 
3610 3737 78 69 84 43 199 0 82.82 61.64 
3790 3737 78 69 84 43 199 0 82.84 60.78 
3970 3737 78 69 84 43 199 0 82.89 61.49 
4150 3737 78 69 84 43 199 0 82.82 59.53 
4330 3737 78 69 84 43 199 1 82.81 72.52 
4510 3737 78 69 84 43 199 0 82.89 60.25 
4690 3737 78 69 84 43 199 0 82.84 72.06 
4870 3737 78 69 84 43 199 0 82.82 72.52 
5050 3737 78 69 84 43 199 0 82.82 72.06 
5230 3737 78 69 84 43 199 3 82.82 71.65 
5410 3737 78 69 84 43 199 0 82.82 72.08 
5590 3737 78 69 84 43 199 0 82.84 72.06 
5770 3737 78 69 84 43 199 0 82.82 61.20 
5950 3737 78 69 84 43 199 0 82.91 49.28 
6129 3737 78 69 84 43 199 0 82.84 59.43 
6309 3737 78 69 84 43 199 0 82.93 49.76 
6488 3737 78 69 84 43 199 0 82.93 48.93 
6667 3737 78 69 84 43 199 0 82.91 48.93 
6846 3737 78 69 84 43 199 0 82.89 48.94 
7025 3737 78 69 84 43 199 0 82.93 48.94 
7204 3737 78 69 84 43 199 0 82.91 55.78 
7383 3736 77 69 83 43 199 0 82.91 48.94 
7562 3736 77 69 83 43 199 0 82.93 49.79 
7741 3736 77 69 83 43 199 0 82.91 58.70 
7920 3736 77 69 83 43 199 0 82.91 59.96 
8100 3736 77 69 83 43 199 0 82.98 48.93 
8279 3736 77 69 83 43 199 12 82.93 48.94 
8458 3736 77 69 83 43 198 0 82.91 49.78 
8637 3736 77 69 83 43 198 0 82.93 48.94 
8816 3736 77 69 83 43 198 0 82.91 70.84 
8996 3736 77 69 83 43 198 2 82.91 55.78 
9175 3736 77 69 83 43 198 0 82.91 48.94 
9354 3736 77 69 83 43 198 0 82.93 48.94 
9533 3736 77 69 83 43 198 0 82.89 48.96 
9712 3736 77 69 83 43 198 0 82.91 48.94 
9891 3736 77 69 83 43 198 0 82.91 49.45 
10070 3736 77 69 83 43 198 0 82.93 48.94 
10249 3736 77 69 83 43 198 0 82.98 48.93 
10428 3736 77 69 83 43 198 0 82.91 48.94 
10607 3736 77 69 83 43 198 0 81.67 70.99 
10787 3736 77 69 83 43 198 0 65.89 76.02 
10967 3666 81 73 87 44 208 0 69.16 69.48 
11146 5314 63 97 98 81 279 2 61.73 63.17 
11325 9959 53 84 96 96 278 0 58.80 54.16 
11503 23959 36 60 76 88 225 0 50.88 50.12 
11680 25538 36 61 78 91 230 3 49.18 46.39 
11857 25418 36 62 78 91 233 0 43.88 44.79 
12033 20316 36 60 75 85 222 0 40.94 43.03 
12209 4018 30 46 43 31 121 0 50.54 50.97 
12386 3969 29 45 42 30 117 0 46.87 47.79 
12563 3960 45 66 63 44 175 0 40.94 43.03 
12739 8350 42 66 73 70 210 0 35.21 35.65 
12914 3870 28 43 40 28 111 6 132.75 43.62 
13096 3870 28 43 40 28 112 0 96.75 102.70 
13279 3870 28 43 40 28 111 10 119.53 73.03 
13461 3870 28 43 40 28 112 0 96.93 99.62 
13644 4024 27 43 40 29 112 0 108.10 60.11 
13825 10108 47 72 84 84 241 0 102.34 56.07 
14005 4175 132 193 186 135 519 0 91.60 92.46 
14187 4698 117 168 169 130 475 0 75.45 77.28 
14367 28780 37 64 82 97 245 0 71.64 66.93 
14546 25894 38 65 83 97 245 0 67.18 69.68 
14725 26401 35 59 76 89 225 0 65.08 68.60 
14904 5529 29 46 46 39 131 0 68.43 58.46 
15083 3870 28 43 40 28 111 1 80.17 59.57 
15262 6524 29 46 48 43 137 0 80.07 55.91 
15441 3870 28 43 40 28 111 0 72.96 61.91 
15620 3779 28 44 40 28 113 0 70.40 70.67 
15799 4132 69 101 97 70 271 0 64.40 65.54 
15978 24335 35 59 75 87 222 0 261.80 116.86 
16171 25655 37 60 78 91 229 0 70.40 64.33 
16350 26076 36 59 77 90 227 0 126.67 126.74 
16536 22388 36 58 75 86 220 0 128.66 111.55 
16721 17886 36 57 72 80 211 0 116.19 59.26 
16902 9603 58 90 103 102 297 0 58.11 57.73 
17080 24600 34 59 74 86 220 0 106.49 55.66 
17261 26747 34 59 75 88 223 0 55.88 52.65 
17439 26282 35 60 76 89 226 3 149.72 52.31 
17622 24600 34 59 74 86 220 0 796.26 109.72 
17846 3875 27 43 39 28 109 0 116.45 53.16 
18027 3923 33 50 47 33 130 0 139.81 93.50 
18212 3811 46 67 63 43 175 0 72.45 68.99 
18391 4076 28 44 41 30 116 0 34.94 55.64 
18567 5730 30 47 48 41 137 0 35.68 104.38 
18746 17360 40 68 82 91 242 0 35.21 55.93 
18923 4219 100 171 154 119 451 0 35.22 55.51 
19099 6135 67 116 114 102 336 4 32.88 35.41 
19274 23054 37 62 79 91 234 0 29.02 29.73 
19449 4412 76 145 126 103 376 5 25.89 25.28 
19623 1633 24 140 67 49 253 0 80.32 55.66 
19802 3249 27 55 43 31 129 0 71.09 70.28 
19981 3779 28 44 40 28 112 0 74.73 59.26 
20160 3779 28 44 40 28 113 0 91.15 79.66 
20341 3920 29 44 41 29 114 0 52.05 55.79 
20518 3464 29 51 43 30 125 0 55.88 81.65 
20697 3354 29 54 44 31 129 0 56.03 93.77 
20877 3870 28 43 40 28 111 0 55.74 55.52 
21055 3870 28 43 40 28 111 0 57.97 57.73 
21233 3870 28 43 40 28 111 3 60.89 62.05 
21411 3752 65 95 89 60 115 0 62.29 107.05 
21592 3830 28 45 41 29 115 0 63.53 66.66 
21771 3704 28 48 42 30 120 0 64.36 66.39 
21950 3354 29 54 44 31 129 2 68.14 68.29 
22129 3545 29 50 43 30 124 0 71.82 72.78 
22309 3870 28 43 40 28 111 0 93.98 90.66 
22491 3690 28 45 40 28 114 0 94.79 94.11 
22673 3384 29 52 43 30 126 0 97.46 55.67 
22853 2697 30 73 51 36 161 0 49.01 48.94 
23030 3231 93 167 136 92 399 0 175.00 90.92 
23217 3736 33 54 48 34 137 0 105.35 102.10 
23400 3920 29 44 41 29 114 0 108.71 37.93 
23580 3928 27 44 40 29 113 0 55.73 40.87 
23757 2307 26 79 50 36 165 0 59.64 43.42 
23934 1809 22 160 72 54 281 3 122.13 48.94 
24115 2847 78 161 120 80 361 0 115.63 55.98 
24296 3732 138 152 163 95 416 0 117.04 115.99 
24481 3802 140 145 162 93 408 0 114.39 61.91 
24663 3664 134 151 159 92 461 0 111.84 49.96 
24844 3716 149 183 185 114 490 0 107.58 56.61 
25025 3481 143 216 194 126 542 0 104.72 43.21 
25205 2665 89 206 145 99 448 0 92.79 49.78 
25385 3435 70 117 100 68 285 0 87.26 85.15 
25566 3244 139 234 196 128 564 0 62.31 63.56 
25745 3191 125 226 183 123 537 0 62.58 61.51 
25923 3067 118 224 176 118 519 0 111.11 110.52 
26107 3002 113 220 170 114 507 0 105.26 56.49 
26288 2155 62 187 115 80 381 2 101.01 56.34 
26468 1843 21 157 70 52 275 0 82.84 38.37 
26646 1766 23 159 72 53 279 0 96.92 49.62 
26826 1813 21 156 70 52 273 0 91.95 49.61 
27005 1721 24 159 73 54 281 0 85.14 52.65 
27184 3280 109 153 139 82 378 0 67.86 63.99 
27363 3829 37 48 48 31 128 0 87.87 44.81 
27542 3767 86 123 116 78 318 0 85.14 64.68 
27722 3806 85 95 102 61 263 1 63.83 59.01 
27900 3821 97 121 123 78 327 0 63.55 45.80 
28078 3827 124 180 170 116 470 0 59.36 61.91 
28256 3879 89 127 121 83 182 0 55.44 55.79 
28434 3612 164 236 219 143 606 0 76.43 49.61 
28613 3414 181 264 239 150 662 0 96.20 55.79 
28793 3624 153 225 207 137 574 0 95.54 56.20 
28973 3795 73 97 95 62 257 0 92.67 55.95 
29153 3701 91 80 97 49 227 0 94.35 57.05 
29333 3726 58 61 67 38 166 0 95.69 57.05 
29513 3798 40 50 51 32 134 0 97.56 55.78 
29693 3711 59 63 69 39 171 0 93.72 53.84 
29873 3692 93 82 99 50 233 1 65.77 28.99 
30050 3676 85 76 91 46 216 0 87.35 87.36 
30231 3825 32 45 43 29 118 0 94.62 89.45 
30413 3920 29 44 41 29 114 0 107.49 107.98 
30597 3830 28 45 41 29 115 0 108.53 108.04 
30781 3810 50 56 60 36 154 0 118.76 106.01 
30965 3712 80 73 87 45 208 0 106.15 104.53 
31149 3798 40 50 51 32 135 0 110.02 96.95 
31332 3779 28 44 40 28 112 0 105.54 96.61 
31515 3711 36 56 51 35 143 0 106.15 95.98 
31698 3859 46 52 56 34 144 0 98.60 100.81 
31881 3827 39 48 49 31 129 0 99.40 87.48 
32063 3828 46 51 55 33 141 0 97.63 86.85 
32245 3760 67 65 75 41 184 0 70.06 153.12 
32429 3739 89 77 95 48 222 0 70.04 80.55 
32609 3711 108 88 112 54 257 0 91.51 97.65 
32791 3697 106 87 110 53 253 0 104.36 103.60 
32974 3715 73 68 80 42 192 0 103.48 103.60 
33157 3912 30 44 42 29 116 0 105.60 98.04 
33340 3808 53 56 62 36 155 1 108.27 93.69 
33523 3920 29 44 41 29 115 1 99.33 90.05 
33705 3781 49 55 59 35 150 0 88.96 63.58 
33885 3804 46 53 56 34 145 0 87.69 55.81 
34065 3801 51 75 70 48 194 0 60.33 62.59 
34243 3798 42 50 52 32 134 0 58.24 58.58 
34421 3712 110 88 113 54 258 0 54.08 54.01 
34599 3706 106 85 109 52 249 0 49.18 48.16 
34776 3726 89 101 107 63 275 0 46.87 47.97 
34953 3923 33 50 47 33 130 0 48.64 50.12 
35130 3773 50 74 69 47 191 0 58.24 58.46 
35308 3825 64 90 86 58 236 1 54.28 55.91 
35486 3875 27 43 39 28 110 0 57.00 22.69 
35662 3870 28 43 40 28 111 0 56.87 57.31 
35840 3875 27 43 39 28 110 3 78.13 76.75 
36020 3921 31 47 44 31 122 0 74.37 72.88 
36200 3761 97 139 131 88 363 0 67.73 68.87 
36379 3788 53 58 63 37 159 0 61.59 65.25 
36558 3690 109 89 113 54 259 3 62.03 56.51 
36736 3747 72 67 79 42 190 0 56.44 56.32 
36914 3845 56 74 73 48 198 0 52.22 50.10 
37091 3751 107 116 126 73 319 4 49.03 48.37 
37268 3733 107 87 111 54 255 0 87.35 55.79 
37448 3727 101 84 106 52 246 0 88.59 55.95 
37628 3924 43 51 54 34 140 0 84.34 58.70 
37808 3828 30 45 42 29 116 4 78.83 59.28 
37987 3748 84 75 91 47 215 0 72.54 72.32 
38167 3733 115 95 120 59 279 0 65.50 45.00 
38345 3689 121 113 132 69 317 0 71.64 72.06 
38525 5107 67 105 104 85 297 0 74.90 75.43 
38705 3812 78 120 110 77 310 0 68.99 55.64 
38883 2461 185 269 212 84 576 0 68.43 55.64 
39061 2460 187 270 213 84 579 0 68.41 55.95 
39239 2460 187 270 213 84 578 2 68.83 55.51 
39417 2460 187 270 213 84 578 0 69.28 55.64 
39596 2460 187 270 213 84 578 0 68.83 56.47 
39775 2460 187 270 213 84 578 2 68.85 56.47 
39954 2460 187 270 213 84 578 0 69.24 72.23 
40133 2460 187 270 213 84 578 0 68.83 56.07 
40311 2460 187 270 213 84 578 0 68.83 57.32 
40490 2460 187 270 213 84 578 3 68.83 55.93 
40668 2460 187 270 213 84 578 0 68.41 55.64 
40846 2460 187 270 213 84 578 0 68.41 55.64 
41024 2460 187 270 213 84 578 2 68.43 57.31 
41203 2460 187 270 213 84 578 0 68.85 56.90 
41382 2460 187 270 213 84 578 0 69.24 56.90 
41561 2460 187 270 213 84 578 0 68.43 55.64 
41739 2460 187 270 213 84 578 4 68.43 55.49 
41917 2460 187 270 213 84 578 0 68.43 56.07 
42095 2460 187 270 213 84 578 0 68.83 55.93 
42273 2460 187 270 213 84 578 4 69.68 56.49 
42452 2460 187 270 213 84 578 0 68.85 55.49 
42630 2460 187 270 213 84 578 0 68.43 55.93 
