=~=~=~=~=~=~=~=~=~=~=~= PuTTY log 2025.11.28 20:18:24 =~=~=~=~=~=~=~=~=~=~=~=
ets Jul 29 2019 12:21:46

rst:0x1 (POWERON_RESET),boot:0x13 (SPI_FAST_FLASH_BOOT)
configsip: 0, SPIWP:0xee
clk_drv:0x00,q_drv:0x00,d_drv:0x00,cs0_drv:0x00,hd_drv:0x00,wp_drv:0x00
mode:DIO, clock div:1
load:0x3fff0030,len:4980
load:0x40078000,len:16612
load:0x40080400,len:3480
entry 0x400805b4
Found sensor
Milis - ColorTemp - Lux - R - G - B - C - Pot - UsensA - UsensB

399 3165 36 68 54 37 158 0 3.26 3.25 
571 3165 36 68 54 37 158 0 3.25 3.25 
743 3165 36 68 54 37 158 0 3.25 3.25 
915 3165 36 68 54 37 158 0 3.25 3.25 
1087 3165 36 68 54 37 158 6 3.26 3.25 
1259 3165 36 68 54 37 158 4 3.25 3.25 
1431 3165 36 68 54 37 158 0 3.26 3.25 
1603 3165 36 68 54 37 158 8 3.25 3.25 
1775 3165 36 68 54 37 158 0 3.25 3.25 
1947 3165 36 68 54 37 158 0 3.26 3.25 
2119 3165 36 68 54 37 158 25 3.25 3.25 
2291 3165 36 68 54 37 158 0 3.25 3.25 
2463 3165 36 68 54 37 158 0 3.25 3.25 
2635 3165 36 68 54 37 158 9 3.26 3.25 
2807 3165 36 68 54 37 158 0 3.25 3.25 
2979 3165 36 68 54 37 158 6 3.25 3.25 
3151 3165 36 68 54 37 158 4 3.26 3.25 
3323 3165 36 68 54 37 158 0 3.25 3.25 
3495 3165 36 68 54 37 158 0 3.26 3.25 
3667 3165 36 68 54 37 158 0 3.25 3.25 
3839 3165 36 68 54 37 158 11 3.25 3.25 
4011 3165 36 68 54 37 158 0 3.25 3.25 
4183 3165 36 68 54 37 158 0 3.25 3.25 
4355 3165 36 68 54 37 158 0 3.25 3.25 
4527 3165 36 68 54 37 158 0 3.26 3.25 
4699 3165 36 68 54 37 158 7 3.26 3.25 
4871 3165 36 68 54 37 158 4 3.25 3.25 
5043 3165 36 68 54 37 158 0 3.26 3.25 
5215 3165 36 68 54 37 158 0 3.26 3.25 
5387 3165 36 68 54 37 158 7 3.25 3.25 
5559 3165 36 68 54 37 158 5 3.25 3.25 
5731 3165 36 68 54 37 158 0 3.26 3.25 
5903 3165 36 68 54 37 158 10 3.25 3.25 
6075 3165 36 68 54 37 158 0 3.25 3.25 
6247 3165 36 68 54 37 158 0 3.26 3.25 
6419 3165 36 68 54 37 158 24 3.25 3.25 
6591 3165 36 68 54 37 158 0 3.25 3.25 
6763 3165 36 68 54 37 158 0 3.25 3.25 
6935 3165 36 68 54 37 158 7 3.25 3.25 
7107 3165 36 68 54 37 158 0 3.26 3.25 
7279 3165 36 68 54 37 158 6 3.26 3.25 
7451 3165 36 68 54 37 158 1 3.25 3.25 
7623 3165 36 68 54 37 158 0 3.25 3.25 
7795 3165 36 68 54 37 158 0 3.26 3.25 
7967 3165 36 68 54 37 158 0 3.25 3.25 
8139 3165 36 68 54 37 158 13 3.25 3.25 
8311 3165 36 68 54 37 158 0 3.26 3.25 
8483 3165 36 68 54 37 158 0 3.25 3.25 
8655 3165 36 68 54 37 158 3 3.25 3.25 
8827 3165 36 68 54 37 158 0 3.25 3.25 
8999 3165 36 68 54 37 158 7 3.26 3.25 
9171 3165 36 68 54 37 158 7 3.26 3.25 
9343 3165 36 68 54 37 158 0 3.25 3.25 
9515 3165 36 68 54 37 158 0 3.25 3.25 
9687 3165 36 68 54 37 158 10 3.25 3.25 
9859 3165 36 68 54 37 158 5 3.26 3.25 
10031 3165 36 68 54 37 158 0 3.26 3.25 
10203 3165 36 68 54 37 158 10 3.25 3.25 
10375 3165 36 68 54 37 158 0 3.25 3.25 
10547 3165 36 68 54 37 158 0 3.25 3.25 
10719 3392 35 64 53 37 154 21 3.25 3.25 
10891 5756 46 53 64 51 169 0 3.25 3.25 
11063 5471 46 53 63 49 166 0 3.26 3.25 
11235 6465 53 55 73 60 189 2 3.25 3.25 
11407 6459 56 56 76 62 196 0 3.26 3.25 
11579 6393 56 57 76 62 196 6 3.25 3.25 
11751 6393 56 57 76 62 196 0 3.25 3.25 
11923 6477 56 57 77 63 198 0 3.25 3.25 
12095 6658 55 56 76 63 196 0 3.25 3.25 
12267 6477 56 57 77 63 197 0 3.26 3.25 
12439 4360 40 64 60 46 170 17 3.25 3.25 
12611 3094 35 77 58 42 175 0 3.25 3.25 
12783 3304 35 67 54 38 160 0 3.26 3.25 
12955 3390 34 67 54 39 159 7 3.26 3.25 
13127 3543 32 66 53 40 158 0 3.25 3.25 
13299 3543 32 66 53 40 158 7 3.25 3.25 
13471 3543 32 66 53 40 158 10 3.26 3.25 
13643 3543 32 66 53 40 158 0 3.25 3.25 
13815 3543 32 66 53 40 158 0 3.25 3.25 
13987 3543 32 66 53 40 158 10 3.25 3.25 
14159 3543 32 66 53 40 158 6 3.26 3.25 
14331 3442 33 66 53 39 158 0 3.25 3.25 
14503 3442 33 66 53 39 158 7 3.25 50.27 
14677 3442 33 66 53 39 158 0 3.26 49.45 
14851 3442 33 66 53 39 158 0 3.26 49.44 
15025 3442 33 66 53 39 158 0 3.25 49.47 
15199 3442 33 66 53 39 158 0 3.25 16.13 
15371 3442 33 66 53 39 158 8 3.25 3.25 
15543 3442 33 66 53 39 158 0 3.25 50.29 
15717 3442 33 66 53 39 158 0 3.26 4.52 
15889 3442 33 66 53 39 157 6 3.25 3.25 
16061 3425 32 66 52 39 156 0 3.25 3.25 
16233 3372 33 67 53 39 156 0 3.26 49.62 
16407 3111 32 68 52 37 154 0 3.25 3.25 
16579 3111 32 68 52 37 155 5 3.25 4.54 
16751 3111 32 68 52 37 155 0 3.26 49.95 
16925 3111 32 68 52 37 154 0 3.25 9.74 
17097 3037 33 68 52 36 153 0 3.26 49.61 
17271 3037 33 68 52 36 153 7 3.25 49.13 
17445 3111 32 68 52 37 153 0 3.25 49.95 
17619 3111 32 68 52 37 153 0 3.26 49.11 
17793 3111 32 68 52 37 153 0 3.25 49.62 
17967 3111 32 68 52 37 153 0 3.25 49.11 
18141 3349 34 66 53 38 156 0 3.25 47.97 
18315 3541 42 67 59 40 166 0 3.25 48.77 
18489 3388 43 67 59 38 165 4 3.25 49.10 
18663 3263 54 80 71 43 193 0 3.25 49.44 
18837 3284 47 70 62 38 171 7 3.25 49.10 
19011 3351 44 68 60 38 166 0 3.26 49.10 
19185 3365 46 68 61 38 166 0 3.25 49.10 
19359 3365 46 68 61 38 166 0 3.25 49.11 
19533 3351 44 68 60 38 166 0 3.25 49.10 
19707 3286 45 68 60 37 166 0 3.25 49.45 
19881 3365 46 68 61 38 166 0 3.25 48.57 
20055 3365 46 68 61 38 167 6 3.25 49.44 
20229 3365 46 68 61 38 167 0 3.26 49.45 
20403 3365 46 68 61 38 167 5 3.25 49.45 
20577 3365 46 68 61 38 167 0 3.26 48.57 
20751 3365 46 68 61 38 167 0 3.26 49.10 
20925 3365 46 68 61 38 167 0 3.25 49.10 
21099 3365 46 68 61 38 167 0 3.26 49.44 
21273 3365 46 68 61 38 167 0 3.26 48.57 
21447 3365 46 68 61 38 167 0 3.26 49.44 
21621 3365 46 68 61 38 167 8 3.25 48.59 
21795 3365 46 68 61 38 167 0 3.25 49.08 
21969 3365 46 68 61 38 167 0 3.26 48.57 
22143 3365 46 68 61 38 167 0 3.25 49.45 
22317 3365 46 68 61 38 167 0 3.25 48.57 
22491 3365 46 68 61 38 167 0 3.25 49.45 
22665 3365 46 68 61 38 167 0 3.25 48.57 
22839 3365 46 68 61 38 167 3 3.25 49.42 
23013 3365 46 68 61 38 167 0 3.26 48.57 
23187 3365 46 68 61 38 167 9 3.25 49.45 
23361 3365 46 68 61 38 167 0 3.25 48.57 
23535 3365 46 68 61 38 167 0 3.26 16.13 
23707 3365 46 68 61 38 167 0 3.26 48.57 
23881 3365 46 68 61 38 167 0 3.25 49.47 
24055 3365 46 68 61 38 167 4 3.26 48.59 
24229 3365 46 68 61 38 167 0 3.25 49.45 
24403 3365 46 68 61 38 167 7 3.25 48.57 
24577 3365 46 68 61 38 167 0 3.25 49.45 
24751 3365 46 68 61 38 167 0 3.25 48.57 
24925 3365 46 68 61 38 167 0 3.25 48.94 
25099 3365 46 68 61 38 167 0 3.25 48.57 
25273 3365 46 68 61 38 167 0 3.25 49.45 
25447 3365 46 68 61 38 167 0 3.26 48.57 
25621 3365 46 68 61 38 167 6 3.26 49.42 
25795 3365 46 68 61 38 167 0 3.25 48.57 
25969 3365 46 68 61 38 167 5 3.26 49.44 
26143 3365 46 68 61 38 167 0 3.26 49.42 
26317 3365 46 68 61 38 167 0 3.25 49.10 
26491 3365 46 68 61 38 167 0 3.25 48.57 
26665 3365 46 68 61 38 167 0 3.26 49.45 
26839 3365 46 68 61 38 167 0 3.26 48.57 
27013 3365 46 68 61 38 167 0 3.25 49.44 
27187 3365 46 68 61 38 167 7 3.26 48.18 
27361 3365 46 68 61 38 167 0 3.25 49.44 
27535 3365 46 68 61 38 167 2 3.25 49.45 
27709 3365 46 68 61 38 167 0 3.25 49.45 
27883 3365 46 68 61 38 167 0 3.26 49.10 
28057 3365 46 68 61 38 167 0 3.26 49.10 
28231 3365 46 68 61 38 167 0 3.25 49.42 
28405 3365 46 68 61 38 167 0 3.25 49.44 
28579 3365 46 68 61 38 168 0 3.25 48.57 
28753 3365 46 68 61 38 167 8 3.25 49.44 
28927 3365 46 68 61 38 167 0 3.26 49.42 
29101 3365 46 68 61 38 167 0 3.25 48.94 
29275 3365 46 68 61 38 168 0 3.25 48.59 
29449 3316 46 69 61 38 168 0 3.25 49.44 
29623 3316 46 69 61 38 168 0 3.26 48.94 
29797 3316 46 69 61 38 169 0 3.26 48.94 
29971 3331 47 69 62 38 169 2 3.25 48.57 
30145 3331 47 69 62 38 169 0 3.25 49.32 
30319 3284 47 70 62 38 171 9 3.26 9.74 
30491 3282 49 72 64 39 175 0 3.25 49.10 
30665 3301 47 68 61 37 166 0 3.25 49.28 
30839 3311 49 73 65 40 177 0 3.26 3.25 
31011 3238 52 77 68 41 187 0 3.25 48.93 
31185 3238 52 77 68 41 187 6 3.26 47.96 
31359 3294 49 75 66 41 182 0 3.26 19.92 
31532 3281 50 74 66 40 181 0 3.26 18.67 
31704 3281 50 74 66 40 181 0 3.25 48.93 
31878 3281 50 74 66 40 181 0 3.25 3.25 
32050 3266 49 74 65 40 179 0 3.25 3.25 
32222 3311 49 73 65 40 178 0 3.26 3.25 
32394 3266 49 74 65 40 179 0 3.26 3.25 
32566 3308 51 75 67 41 182 0 3.26 3.25 
32738 3238 50 75 66 40 181 0 3.26 47.97 
32912 3311 49 73 65 40 179 0 3.25 47.57 
33086 3265 51 76 67 41 185 5 3.25 48.93 
33260 3238 50 75 66 40 182 0 3.26 3.25 
33432 3238 50 75 66 40 182 0 3.26 3.25 
33604 3253 52 75 67 40 183 1 3.25 3.25 
33776 3253 52 75 67 40 182 0 3.26 49.28 
33950 3238 50 75 66 40 181 1 3.25 48.93 
34124 3238 50 75 66 40 181 0 3.25 48.93 
34298 3238 50 75 66 40 181 0 3.25 18.65 
34470 3238 50 75 66 40 181 0 3.25 20.86 
34643 3238 50 75 66 40 181 0 3.26 3.25 
34815 3238 50 75 66 40 181 0 3.25 47.97 
34989 3238 50 75 66 40 181 0 3.25 3.25 
35161 3238 50 75 66 40 181 0 3.26 22.12 
35334 3238 50 75 66 40 181 8 3.25 20.86 
35507 3238 50 75 66 40 181 0 3.25 49.28 
35681 3238 50 75 66 40 181 0 3.25 20.86 
35854 3238 50 75 66 40 181 0 3.26 20.88 
36027 3238 50 75 66 40 181 0 3.25 48.93 
36201 3281 50 74 66 40 181 7 3.26 4.52 
36373 3281 50 74 66 40 181 0 3.25 20.86 
36546 3281 50 74 66 40 181 0 3.25 3.25 
36718 3281 50 74 66 40 181 9 3.25 3.25 
36890 3238 50 75 66 40 181 0 3.25 20.86 
37063 3238 50 75 66 40 181 0 3.26 20.86 
37236 3238 50 75 66 40 181 3 3.26 20.86 
37409 3238 50 75 66 40 181 0 3.26 3.25 
37581 3238 50 75 66 40 181 0 3.26 48.94 
37755 3238 50 75 66 40 181 0 3.25 49.32 
37929 3238 50 75 66 40 181 0 3.25 48.94 
38103 3238 50 75 66 40 181 0 3.25 20.86 
38276 3238 50 75 66 40 181 0 3.25 3.25 
38448 3238 50 75 66 40 181 0 3.25 20.86 
38621 3238 50 75 66 40 181 0 3.26 20.86 
38794 3238 50 75 66 40 181 0 3.26 49.32 
38968 3238 50 75 66 40 181 4 3.25 47.97 
39142 3238 50 75 66 40 181 0 3.25 49.33 
39316 3238 50 75 66 40 181 6 3.25 48.93 
39490 3238 50 75 66 40 181 0 3.26 49.32 
39664 3238 50 75 66 40 181 0 3.26 49.28 
39838 3238 50 75 66 40 181 0 3.25 49.33 
40012 3238 50 75 66 40 181 0 3.26 49.32 
40186 3238 50 75 66 40 181 0 3.25 49.33 
40360 3238 50 75 66 40 181 0 3.25 47.97 
40534 3281 50 74 66 40 181 6 3.25 48.93 
40708 3238 50 75 66 40 181 0 3.26 48.93 
40882 3281 50 74 66 40 181 2 3.25 48.93 
41056 3281 50 74 66 40 181 0 3.25 48.93 
41230 3238 50 75 66 40 181 0 3.25 47.57 
41404 3238 50 75 66 40 181 0 3.26 48.93 
41578 3238 50 75 66 40 181 0 3.25 48.93 
41752 3238 50 75 66 40 181 0 3.26 48.93 
41926 3238 50 75 66 40 181 0 3.25 48.93 
42100 3238 50 75 66 40 181 8 3.26 48.93 
42274 3238 50 75 66 40 181 0 3.26 47.58 
42448 3238 50 75 66 40 181 0 3.26 48.93 
42622 3281 50 74 66 40 181 0 3.25 47.60 
42796 3281 50 74 66 40 181 0 3.25 48.93 
42970 3238 50 75 66 40 181 0 3.25 47.97 
43144 3281 50 74 66 40 181 0 3.25 48.94 
43318 3281 50 74 66 40 181 2 3.25 47.60 
43492 3238 50 75 66 40 181 0 3.26 48.94 
43666 3238 50 75 66 40 181 7 3.26 47.97 
43840 3238 50 75 66 40 181 0 3.25 48.94 
44014 3238 50 75 66 40 181 0 3.25 47.99 
44188 3238 50 75 66 40 181 0 3.25 48.94 
44362 3238 50 75 66 40 181 0 3.25 48.94 
44536 3238 50 75 66 40 181 0 3.26 3.25 
44708 3281 50 74 66 40 181 0 3.26 19.92 
44881 3281 50 74 66 40 181 0 3.25 48.93 
45055 3281 50 74 66 40 181 0 3.25 47.97 
45229 3281 50 74 66 40 180 0 3.25 48.93 
45403 3281 50 74 66 40 180 0 3.25 47.97 
45577 3281 50 74 66 40 180 0 3.25 49.30 
45751 3281 50 74 66 40 180 3 3.26 48.93 
45925 3281 50 74 66 40 180 0 3.25 48.94 
46099 3281 50 74 66 40 180 6 3.26 48.93 
46273 3281 50 74 66 40 180 0 3.25 48.91 
46447 3281 50 74 66 40 180 0 3.25 48.94 
46621 3281 50 74 66 40 180 0 3.26 48.93 
46795 3281 50 74 66 40 180 0 3.25 48.93 
46969 3281 50 74 66 40 180 0 3.26 48.93 
47143 3281 50 74 66 40 180 0 3.26 48.93 
47317 3281 50 74 66 40 180 7 3.25 48.93 
47491 3281 50 74 66 40 180 0 3.26 47.99 
47665 3281 50 74 66 40 180 0 3.26 48.93 
47839 3281 50 74 66 40 180 0 3.26 48.93 
48013 3281 50 74 66 40 180 0 3.25 48.93 
48187 3281 50 74 66 40 180 0 3.25 48.91 
48361 3281 50 74 66 40 180 0 3.26 48.93 
48535 3281 50 74 66 40 180 0 3.25 48.93 
48709 3281 50 74 66 40 180 0 3.26 48.93 
48883 3281 50 74 66 40 180 7 3.25 48.19 
49057 3281 50 74 66 40 180 0 3.25 3.25 
49229 3263 56 82 73 44 199 0 3.26 44.63 
49403 3319 52 78 69 43 191 0 3.25 44.22 
49577 3338 44 65 58 36 160 0 3.26 44.22 
49751 3274 43 63 56 34 154 5 3.26 44.61 
49925 3274 43 63 56 34 154 0 3.26 44.22 
50099 3593 39 58 53 35 147 17 3.25 43.81 
50273 3738 34 54 49 34 136 0 3.25 3.25 
50445 3676 37 55 51 34 140 0 3.25 3.25 
50617 3932 39 59 55 39 153 9 3.25 42.62 
50791 4048 38 59 55 40 155 0 3.26 42.62 
50965 3933 41 62 58 41 161 0 3.25 3.25 
51137 4091 45 67 64 46 175 0 3.25 43.20 
51311 3934 46 68 64 45 176 0 3.26 37.67 
51485 3965 46 69 65 46 181 3 3.26 3.25 
51657 3934 46 68 64 45 178 0 3.25 3.25 
51829 3897 40 61 57 40 159 0 3.25 3.25 
52001 3797 41 61 57 39 158 8 3.25 3.25 
52173 3797 41 61 57 39 158 0 3.26 3.25 
52345 3797 41 61 57 39 158 0 3.25 3.25 
52517 3797 41 61 57 39 158 9 3.25 3.25 
52689 3797 41 61 57 39 158 0 3.25 3.25 
52861 3797 41 61 57 39 158 0 3.25 3.25 
53033 3797 41 61 57 39 158 7 3.26 3.25 
53205 3797 41 61 57 39 158 0 3.26 3.25 
53377 3797 41 61 57 39 158 0 3.25 3.25 
53549 3797 41 61 57 39 158 2 3.26 3.25 
53721 3797 41 61 57 39 158 0 3.26 3.25 
53893 3797 41 61 57 39 158 0 3.25 3.25 
54065 3797 41 61 57 39 158 0 3.25 3.25 
54237 3797 41 61 57 39 158 0 3.26 3.25 
54409 3797 41 61 57 39 158 0 3.25 3.25 
54581 3797 41 61 57 39 158 0 3.26 4.52 
54753 3797 41 61 57 39 158 0 3.26 3.25 
54925 3797 41 61 57 39 158 0 3.25 4.52 
55097 3797 41 61 57 39 158 0 3.25 3.25 
55269 3797 41 61 57 39 158 2 3.26 3.25 
55441 3797 41 61 57 39 158 0 3.25 3.25 
55613 3797 41 61 57 39 158 0 3.25 3.25 
55785 3797 41 61 57 39 158 5 3.25 3.25 
55957 3797 41 61 57 39 158 0 3.25 4.52 
56129 3797 41 61 57 39 158 0 3.26 3.25 
56301 3797 41 61 57 39 158 7 3.25 3.25 
56473 3797 41 61 57 39 158 0 3.26 3.25 
56645 3797 41 61 57 39 158 0 3.26 4.52 
56817 3797 41 61 57 39 158 9 3.26 3.25 
56989 3797 41 61 57 39 158 0 3.25 3.25 
57161 3797 41 61 57 39 158 0 3.26 3.25 
57333 3797 41 61 57 39 158 8 3.26 3.25 
57505 3797 41 61 57 39 158 0 3.25 3.25 
57677 3797 41 61 57 39 158 0 3.25 4.52 
57849 3736 41 62 57 39 158 3 3.26 3.25 
58021 3736 41 62 57 39 159 0 3.26 4.52 
58193 3736 41 62 57 39 159 0 3.25 3.25 
58365 3736 41 62 57 39 159 0 3.25 40.41 
58539 3736 41 62 57 39 158 2 3.26 38.59 
58713 3994 44 64 61 43 159 0 3.25 3.25 
58885 3843 34 62 53 40 153 4 3.26 34.12 
59058 3801 32 61 51 39 150 0 3.26 42.23 
59232 3695 31 67 53 42 160 1 3.26 3.25 
59404 4851 35 52 52 41 144 0 3.25 3.25 
59576 5274 35 51 53 43 147 0 3.26 4.52 
59748 6722 43 59 67 59 184 0 3.25 3.25 
59920 7207 43 58 68 61 187 0 3.25 3.25 
60092 6139 39 59 62 54 176 0 3.25 3.25 
60264 2452 32 94 61 45 197 0 3.26 3.25 
60436 2254 33 103 64 47 212 0 3.25 3.25 
60608 2630 33 87 59 43 187 0 3.25 3.25 
60780 3639 107 121 127 73 324 0 3.25 43.81 
60954 3608 122 136 143 81 364 0 3.25 3.25 
61126 3765 92 109 113 69 293 0 3.25 3.25 
61298 13801 31 75 72 79 227 2 3.25 3.25 
61470 8322 31 66 62 62 191 0 3.25 3.25 
61642 6784 30 60 56 53 170 0 3.25 3.25 
61814 6784 30 60 56 53 171 0 3.25 3.25 
61986 6784 30 60 56 53 171 0 3.25 3.25 
62158 6784 30 60 56 53 171 0 3.25 3.25 
62330 6784 30 60 56 53 171 0 3.25 3.25 
62502 6784 30 60 56 53 171 0 3.26 3.25 
62674 6784 30 60 56 53 171 0 3.25 3.25 
62846 6784 30 60 56 53 171 0 3.25 3.25 
63018 6784 30 60 56 53 171 0 3.26 3.25 
63190 6784 30 60 56 53 171 0 3.25 3.25 
63362 6784 30 60 56 53 171 0 3.25 3.25 
63534 6784 30 60 56 53 171 2 3.25 3.25 
63706 6784 30 60 56 53 171 0 3.26 3.25 
63878 6784 30 60 56 53 171 0 3.26 3.25 
64050 6784 30 60 56 53 171 3 3.25 4.52 
64222 6784 30 60 56 53 171 0 3.25 3.25 
64394 6784 30 60 56 53 171 0 3.26 3.25 
64566 6784 30 60 56 53 171 5 3.25 3.25 
64738 6784 30 60 56 53 171 0 3.25 3.25 
64910 6784 30 60 56 53 171 0 3.25 3.25 
65082 6784 30 60 56 53 171 7 3.25 4.52 
65254 6784 30 60 56 53 170 0 3.25 3.25 
65426 6784 30 60 56 53 171 0 3.25 4.52 
65598 9715 30 66 63 65 194 9 3.26 16.12 
65770 11404 28 65 62 66 193 0 3.25 22.42 
65943 3633 115 128 135 77 342 0 3.25 30.00 
66116 3625 100 118 121 71 312 0 3.25 3.25 
66288 2452 32 94 61 45 198 0 3.25 3.25 
66460 3083 35 85 62 47 193 0 3.26 51.63 
66634 8761 47 62 77 73 212 0 3.25 43.21 
66808 4143 30 73 57 49 178 0 3.25 43.81 
66982 3870 48 91 77 59 226 1 3.26 49.32 
67156 3920 47 76 69 50 195 0 3.26 49.45 
67330 3945 47 74 68 49 192 7 3.25 3.25 
67502 4057 48 72 68 49 188 0 3.25 58.72 
67677 3729 38 84 66 53 201 0 3.26 3.25 
67849 3570 31 89 64 55 206 0 3.25 4.54 
68021 3473 28 82 58 50 189 0 3.26 4.52 
68193 3639 27 80 57 50 186 0 3.25 61.35 
68368 3819 25 75 54 48 175 0 3.25 3.25 
68540 3601 27 82 58 51 189 0 3.26 4.52 
68712 3655 28 83 59 52 193 7 3.25 3.25 
68884 3713 29 73 55 46 173 0 3.26 16.12 
69056 3803 28 61 49 39 150 0 3.25 3.25 
69228 3737 28 68 52 43 162 5 3.26 3.25 
69400 3528 27 86 60 53 197 0 3.25 4.52 
69572 3492 28 88 61 54 201 0 3.26 3.25 
69744 3568 26 87 60 54 199 2 3.25 3.25 
69916 3438 26 90 61 55 205 0 3.25 3.25 
70088 3419 26 84 58 51 191 0 3.25 3.25 
70260 3366 27 80 56 48 182 0 3.26 3.25 
70432 3454 28 76 55 46 175 0 3.25 3.25 
70604 3382 26 89 60 54 200 0 3.26 3.25 
70776 3347 26 91 61 55 203 0 3.25 3.25 
70948 3347 26 91 61 55 204 0 3.25 3.25 
71120 3382 26 89 60 54 201 0 3.26 3.25 
71292 3347 26 91 61 55 205 0 3.25 3.25 
71464 3342 25 94 62 57 210 0 3.26 3.25 
71636 3249 25 95 62 57 212 0 3.25 3.25 
71808 3342 25 94 62 57 212 0 3.25 3.25 
71980 3313 26 93 62 56 208 0 3.26 3.25 
72152 3347 26 91 61 55 205 0 3.25 4.54 
72324 3382 26 89 60 54 200 0 3.26 3.25 
72496 3257 26 92 61 55 206 1 3.25 44.01 
72670 3379 25 92 61 56 206 0 3.25 4.52 
72842 3379 25 92 61 56 206 0 3.25 4.52 
73014 3379 25 92 61 56 207 0 3.25 3.25 
73186 3379 25 92 61 56 207 0 3.25 3.25 
73358 3379 25 92 61 56 207 0 3.25 3.25 
73530 3403 27 92 62 56 207 0 3.25 4.52 
73702 3403 27 92 62 56 207 0 3.25 44.40 
73876 3403 27 92 62 56 207 5 3.25 44.81 
74050 3403 27 92 62 56 207 0 3.25 3.25 
74222 3403 27 92 62 56 207 0 3.25 4.52 
74394 3403 27 92 62 56 207 5 3.26 3.25 
74566 3403 27 92 62 56 208 0 3.26 4.52 
74738 3403 27 92 62 56 208 0 3.25 44.40 
74912 3403 27 92 62 56 208 0 3.25 44.40 
75086 3403 27 92 62 56 208 0 3.26 45.20 
75260 3403 27 92 62 56 208 4 3.25 44.40 
75434 3403 27 92 62 56 208 0 3.25 3.25 
75606 3403 27 92 62 56 208 0 3.26 4.52 
75778 3403 27 92 62 56 208 0 3.25 44.01 
75952 3403 27 92 62 56 208 0 3.25 3.25 
76124 3403 27 92 62 56 207 0 3.25 3.25 
76296 3347 26 91 61 55 205 0 3.25 3.25 
76468 3347 26 91 61 55 205 0 3.26 3.25 
76640 3347 26 91 61 55 205 0 3.26 3.25 
76812 3347 26 91 61 55 205 0 3.26 3.25 
76984 3347 26 91 61 55 205 0 3.26 3.25 
77156 3347 26 91 61 55 205 0 3.25 3.25 
77328 3347 26 91 61 55 205 0 3.25 3.25 
77500 3347 26 91 61 55 205 0 3.25 3.25 
77672 3347 26 91 61 55 205 0 3.26 3.25 
77844 3347 26 91 61 55 205 0 3.25 3.25 
78016 3347 26 91 61 55 205 0 3.26 3.25 
78188 3347 26 91 61 55 205 0 3.25 3.25 
78360 3347 26 91 61 55 205 2 3.26 3.25 
78532 3347 26 91 61 55 205 0 3.26 4.54 
78704 3347 26 91 61 55 205 0 3.25 3.25 
78876 3347 26 91 61 55 205 5 3.25 3.25 
79048 3347 26 91 61 55 205 0 3.26 3.25 
79220 3347 26 91 61 55 205 0 3.25 3.25 
79392 3347 26 91 61 55 205 7 3.25 3.25 
79564 3347 26 91 61 55 205 0 3.25 3.25 
79736 3347 26 91 61 55 205 0 3.26 3.25 
79908 3390 23 90 59 55 202 8 3.26 3.25 
80080 3655 27 72 53 45 169 0 3.26 49.27 
80254 3789 27 69 52 44 165 0 3.26 53.33 
80428 3512 26 86 59 53 196 0 3.25 49.44 
80602 3399 25 98 64 60 219 0 3.25 55.51 
80777 3331 26 99 65 60 222 0 3.25 49.44 
80951 3331 26 99 65 60 222 0 3.26 49.44 
81125 3331 26 99 65 60 222 1 3.25 49.08 
81299 3331 26 99 65 60 222 0 3.25 55.51 
81474 3331 26 99 65 60 222 5 3.25 49.42 
81648 3331 26 99 65 60 222 0 3.25 55.49 
81823 3331 26 99 65 60 222 3 3.25 49.44 
81997 3331 26 99 65 60 222 0 3.25 55.51 
82172 3331 26 99 65 60 222 0 3.26 49.08 
82346 3331 26 99 65 60 222 0 3.25 52.99 
82520 3331 26 99 65 60 222 0 3.26 49.42 
82694 3331 26 99 65 60 222 0 3.25 49.45 
82868 3331 26 99 65 60 222 0 3.25 49.44 
83042 3331 26 99 65 60 222 0 3.25 55.49 
83217 3331 26 99 65 60 222 0 3.26 50.29 
83391 3331 26 99 65 60 222 1 3.26 55.52 
83566 3331 26 99 65 60 222 0 3.26 49.10 
83740 3331 26 99 65 60 222 5 3.26 3.25 
83912 3331 26 99 65 60 222 0 3.26 3.25 
84084 3331 26 99 65 60 222 0 3.25 3.25 
84256 3331 26 99 65 60 222 7 3.25 3.25 
84428 3331 26 99 65 60 222 0 3.26 3.25 
84600 3331 26 99 65 60 222 0 3.26 4.52 
84772 3331 26 99 65 60 223 5 3.25 3.25 
84944 3331 26 99 65 60 223 0 3.25 58.58 
85119 3331 26 99 65 60 223 2 3.26 55.66 
85294 3331 26 99 65 60 222 0 3.25 4.52 
85466 3331 26 99 65 60 223 0 3.26 4.52 
85638 3331 26 99 65 60 223 1 3.26 49.42 
85812 3331 26 99 65 60 223 0 3.26 16.12 
85984 3331 26 99 65 60 222 0 3.25 50.80 
86158 3331 26 99 65 60 222 0 3.25 54.15 
86333 3331 26 99 65 60 223 0 3.26 57.17 
86508 3331 26 99 65 60 223 0 3.25 55.79 
86683 3331 26 99 65 60 223 0 3.26 3.25 
86855 3331 26 99 65 60 222 4 3.26 4.54 
87027 3663 27 86 60 54 197 0 3.26 4.52 
87199 7133 44 60 69 62 193 6 3.25 4.54 
87371 8252 57 76 92 86 256 2 3.25 4.54 
87543 4917 94 130 135 105 370 0 3.25 55.79 
87718 7690 60 81 96 88 266 0 3.25 55.78 
87893 8342 50 68 82 77 227 0 3.25 3.25 
88065 8331 49 66 80 75 223 0 3.26 3.25 
88237 11900 67 83 113 115 313 0 3.25 4.52 
88409 2879 35 98 67 53 215 0 3.25 3.25 
88581 2325 36 107 68 49 222 0 3.25 3.25 
88753 3579 166 179 191 105 483 0 3.25 4.52 
88925 3602 192 206 221 122 555 0 3.25 3.25 
89097 3639 191 206 221 124 557 0 3.26 3.25 
89269 3639 191 206 221 124 557 0 3.25 3.25 
89441 3652 191 205 221 124 557 1 3.25 3.25 
89613 3652 191 205 221 124 557 0 3.25 4.52 
89785 3652 191 205 221 124 557 0 3.25 3.25 
89957 3651 189 205 220 124 557 4 3.25 3.25 
90129 3651 189 205 220 124 557 0 3.26 3.25 
90301 3651 189 205 220 124 557 0 3.26 4.54 
90473 3651 189 205 220 124 556 6 3.25 3.25 
90645 3651 189 205 220 124 556 0 3.26 3.25 
90817 3651 189 205 220 124 556 0 3.25 3.25 
90989 3651 189 205 220 124 556 8 3.26 4.52 
91161 3651 189 205 220 124 556 0 3.26 3.25 
91333 3651 189 205 220 124 556 0 3.25 4.52 
91505 3602 167 179 192 106 484 7 3.25 3.25 
91677 2342 35 102 65 47 211 0 3.25 4.52 
91849 2315 32 110 68 53 228 0 3.25 56.90 
92024 10907 62 79 104 104 288 0 3.26 3.25 
92196 4789 32 87 67 62 214 0 3.25 3.25 
92368 3657 37 107 77 67 249 0 3.26 3.25 
92540 4105 90 132 127 91 352 4 3.26 3.25 
92712 3084 79 112 99 55 267 0 3.25 57.29 
92887 2905 51 97 75 48 219 0 3.26 3.25 
93059 3420 35 76 59 45 179 7 3.25 4.52 
93231 7317 68 63 93 79 235 0 3.25 4.52 
93403 4036 49 77 71 52 198 0 3.25 49.10 
93577 3529 43 72 62 43 176 0 3.25 58.55 
93752 6330 67 70 92 75 237 0 3.25 56.61 
93927 7417 65 60 89 76 225 0 3.26 3.25 
94099 7366 68 61 92 78 231 6 3.25 3.25 
94271 5954 51 57 71 57 186 6 3.26 50.78 
94445 5109 44 58 63 49 169 0 3.26 3.25 
94617 5908 52 59 72 58 189 0 3.26 3.25 
94789 6848 65 63 89 74 227 7 3.25 3.25 
94961 7783 90 77 122 105 306 0 3.25 3.25 
95133 7992 95 79 128 111 320 0 3.25 3.25 
95305 7992 95 79 128 111 320 8 3.26 4.52 
95477 7943 94 79 127 110 317 0 3.25 3.25 
95649 7934 93 77 125 108 312 0 3.25 3.25 
95821 7992 95 79 128 111 319 6 3.25 3.25 
95993 7992 95 79 128 111 319 0 3.26 4.52 
96165 7943 94 79 127 110 317 0 3.25 3.25 
96337 7938 93 78 126 109 314 3 3.26 3.25 
96509 7943 94 79 127 110 317 0 3.25 4.52 
96681 7889 92 78 125 108 312 0 3.25 4.54 
96853 7839 92 78 124 107 309 1 3.26 4.52 
97025 7839 92 78 124 107 310 0 3.25 4.54 
97197 7839 92 78 124 107 310 0 3.25 54.33 
97372 7839 92 78 124 107 310 5 3.26 4.52 
97544 7839 92 78 124 107 310 0 3.25 56.07 
97719 7839 92 78 124 107 310 7 3.25 3.25 
97891 7839 92 78 124 107 310 0 3.25 4.52 
98063 7839 92 78 124 107 310 0 3.25 4.52 
98235 7839 92 78 124 107 310 0 3.26 3.25 
98407 7839 92 78 124 107 310 0 3.25 3.25 
98579 7839 92 78 124 107 310 5 3.26 4.52 
98751 7839 92 78 124 107 310 0 3.25 3.25 
98923 7839 92 78 124 107 310 1 3.25 3.25 
99095 7839 92 78 124 107 310 0 3.25 4.54 
99267 7839 92 78 124 107 310 0 3.25 4.52 
99439 7839 92 78 124 107 310 17 3.25 16.13 
99611 7839 92 78 124 107 310 0 3.25 4.54 
99783 7839 92 78 124 107 310 0 3.25 3.25 
99955 7839 92 78 124 107 310 6 3.25 4.54 
100127 7839 92 78 124 107 310 0 3.25 3.25 
100299 7839 92 78 124 107 310 7 3.25 4.52 
100471 7839 92 78 124 107 310 8 3.25 3.25 
100643 7839 92 78 124 107 310 0 3.26 4.54 
100815 7839 92 78 124 107 310 0 3.25 3.25 
100987 7839 92 78 124 107 310 7 3.26 4.52 
101159 7839 92 78 124 107 310 6 3.25 3.25 
101331 7839 92 78 124 107 310 0 3.26 3.25 
101503 7839 92 78 124 107 310 5 3.25 16.44 
101675 7839 92 78 124 107 310 0 3.25 55.64 
101850 7839 92 78 124 107 310 0 3.26 3.25 
102022 7839 92 78 124 107 310 2 3.25 3.25 
102194 7839 92 78 124 107 310 0 3.26 18.02 
102366 7839 92 78 124 107 310 0 3.25 3.25 
102538 7839 92 78 124 107 310 6 3.26 3.25 
102710 7839 92 78 124 107 310 0 3.25 3.25 
102882 7839 92 78 124 107 310 0 3.25 3.25 
103054 7839 92 78 124 107 310 7 3.26 3.25 
103226 7839 92 78 124 107 310 0 3.26 3.25 
103398 7839 92 78 124 107 310 0 3.25 3.25 
103570 7839 92 78 124 107 310 8 3.26 3.25 
103742 7839 92 78 124 107 310 0 3.25 3.25 
103914 7839 92 78 124 107 310 0 3.25 3.25 
104086 7839 92 78 124 107 310 7 3.25 3.25 
104258 7839 92 78 124 107 310 0 3.26 4.52 
104430 7839 92 78 124 107 310 0 3.25 3.25 
104602 7839 92 78 124 107 310 2 3.26 58.29 
104777 7839 92 78 124 107 310 0 3.26 55.64 
104952 7839 92 78 124 107 310 0 3.26 3.25 
105124 7839 92 78 124 107 310 0 3.25 4.52 
105296 7839 92 78 124 107 310 0 3.25 55.62 
105471 7839 92 78 124 107 310 1 3.25 56.07 
105646 7839 92 78 124 107 310 0 3.26 53.82 
105821 7839 92 78 124 107 310 3 3.26 3.25 
105993 7291 77 71 105 89 266 0 3.25 55.91 
106168 6241 113 113 152 122 390 0 3.25 35.62 
106341 6774 90 88 123 102 314 0 3.25 3.25 
106513 4825 47 70 70 55 195 0 3.26 29.50 
106686 2209 25 97 58 47 201 7 3.26 3.25 
106858 1980 23 104 59 49 210 0 3.25 4.52 
107030 1980 23 104 59 49 210 0 3.26 4.54 
107202 1861 21 109 60 51 217 7 3.25 3.25 
107374 2130 27 107 63 51 217 0 3.25 3.25 
107546 2177 27 106 63 51 215 0 3.26 3.25 
107718 4310 47 90 78 63 231 3 3.26 3.25 
107890 7068 119 112 162 136 413 0 3.26 55.79 
108065 6667 104 101 141 116 359 0 3.25 60.25 
108240 3091 38 78 60 42 179 0 3.26 57.05 
108415 5621 73 88 103 82 274 0 3.25 3.25 
108587 6965 120 112 162 135 411 3 3.25 3.25 
108759 2444 31 113 70 58 238 4 3.25 3.25 
108931 2603 80 135 104 54 295 0 3.26 42.01 
109105 3076 146 208 183 102 500 0 3.25 3.25 
109277 4037 175 247 240 168 661 0 3.25 41.33 
109451 4013 174 247 239 167 658 1 3.26 3.25 
109623 4031 173 246 238 167 657 0 3.26 39.95 
109797 4074 173 248 240 170 663 0 3.26 3.25 
109969 3986 162 234 224 157 619 6 3.26 3.25 
110141 3886 143 211 198 138 549 0 3.25 38.81 
110315 3884 142 208 196 136 541 0 3.25 4.52 
110487 3881 116 173 162 113 450 0 3.25 37.67 
110661 3844 113 170 158 110 441 0 3.26 3.25 
110833 3858 93 159 140 103 402 0 3.26 3.25 
111005 2628 23 141 82 82 301 0 3.25 3.25 
111177 2275 18 138 77 79 291 0 3.26 35.63 
111350 2909 23 111 68 65 241 3 3.25 3.25 
111522 3363 26 83 57 50 189 0 3.26 36.31 
111695 3216 25 83 56 49 188 0 3.26 35.39 
111868 3407 28 86 60 52 196 4 3.25 3.25 
112040 3193 26 96 63 57 213 0 3.25 35.85 
112213 3256 27 94 63 56 208 0 3.25 3.25 
112385 3256 27 94 63 56 208 6 3.26 35.85 
112558 3256 27 94 63 56 208 0 3.25 3.25 
112730 3256 27 94 63 56 208 0 3.26 4.52 
112902 3256 27 94 63 56 208 3 3.25 4.54 
113074 3256 27 94 63 56 208 0 3.25 4.52 
113246 3256 27 94 63 56 208 0 3.25 3.25 
113418 3256 27 94 63 56 208 5 3.25 35.39 
113591 3256 27 94 63 56 208 0 3.26 3.25 
113763 3256 27 94 63 56 208 0 3.26 3.25 
113935 3173 27 95 63 56 210 3 3.26 3.25 
114107 2351 22 117 68 64 244 0 3.25 4.52 
114279 2614 25 110 67 61 232 7 3.25 3.25 
114451 2496 23 109 65 60 228 5 3.26 3.25 
114623 2509 24 108 65 59 226 0 3.26 3.25 
114795 2509 24 108 65 59 226 0 3.26 3.25 
114967 2509 24 108 65 59 227 6 3.26 3.25 
115139 2439 24 109 65 59 227 6 3.25 3.25 
115311 2439 24 109 65 59 227 0 3.25 3.25 
115483 2509 24 108 65 59 227 5 3.25 3.25 
115655 2509 24 108 65 59 226 0 3.25 3.25 
115827 2441 22 108 64 59 226 0 3.26 3.25 
115999 2441 22 108 64 59 226 17 3.25 3.25 
116171 2441 22 108 64 59 226 0 3.25 3.25 
116343 2509 24 108 65 59 226 0 3.26 3.25 
116515 2509 24 108 65 59 226 2 3.25 3.25 
116687 2509 24 108 65 59 226 0 3.25 3.25 
116859 2509 24 108 65 59 226 6 3.25 3.25 
117031 2509 24 108 65 59 226 0 3.26 3.25 
117203 2509 24 108 65 59 226 0 3.25 3.25 
117375 2509 24 108 65 59 226 0 3.26 3.25 
117547 2509 24 108 65 59 226 0 3.26 3.25 
117719 2509 24 108 65 59 226 8 3.25 3.25 
117891 2509 24 108 65 59 226 0 3.25 35.39 
118064 2539 22 111 66 62 233 3 3.25 3.25 
118236 3113 28 104 68 61 230 0 3.26 3.25 
118408 2822 30 137 84 79 294 0 3.26 3.25 
118580 2822 30 137 84 79 294 0 3.25 3.25 
118752 2754 29 138 84 79 295 0 3.26 4.52 
118924 2754 29 138 84 79 295 0 3.25 3.25 
119096 2467 22 130 75 74 272 0 3.25 36.53 
119269 2407 20 128 73 73 266 0 3.25 36.53 
119443 2136 18 126 70 70 260 0 3.25 36.53 
119616 2036 16 126 69 70 260 0 3.25 3.25 
119788 1846 12 124 66 70 255 0 3.26 4.52 
119960 1718 11 126 66 71 259 0 3.26 3.25 
120132 1718 11 126 66 71 260 6 3.26 3.25 
120304 1826 13 128 68 72 264 0 3.25 3.25 
120476 1880 13 131 70 74 271 0 3.25 3.25 
120648 1880 13 131 70 74 271 6 3.25 3.25 
120820 1880 13 131 70 74 271 0 3.26 3.25 
120992 1880 13 131 70 74 271 0 3.25 3.25 
121164 1880 13 131 70 74 271 6 3.25 3.25 
121336 1880 13 131 70 74 271 0 3.26 3.25 
121508 1880 13 131 70 74 271 0 3.26 3.25 
121680 1880 13 131 70 74 271 4 3.25 3.25 
121852 1880 13 131 70 74 271 0 3.26 3.25 
122024 1880 13 131 70 74 271 0 3.25 3.25 
122196 1880 13 131 70 74 271 1 3.25 3.25 
122368 1880 13 131 70 74 271 0 3.25 3.25 
122540 1880 13 131 70 74 271 0 3.25 3.25 
122712 1880 13 131 70 74 271 0 3.26 3.25 
122884 1880 13 131 70 74 271 0 3.25 3.25 
123056 1880 13 131 70 74 271 0 3.25 3.25 
123228 1880 13 131 70 74 271 0 3.25 3.25 
123400 1880 13 131 70 74 271 0 3.25 3.25 
123572 1880 13 131 70 74 271 0 3.26 3.25 
123744 1880 13 131 70 74 271 0 3.25 3.25 
123916 1880 13 131 70 74 271 0 3.25 3.25 
124088 1880 13 131 70 74 271 0 3.25 3.25 
124260 1880 13 131 70 74 271 0 3.25 3.25 
124432 1880 13 131 70 74 271 0 3.25 3.25 
124604 1880 13 131 70 74 271 0 3.25 3.25 
124776 1880 13 131 70 74 271 0 3.25 3.25 
124948 1880 13 131 70 74 271 0 3.26 3.25 
125120 1880 13 131 70 74 271 0 3.25 3.25 
125292 1880 13 131 70 74 271 0 3.25 3.25 
125464 1880 13 131 70 74 271 1 3.26 3.25 
125636 1880 13 131 70 74 271 0 3.26 3.25 
125808 1880 13 131 70 74 271 0 3.25 4.54 
125980 1880 13 131 70 74 271 3 3.25 3.25 
126152 1880 13 131 70 74 271 0 3.26 3.25 
126324 1880 13 131 70 74 272 0 3.25 3.25 
126496 1880 13 131 70 74 272 5 3.25 3.25 
126668 1880 13 131 70 74 271 0 3.26 3.25 
126840 1880 13 131 70 74 272 0 3.25 4.52 
127012 1880 13 131 70 74 272 6 3.25 3.25 
127184 1880 13 131 70 74 271 0 3.25 3.25 
127356 1880 13 131 70 74 271 0 3.26 3.25 
127528 1880 13 131 70 74 271 5 3.25 3.25 
127700 1880 13 131 70 74 271 0 3.26 3.25 
127872 1880 13 131 70 74 271 0 3.25 4.52 
128044 1880 13 131 70 74 271 5 3.25 3.25 
128216 1880 13 131 70 74 271 0 3.25 3.25 
128388 1880 13 131 70 74 271 0 3.25 3.25 
128560 1880 13 131 70 74 271 3 3.25 3.25 
128732 3246 41 141 94 84 318 0 3.25 3.25 
128904 3923 135 200 188 132 522 0 3.26 4.52 
129076 3859 144 214 200 139 556 1 3.26 3.25 
129248 3869 144 215 201 140 558 0 3.25 3.25 
129420 3859 144 214 200 139 556 0 3.25 3.25 
129592 3873 137 204 191 133 530 0 3.25 3.25 
129764 3678 63 147 113 92 350 0 3.25 3.25 
129936 3051 32 142 89 84 310 0 3.25 3.25 
130108 3051 32 142 89 84 311 0 3.26 3.25 
130280 3051 32 142 89 84 310 0 3.25 3.25 
130452 3051 32 142 89 84 310 0 3.25 3.25 
130624 3051 32 142 89 84 311 0 3.26 3.25 
130796 3051 32 142 89 84 310 0 3.26 3.25 
130968 3051 32 142 89 84 311 0 3.26 3.25 
131140 2659 24 138 81 80 295 0 3.25 3.25 
131312 3034 25 104 66 61 229 0 3.26 3.25 
131484 1966 19 139 76 75 285 0 3.26 3.25 
131656 2406 21 123 71 69 257 0 3.25 3.25 
131828 2701 23 109 66 62 233 0 3.25 3.25 
132000 2554 23 116 69 65 245 0 3.25 3.25 
132172 1893 17 141 76 77 289 0 3.26 3.25 
132344 1876 18 145 78 79 296 1 3.25 3.25 
132516 1830 17 144 77 78 293 0 3.25 3.25 
132688 4625 37 90 72 64 226 0 3.25 3.25 
132860 3763 33 96 69 61 225 3 3.25 3.25 
133032 3683 32 97 69 61 225 0 3.25 3.25 
133204 3594 30 98 68 61 224 0 3.25 3.25 
133376 3594 30 98 68 61 224 4 3.25 3.25 
133548 3594 30 98 68 61 224 0 3.25 3.25 
133720 3594 30 98 68 61 224 0 3.25 3.25 
133892 3594 30 98 68 61 224 6 3.26 3.25 
134064 3594 30 98 68 61 224 0 3.25 3.25 
134236 3594 30 98 68 61 224 0 3.25 3.25 
134408 3594 30 98 68 61 224 6 3.25 3.25 
134580 3594 30 98 68 61 224 0 3.25 3.25 
134752 3594 30 98 68 61 224 0 3.26 3.25 
134924 3594 30 98 68 61 224 6 3.25 3.25 
135096 3594 30 98 68 61 224 0 3.25 3.25 
135268 3594 30 98 68 61 224 0 3.25 3.25 
135440 3594 30 98 68 61 224 5 3.25 3.25 
135612 3594 30 98 68 61 225 0 3.26 3.25 
135784 3594 30 98 68 61 225 0 3.25 3.25 
135956 3594 30 98 68 61 225 3 3.25 3.25 
136128 3594 30 98 68 61 225 0 3.25 3.25 
136300 3594 30 98 68 61 225 0 3.26 3.25 
136472 3594 30 98 68 61 225 0 3.26 3.25 
136644 3594 30 98 68 61 225 0 3.26 3.25 
136816 3894 32 96 69 62 226 0 3.26 3.25 
136988 7086 76 99 117 104 323 0 3.26 3.25 
137160 6846 71 95 110 97 305 0 3.26 3.25 
137332 6684 69 93 106 93 295 0 3.25 3.25 
137504 6753 69 93 107 94 296 0 3.25 3.25 
137676 6753 69 93 107 94 296 0 3.25 3.25 
137848 6753 69 93 107 94 296 0 3.26 3.25 
138020 6753 69 93 107 94 296 0 3.25 3.25 
138192 6753 69 93 107 94 296 0 3.26 3.25 
138364 6753 69 93 107 94 296 0 3.26 3.25 
138536 6753 69 93 107 94 296 0 3.25 3.25 
138708 6753 69 93 107 94 296 0 3.26 3.25 
138880 6753 69 93 107 94 296 0 3.25 3.25 
139052 6753 69 93 107 94 296 0 3.26 3.25 
139224 6753 69 93 107 94 296 0 3.25 3.25 
139396 6753 69 93 107 94 296 0 3.26 3.25 
139568 6753 69 93 107 94 296 0 3.25 3.25 
139740 6753 69 93 107 94 297 0 3.25 3.25 
139912 6753 69 93 107 94 297 0 3.25 3.25 
140084 6753 69 93 107 94 297 0 3.25 3.25 
140256 6753 69 93 107 94 297 0 3.25 3.25 
140428 6753 69 93 107 94 296 0 3.26 3.25 
140600 6753 69 93 107 94 296 0 3.25 3.25 
140772 6753 69 93 107 94 296 0 3.25 3.25 
140944 6626 65 92 102 90 286 0 3.25 3.25 
141116 2587 23 132 77 76 281 0 3.25 3.25 
141288 1639 12 151 78 84 308 2 3.26 3.25 
141460 1742 15 152 80 84 311 0 3.26 3.25 
141632 1702 14 153 80 85 313 0 3.25 3.25 
141804 2143 17 136 75 77 284 3 3.25 3.25 
141976 7787 86 107 133 121 363 0 3.26 3.25 
142148 8385 103 122 159 147 429 0 3.26 3.25 
142320 8531 110 131 171 159 462 5 3.26 3.25 
142492 8809 108 131 170 160 465 0 3.25 3.25 
142664 8808 107 128 167 157 456 0 3.25 3.25 
142836 9160 104 125 164 156 451 6 3.26 3.25 
143008 9152 107 131 170 162 467 0 3.25 3.25 
143180 9018 108 131 171 162 467 0 3.26 3.25 
143352 8977 108 132 171 162 468 6 3.25 3.25 
143524 8646 109 131 170 159 462 0 3.25 3.25 
143696 8686 109 130 170 159 460 0 3.26 3.25 
143868 8849 107 128 168 158 456 6 3.26 3.25 
144040 8849 106 126 166 156 450 0 3.26 3.25 
144212 8849 107 127 167 157 452 0 3.26 3.25 
144384 9063 106 125 166 157 449 6 3.25 3.25 
144556 9246 104 123 164 156 445 0 3.26 3.25 
144728 9287 105 123 165 157 447 0 3.25 3.25 
144900 9287 105 123 165 157 447 6 3.25 3.25 
145072 9287 105 123 165 157 447 0 3.26 3.25 
145244 8807 106 127 166 156 452 0 3.25 3.25 
145416 6143 60 87 94 81 264 3 3.26 3.25 
145588 4589 48 81 75 60 220 0 3.25 3.25 
145760 4589 48 81 75 60 220 0 3.26 3.25 
145932 4717 47 81 75 61 220 1 3.25 3.25 
146104 4717 47 81 75 61 220 0 3.25 3.25 
146276 4717 47 81 75 61 220 0 3.26 17.07 
146448 4589 48 81 75 60 220 3 3.25 26.13 
146621 4717 47 81 75 61 221 0 3.26 15.81 
146793 4717 47 81 75 61 220 0 3.25 4.52 
146965 4717 47 81 75 61 220 2 3.25 4.52 
147137 4589 48 81 75 60 220 0 3.26 16.12 
147309 4717 47 81 75 61 220 0 3.26 16.12 
147481 4717 47 81 75 61 220 4 3.26 15.79 
147653 4496 47 81 74 59 218 0 3.25 15.79 
147825 2084 35 119 71 52 239 0 3.25 15.79 
147997 1893 36 130 74 52 251 1 3.26 3.25 
148169 1882 37 132 75 52 254 0 3.26 16.12 
148341 1675 30 142 74 55 266 0 3.25 3.25 
148513 1682 32 151 79 59 283 0 3.26 16.12 
148685 1681 33 153 80 59 286 0 3.25 16.12 
148857 1624 27 142 71 53 262 0 3.26 16.12 
149029 1635 29 146 74 55 271 0 3.25 29.24 
149202 1636 29 146 74 54 269 0 3.25 25.86 
149375 1636 29 146 74 54 268 0 3.25 26.71 
149548 1644 30 145 74 54 268 5 3.25 3.25 
149720 1644 30 145 74 54 268 0 3.25 3.25 
149892 1644 30 145 74 54 268 0 3.25 3.25 
150064 1629 28 145 73 54 267 4 3.25 3.25 
150236 1629 28 145 73 54 267 0 3.26 3.25 
150408 1629 28 145 73 54 267 0 3.26 18.02 
150580 1629 28 145 73 54 267 5 3.26 16.75 
150752 1629 28 145 73 54 267 0 3.25 16.76 
150924 1629 28 145 73 54 267 0 3.26 3.25 
151096 1629 28 145 73 54 267 0 3.25 3.25 
151268 1629 28 145 73 54 267 0 3.25 3.25 
151440 1629 28 145 73 54 267 0 3.25 3.25 
151612 1629 28 145 73 54 267 0 3.26 18.02 
151784 1629 28 145 73 54 267 0 3.25 3.25 
151956 1629 28 145 73 54 267 0 3.25 16.75 
152128 1629 28 145 73 54 267 0 3.25 3.25 
152300 1629 28 145 73 54 267 0 3.26 16.75 
152472 1629 28 145 73 54 267 0 3.25 3.25 
152644 1629 28 145 73 54 267 0 3.25 3.25 
152816 1671 31 150 78 58 282 0 3.25 3.25 
152988 1660 31 151 78 58 283 0 3.26 3.25 
153160 1660 31 151 78 58 284 0 3.25 3.25 
153332 1660 31 151 78 58 284 0 3.26 3.25 
153504 1660 31 151 78 58 284 0 3.26 3.25 
153676 1660 31 151 78 58 284 0 3.26 3.25 
153848 1660 31 151 78 58 284 3 3.26 3.25 
154020 1660 31 151 78 58 284 0 3.26 3.25 
154192 1660 31 151 78 58 284 0 3.25 3.25 
154364 1660 31 151 78 58 284 5 3.25 3.25 
154536 1660 31 151 78 58 284 0 3.26 3.25 
154708 1660 31 151 78 58 284 0 3.26 3.25 
154880 1660 31 151 78 58 284 6 3.26 3.25 
155052 1660 31 151 78 58 284 0 3.25 3.25 
155224 1660 31 151 78 58 284 0 3.26 3.25 
155396 1660 31 151 78 58 284 5 3.26 3.25 
155568 1660 31 151 78 58 284 0 3.26 3.25 
155740 1660 31 151 78 58 284 0 3.26 3.25 
155912 1660 31 151 78 58 284 3 3.25 3.25 
156084 1660 31 151 78 58 284 0 3.26 3.25 
156256 1660 31 151 78 58 284 0 3.25 3.25 
156428 1660 31 151 78 58 284 0 3.26 3.25 
156600 1693 33 154 81 61 292 0 3.25 3.25 
156772 1662 30 145 75 56 269 0 3.26 3.25 
156944 1629 27 143 72 54 263 0 3.26 25.55 
157117 1635 28 142 72 54 265 0 3.25 3.25 
157289 1743 31 132 71 52 250 0 3.25 3.25 
157461 3551 142 163 168 95 433 0 3.25 3.25 
157633 3550 190 207 219 120 553 0 3.25 3.25 
157805 3571 188 205 217 120 549 0 3.25 3.25 
157977 3571 188 205 217 120 549 0 3.25 3.25 
158149 3571 188 205 217 120 549 0 3.26 3.25 
158321 3571 188 205 217 120 549 0 3.25 3.25 
158493 3571 188 205 217 120 549 0 3.25 4.84 
158665 3571 188 205 217 120 550 0 3.25 4.84 
158837 3571 188 205 217 120 550 0 3.26 15.81 
159009 3571 188 205 217 120 550 0 3.25 4.84 
159181 3571 188 205 217 120 550 0 3.25 4.86 
159353 3571 188 205 217 120 550 0 3.25 3.25 
159525 3571 188 205 217 120 550 0 3.25 4.86 
159697 3571 188 205 217 120 550 2 3.26 3.25 
159869 3571 188 205 217 120 550 0 3.25 3.25 
160041 3558 176 194 204 113 518 0 3.26 29.75 
160214 2572 44 108 74 51 231 0 3.26 15.79 
160386 1903 31 122 69 52 240 0 3.26 3.25 
160558 9117 69 88 112 107 307 0 3.25 3.25 
160730 6468 33 107 82 83 270 5 3.26 16.12 
160902 3896 53 106 88 69 263 0 3.26 16.12 
161074 4061 138 196 190 134 524 0 3.25 15.81 
161246 4072 138 197 191 135 528 5 3.25 4.52 
161418 4072 138 197 191 135 528 0 3.26 15.81 
161590 4072 138 197 191 135 528 0 3.25 4.52 
161762 4072 138 197 191 135 528 8 3.26 3.25 
161934 4072 138 197 191 135 528 0 3.25 3.25 
162106 4072 138 197 191 135 528 0 3.25 15.81 
162278 4072 138 197 191 135 528 6 3.25 3.25 
162450 4072 138 197 191 135 528 0 3.26 15.79 
162622 4072 138 197 191 135 528 0 3.25 15.81 
162794 4072 138 197 191 135 527 6 3.25 15.81 
