=~=~=~=~=~=~=~=~=~=~=~= PuTTY log 2025.11.28 18:25:13 =~=~=~=~=~=~=~=~=~=~=~=
ets Jul 29 2019 12:21:46

rst:0x1 (POWERON_RESET),boot:0x13 (SPI_FAST_FLASH_BOOT)
configsip: 0, SPIWP:0xee
clk_drv:0x00,q_drv:0x00,d_drv:0x00,cs0_drv:0x00,hd_drv:0x00,wp_drv:0x00
mode:DIO, clock div:1
load:0x3fff0030,len:4980
load:0x40078000,len:16612
load:0x40080400,len:3480
entry 0x400805b4
Found sensor
Milis - ColorTemp - Lux - R - G - B - C - Pot - UsensA - UsensB

399 6554 54 55 74 61 190 11 22.75 57.90 
575 6554 54 55 74 61 190 0 22.75 58.29 
751 6554 54 55 74 61 190 0 22.75 58.29 
927 6554 54 55 74 61 190 0 22.73 57.87 
1103 6554 54 55 74 61 190 0 22.73 58.31 
1279 6554 54 55 74 61 190 2 22.73 58.28 
1455 6554 54 55 74 61 190 0 22.73 58.31 
1631 6554 54 55 74 61 190 0 22.75 58.31 
1807 6554 54 55 74 61 190 4 22.75 58.31 
1983 6554 54 55 74 61 190 0 22.73 58.33 
2159 6554 54 55 74 61 190 15 22.75 58.31 
2335 6554 54 55 74 61 190 0 22.73 57.87 
2511 6554 54 55 74 61 190 0 22.73 58.29 
2687 6554 54 55 74 61 190 0 22.73 57.88 
2863 6554 54 55 74 61 190 0 22.73 58.31 
3039 6554 54 55 74 61 190 4 22.73 57.87 
3215 6554 54 55 74 61 190 0 22.73 57.87 
3391 6554 54 55 74 61 190 3 22.73 57.88 
3567 6554 54 55 74 61 190 0 22.73 57.87 
3743 6554 54 55 74 61 190 3 22.73 57.88 
3919 6554 54 55 74 61 190 2 22.75 57.87 
4095 6554 54 55 74 61 190 0 22.73 57.88 
4271 6554 54 55 74 61 190 0 22.73 57.88 
4447 6554 54 55 74 61 190 0 22.73 57.88 
4623 6554 54 55 74 61 190 0 22.73 58.29 
4799 6554 54 55 74 61 190 0 22.75 58.29 
4975 6554 54 55 74 61 190 0 22.75 58.31 
5151 6554 54 55 74 61 190 0 22.73 58.31 
5327 6554 54 55 74 61 190 4 22.75 58.33 
5503 6554 54 55 74 61 190 0 22.73 57.88 
5679 6554 54 55 74 61 190 13 22.75 58.28 
5855 6554 54 55 74 61 190 0 22.75 57.87 
6031 6554 54 55 74 61 190 0 22.75 58.29 
6207 6554 54 55 74 61 190 0 22.73 57.87 
6383 6554 54 55 74 61 190 0 22.73 58.29 
6559 6554 54 55 74 61 190 10 22.73 58.29 
6735 6554 54 55 74 61 190 0 22.73 57.87 
6911 6554 54 55 74 61 190 4 22.73 57.88 
7087 6554 54 55 74 61 190 0 22.75 58.29 
7263 6554 54 55 74 61 190 0 22.73 57.87 
7439 6554 54 55 74 61 190 2 22.73 58.29 
7615 6554 54 55 74 61 190 0 22.73 57.88 
7791 6554 54 55 74 61 190 0 22.73 58.28 
7967 6554 54 55 74 61 190 0 22.73 57.87 
8143 6554 54 55 74 61 190 0 22.75 58.26 
8319 6554 54 55 74 61 190 0 22.75 58.29 
8495 6554 54 55 74 61 190 3 22.73 58.28 
8671 6554 54 55 74 61 190 0 22.73 58.29 
8847 6554 54 55 74 61 190 2 22.73 58.29 
9023 6554 54 55 74 61 190 0 22.73 58.29 
9199 6554 54 55 74 61 190 8 22.75 58.29 
9375 6554 54 55 74 61 190 0 22.73 57.88 
9551 6554 54 55 74 61 190 0 22.73 58.29 
9727 6554 54 55 74 61 190 0 22.75 57.87 
9903 6554 54 55 74 61 190 0 22.75 58.31 
10079 6554 54 55 74 61 190 18 22.73 57.85 
10255 6554 54 55 74 61 190 0 22.75 58.28 
10431 6554 54 55 74 61 190 4 22.73 57.87 
10607 6554 54 55 74 61 190 0 22.75 57.87 
10783 6554 54 55 74 61 190 0 22.73 58.31 
10959 6554 54 55 74 61 190 2 22.73 55.64 
11135 6554 54 55 74 61 190 0 22.73 57.85 
11311 6554 54 55 74 61 190 0 22.75 58.29 
11487 6554 54 55 74 61 190 0 22.73 57.88 
11663 6554 54 55 74 61 190 2 22.73 58.29 
11839 6554 54 55 74 61 190 0 22.73 55.64 
12015 6554 54 55 74 61 190 4 22.73 58.31 
12191 6554 54 55 74 61 190 0 22.73 57.85 
12367 6554 54 55 74 61 190 0 22.73 58.29 
12543 6554 54 55 74 61 190 0 22.75 58.31 
12719 6554 54 55 74 61 190 2 22.73 58.29 
12895 6554 54 55 74 61 190 0 22.73 58.31 
13071 6554 54 55 74 61 190 0 22.75 58.29 
13247 6554 54 55 74 61 190 3 22.73 57.85 
13423 6554 54 55 74 61 190 0 22.73 58.29 
13599 6554 54 55 74 61 190 17 22.75 57.87 
13775 6554 54 55 74 61 190 0 22.75 58.29 
13951 6554 54 55 74 61 190 0 22.75 58.28 
14127 6554 54 55 74 61 190 0 22.75 58.29 
14303 6554 54 55 74 61 190 0 22.75 58.31 
14479 6554 54 55 74 61 190 3 22.75 58.28 
14655 6554 54 55 74 61 190 0 22.75 58.29 
14831 6554 54 55 74 61 190 3 22.75 58.31 
15007 6554 54 55 74 61 190 0 22.75 58.29 
15183 6554 54 55 74 61 190 0 22.75 58.29 
15359 6554 54 55 74 61 190 2 22.75 58.29 
15535 6554 54 55 74 61 190 0 22.75 58.28 
15711 6554 54 55 74 61 190 0 22.75 57.87 
15887 6554 54 55 74 61 190 0 22.75 58.29 
16063 6554 54 55 74 61 190 0 22.75 57.88 
16239 6554 54 55 74 61 190 0 22.75 58.31 
16415 6554 54 55 74 61 190 4 22.75 58.28 
16591 6554 54 55 74 61 190 0 22.75 58.29 
16767 6554 54 55 74 61 190 0 22.75 58.29 
16943 6554 54 55 74 61 190 0 22.75 58.29 
17119 6554 54 55 74 61 190 3 22.75 58.29 
17295 6554 54 55 74 61 190 0 22.75 58.29 
17471 6554 54 55 74 61 190 0 22.75 58.29 
17647 6554 54 55 74 61 190 0 22.75 58.29 
17823 6554 54 55 74 61 190 0 19.01 51.65 
17998 6571 54 56 75 62 195 4 18.04 52.65 
18173 6264 51 54 70 57 181 0 15.83 17.07 
18346 4539 39 62 59 46 166 0 15.83 16.12 
18519 3339 31 75 56 44 173 0 14.16 16.76 
18692 3247 34 77 58 44 177 0 13.82 16.44 
18865 3179 32 76 56 43 175 8 16.46 46.97 
19040 3321 33 71 55 41 168 0 48.45 46.19 
19217 3224 56 83 73 44 202 0 8.76 11.76 
19389 3262 58 84 75 45 205 0 9.08 9.40 
19561 3249 56 84 74 45 204 0 43.89 42.01 
19737 3422 51 77 69 44 190 0 43.50 40.88 
19913 4046 44 71 65 48 184 0 42.08 40.19 
20089 4116 42 67 62 46 177 0 37.28 35.87 
20264 4011 49 79 72 53 203 5 36.82 4.20 
20438 3800 30 83 61 53 197 0 29.78 7.11 
20611 7489 42 56 66 60 183 0 15.83 13.12 
20784 7474 41 55 65 59 180 0 19.31 16.76 
20957 7721 40 56 65 60 181 0 28.48 26.13 
21131 7721 40 56 65 60 181 5 25.89 23.27 
21305 5616 37 58 59 50 167 0 21.52 24.14 
21479 3349 34 66 53 38 157 6 17.10 16.42 
21652 2923 32 76 55 40 170 0 16.15 14.81 
21825 3144 36 70 55 38 164 0 22.44 16.44 
21998 3654 77 92 94 56 245 4 20.59 16.12 
22171 3628 84 98 101 59 261 0 17.73 9.40 
22344 3628 84 98 101 59 260 0 14.48 8.06 
22516 3657 84 97 101 59 259 0 9.76 10.42 
22688 3828 45 62 60 40 163 0 8.38 13.12 
22860 3918 37 53 51 35 141 0 7.11 12.78 
23032 3887 37 55 52 36 145 1 8.74 12.78 
23204 3817 39 56 53 36 147 0 9.08 11.10 
23376 3887 37 55 52 36 144 0 89.37 13.12 
23553 5640 29 53 50 44 148 0 16.15 5.81 
23725 6180 27 54 50 46 151 0 15.16 5.49 
23897 6580 26 54 50 47 151 6 15.16 7.41 
24069 6354 28 54 51 47 152 0 15.50 9.06 
24242 6580 26 54 50 47 152 0 50.18 5.49 
24416 5476 28 53 49 43 146 0 48.65 7.41 
24590 4491 29 54 48 39 141 0 45.66 8.38 
24764 3362 36 99 71 59 228 4 24.74 10.76 
24937 3311 36 106 74 63 242 0 15.83 14.47 
25110 3335 36 104 73 62 238 0 15.83 16.12 
25283 3252 36 104 73 61 237 0 8.40 16.76 
25456 3298 36 100 71 59 229 0 16.46 18.95 
25629 3376 40 112 80 67 259 6 38.88 15.79 
25803 3355 41 114 81 68 262 0 16.46 42.62 
25978 3300 38 113 79 67 258 0 20.89 16.13 
26151 3300 38 113 79 67 258 0 50.18 50.80 
26328 3371 39 104 75 62 239 0 32.62 49.10 
26504 5951 28 61 54 50 165 0 96.58 43.81 
26683 4636 45 67 66 51 184 0 110.30 35.63 
26863 3673 62 86 82 53 222 5 35.68 50.46 
27039 2972 37 83 61 44 188 0 20.59 55.64 
27215 3439 58 101 85 59 245 0 18.99 52.67 
27390 3663 68 85 85 52 222 0 18.36 55.78 
27566 3632 65 81 81 49 212 0 15.83 22.41 
27739 3687 52 68 67 42 178 0 15.83 35.63 
27913 3682 64 78 79 48 206 3 13.82 20.54 
28086 7814 27 57 54 53 168 0 12.78 49.59 
28261 9798 27 61 58 60 178 0 7.43 22.42 
28434 9780 28 62 59 61 182 0 7.11 15.79 
28607 4713 32 67 57 49 173 0 6.46 11.08 
28779 3542 37 90 68 55 212 6 4.86 8.72 
28951 3403 42 118 84 71 272 0 35.44 6.14 
29125 3339 42 110 80 65 254 0 9.42 9.40 
29297 3241 47 138 96 81 313 0 8.38 9.74 
29469 3193 47 139 96 81 314 0 8.38 15.49 
29642 3193 47 139 96 81 316 0 8.74 15.49 
29815 3241 47 138 96 81 314 0 11.46 6.77 
29987 3221 42 120 84 70 272 0 10.44 8.38 
30159 3856 33 65 54 42 162 0 10.42 8.36 
30331 5008 27 49 45 38 133 0 10.44 8.38 
30503 4814 28 50 46 38 134 0 10.10 8.74 
30675 5058 27 50 46 39 136 0 11.10 9.40 
30847 5430 28 52 48 42 142 0 15.50 13.46 
31020 7638 27 57 53 52 163 0 21.20 19.28 
31194 3771 112 134 138 85 360 6 28.48 25.30 
31368 2795 46 104 75 52 230 0 33.40 32.32 
31543 6311 38 60 62 55 178 4 39.78 36.53 
31719 4603 27 82 61 57 198 2 40.48 39.51 
31895 4026 60 106 93 71 271 2 45.27 37.21 
32071 4157 97 142 137 99 381 0 39.10 38.59 
32247 3888 40 91 72 59 222 0 18.99 37.45 
32421 3412 23 96 62 59 215 0 35.46 36.55 
32596 3477 24 97 63 60 219 0 31.33 37.21 
32771 7223 39 70 70 66 207 0 31.86 35.63 
32946 12414 62 78 106 109 293 0 32.37 36.99 
33121 12036 61 75 103 105 283 0 33.68 31.53 
33296 12036 61 75 103 105 285 0 31.08 29.73 
33471 10964 60 76 101 101 279 0 31.33 30.77 
33646 6349 72 101 112 97 311 0 31.35 30.77 
33821 5487 82 116 123 101 341 0 31.33 30.79 
33996 5573 81 115 122 101 340 0 33.15 33.08 
34171 5531 80 116 122 101 341 0 36.82 36.99 
34346 3876 45 113 86 73 270 0 42.48 43.03 
34522 3959 73 138 117 91 346 0 48.25 48.38 
34699 3494 113 166 151 97 416 0 53.06 52.12 
34876 2718 73 126 98 55 280 3 58.26 53.48 
35054 4293 50 96 83 67 246 0 61.30 62.19 
35232 6050 90 97 123 99 323 0 60.76 42.42 
35409 2299 37 101 65 44 210 4 60.20 49.62 
35587 2384 36 96 63 43 201 0 55.86 36.99 
35764 2582 44 106 73 50 229 0 55.74 46.19 
35941 6167 112 114 151 121 392 3 52.56 42.62 
36118 5950 129 134 173 137 450 0 49.84 54.69 
36295 6151 126 127 169 135 437 0 50.18 50.13 
36472 7044 109 101 147 123 374 0 49.52 28.73 
36648 5169 57 80 84 67 231 0 49.52 48.93 
36825 2773 31 89 60 47 195 4 51.37 49.08 
37002 2280 26 101 61 50 209 0 52.89 48.77 
37179 1965 23 108 61 51 217 0 22.44 20.55 
37353 2440 34 103 66 50 217 0 18.68 18.02 
37526 2686 101 147 121 57 330 0 17.41 16.13 
37699 2620 129 188 153 69 416 0 16.78 16.12 
37872 2613 128 186 151 68 410 0 15.83 12.78 
38045 3305 108 156 140 85 385 0 16.15 13.45 
38218 4088 106 159 151 109 424 0 31.08 6.78 
38391 4035 96 140 134 95 373 2 25.60 2.92 
38564 3612 33 123 82 77 280 0 18.99 1.97 
38736 7100 45 88 84 80 252 0 15.52 4.22 
38908 5340 51 106 93 83 282 0 28.48 9.74 
39081 2676 47 119 82 59 259 0 18.05 15.81 
39254 3575 169 189 198 111 504 0 16.76 17.70 
39427 4874 57 91 88 71 251 0 18.04 16.76 
39600 4529 66 96 95 72 265 0 25.89 15.79 
39774 3604 152 173 180 103 462 5 30.04 28.42 
39949 2612 36 108 71 55 233 0 33.92 33.08 
40124 9352 66 93 112 109 315 2 35.90 15.81 
40298 2298 16 126 70 73 266 0 35.90 34.88 
40473 2308 17 127 71 73 268 5 35.90 34.88 
40648 2275 16 128 71 74 269 0 35.44 34.37 
40823 2275 16 128 71 74 270 4 32.37 31.28 
40998 2407 16 131 73 77 277 0 27.03 25.62 
41172 6720 42 110 91 90 290 6 22.44 21.18 
41346 6947 57 101 101 94 297 0 22.44 20.55 
41520 1771 29 129 70 53 249 0 24.17 20.54 
41694 1802 29 126 69 53 244 0 29.53 27.56 
41869 1875 28 118 66 51 232 0 34.68 34.10 
42044 9680 69 90 114 111 316 0 37.28 36.75 
42220 2354 17 123 69 71 259 0 36.60 15.81 
42394 3924 100 161 146 106 416 0 32.35 30.53 
42569 3725 69 146 117 92 356 0 28.76 27.57 
42743 4783 28 112 77 77 264 0 28.49 27.00 
42917 10345 79 98 130 128 358 0 25.31 22.12 
43091 10641 78 98 130 129 359 0 24.75 20.23 
43265 5612 49 91 85 75 251 0 21.84 18.65 
43439 1797 29 126 69 52 243 19 19.94 17.07 
43612 1674 24 121 63 49 230 0 19.62 15.79 
43785 1796 26 121 66 52 235 0 15.83 12.44 
43958 1942 31 117 67 50 230 0 13.80 11.10 
44131 3595 163 176 188 104 474 0 14.48 13.79 
44304 3557 142 161 167 94 427 4 14.82 13.79 
44477 3536 136 157 161 91 414 0 14.82 13.79 
44650 3538 140 162 166 94 426 0 14.82 13.79 
44823 3541 142 162 167 94 426 0 12.46 10.76 
44996 3541 142 162 167 94 426 0 9.10 5.81 
45168 3810 99 123 125 79 330 0 5.18 4.84 
45340 13180 32 80 75 82 237 0 3.89 4.84 
45512 3214 61 172 121 100 392 0 3.89 4.52 
45684 3197 65 186 130 108 420 0 5.18 6.44 
45856 3134 65 185 129 106 417 0 9.76 12.44 
46028 3192 63 173 122 100 394 0 16.46 17.70 
46201 11470 32 77 72 77 226 0 25.62 25.86 
46375 3580 133 151 157 89 402 0 31.59 32.32 
46550 3172 38 109 76 63 247 0 34.94 35.63 
6725 8637 56 97 102 100 299 0 36.82 35.87 
46900 2433 17 130 73 76 276 0 40.24 43.03 
47076 2379 16 127 71 74 268 0 45.66 48.16 
47253 3409 142 208 188 118 519 1 49.69 44.03 
47430 2519 113 180 139 65 389 0 55.10 45.41 
47607 2152 29 131 76 66 269 0 56.85 44.40 
47784 6509 94 104 133 111 350 0 56.56 46.00 
47961 6869 123 134 175 149 460 0 60.20 42.21 
48138 6766 123 133 174 147 456 0 60.20 40.19 
48315 3293 78 150 120 85 355 0 62.71 39.51 
48492 1719 65 214 115 63 391 0 63.39 36.07 
48669 1728 66 211 114 62 386 5 62.68 37.25 
48846 1725 67 217 117 64 396 0 57.12 40.19 
49023 1726 66 215 116 64 393 0 52.89 46.58 
49200 4581 78 115 114 87 319 0 47.26 48.38 
49377 3917 54 137 104 89 329 0 42.87 16.12 
49552 2427 129 216 161 75 457 4 35.44 35.39 
49727 3624 179 255 238 155 658 0 25.89 21.81 
49901 3015 45 169 109 98 375 0 18.68 17.68 
50074 7125 87 135 145 133 416 0 19.62 17.07 
50247 6540 73 96 111 96 306 0 29.27 22.12 
50421 5696 61 88 93 78 259 0 30.57 34.90 
50596 7348 94 127 148 134 411 0 39.34 39.05 
50772 2361 25 150 86 84 317 0 42.30 16.13 
50947 4006 183 264 253 178 703 0 46.05 46.99 
51124 3603 167 240 223 145 616 0 46.85 48.37 
51301 2506 176 251 201 81 543 0 47.26 48.37 
51478 2497 174 251 200 81 542 0 47.26 48.38 
51655 2503 176 253 202 82 546 0 48.04 48.77 
51832 2503 176 253 202 82 546 0 48.04 49.27 
52009 2511 179 254 204 82 550 0 48.47 46.02 
52186 2499 167 241 192 78 520 2 49.67 46.61 
52363 2633 59 111 83 48 242 0 49.69 46.58 
52540 1775 20 169 79 68 311 0 49.67 46.19 
52717 1770 20 175 82 71 322 2 49.67 45.78 
52894 1770 20 175 82 71 321 0 49.69 46.17 
53071 1770 20 175 82 71 322 0 49.67 46.19 
53248 1770 20 175 82 71 322 0 75.62 54.52 
53427 1833 20 179 83 72 327 0 71.37 55.78 
53606 2072 35 123 73 54 249 0 69.84 55.66 
53785 2508 109 172 133 61 368 2 67.71 56.49 
53963 2689 104 144 121 54 326 0 65.89 52.65 
54141 2538 155 221 178 74 482 0 63.65 55.79 
54319 2513 182 259 208 84 560 0 61.30 55.33 
54497 2513 182 259 208 84 561 0 59.35 8.36 
54672 2509 171 247 197 81 534 0 59.92 7.74 
54847 2604 135 190 156 67 420 0 30.04 5.49 
55020 2543 172 245 198 82 534 0 2.94 24.99 
55193 2565 161 227 185 77 497 0 5.51 26.42 
55366 2701 100 141 118 54 319 3 27.05 26.42 
55540 2744 96 139 116 56 315 0 9.08 8.38 
55712 2744 96 139 116 56 315 0 27.03 9.74 
55885 2744 96 139 116 56 315 0 27.62 26.71 
56059 2744 96 139 116 56 315 0 16.46 14.11 
56232 2610 124 176 144 63 390 3 36.14 18.65 
56406 2857 139 200 170 87 463 0 36.60 18.33 
56580 4027 169 245 235 166 654 0 33.92 16.44 
56754 4056 178 255 246 174 684 0 29.78 26.42 
56928 3026 151 217 189 104 517 0 51.03 53.97 
57105 2789 84 153 118 71 344 0 47.63 49.76 
57282 4248 55 118 97 81 295 1 46.67 49.10 
57459 6493 90 93 124 102 322 2 46.65 48.76 
57636 7088 116 111 159 134 407 0 46.65 49.10 
57813 7081 116 110 158 133 404 0 44.66 46.19 
57990 7088 116 111 159 134 407 0 40.00 39.73 
58166 7081 116 110 158 133 403 0 35.68 34.37 
58341 4136 48 80 73 55 208 0 35.21 32.59 
58516 3187 76 141 113 77 333 0 35.21 32.57 
58691 2250 42 120 76 52 248 0 35.19 32.59 
58866 2114 39 116 71 48 233 0 35.19 32.59 
59041 2114 39 116 71 48 232 0 35.21 32.57 
59216 2114 39 116 71 48 232 0 35.21 32.57 
59391 2114 39 116 71 48 232 0 34.17 31.53 
59566 2114 39 116 71 48 232 0 32.37 28.42 
59741 2158 39 111 69 46 224 0 56.71 65.94 
59919 7493 75 67 102 87 257 0 55.08 55.91 
60097 7982 79 67 107 93 268 0 54.59 44.40 
60274 6859 62 61 85 71 217 0 54.59 48.99 
60451 6782 61 61 84 70 215 0 55.44 44.01 
60628 6859 62 61 85 71 217 3 60.32 62.88 
60806 8055 76 66 104 91 262 0 70.94 29.24 
60983 3178 37 76 59 42 176 0 33.92 30.51 
61158 2405 38 100 66 45 209 0 33.64 29.75 
61333 2367 38 101 66 45 210 0 68.14 60.96 
61512 2367 38 101 66 45 211 1 55.88 61.78 
61690 4410 45 70 67 51 189 0 51.03 48.94 
61867 7344 64 60 88 75 223 0 45.46 46.19 
62044 3241 40 88 67 50 204 3 40.24 40.63 
62220 3377 51 78 69 44 191 0 35.90 34.37 
62395 4009 46 73 67 49 190 0 36.14 58.56 
62572 3882 32 60 51 39 151 0 37.28 48.37 
62748 5889 36 55 57 49 162 0 34.17 36.77 
62923 7097 38 54 61 55 171 0 34.17 59.43 
63100 5889 35 51 54 46 150 0 33.39 32.59 
63275 5226 33 51 51 42 143 0 34.17 34.88 
63450 3655 27 72 53 45 169 0 34.17 34.88 
63625 3761 29 85 61 54 200 2 34.17 35.39 
63800 4079 27 85 61 56 202 0 35.68 42.42 
63976 3800 28 83 60 53 195 3 36.36 43.03 
64152 4008 59 97 88 65 251 0 36.36 43.01 
64328 4092 62 98 91 67 257 0 36.36 43.03 
64504 4115 63 99 92 68 259 0 36.36 43.01 
64680 4115 63 99 92 68 259 0 35.90 40.19 
64856 4115 63 99 92 68 259 0 34.42 35.63 
65031 4106 64 99 93 68 260 0 33.13 31.81 
65206 3935 48 93 78 61 233 0 35.19 55.91 
65383 3601 27 82 58 51 189 0 42.69 30.26 
65558 4342 30 60 51 42 153 5 40.24 42.43 
65734 7042 43 61 69 62 192 0 54.91 43.60 
65911 3894 35 66 56 43 165 0 53.72 16.12 
66086 2758 34 88 61 45 194 0 51.87 14.81 
66261 3036 39 84 63 45 191 0 51.54 50.63 
66438 2664 36 94 64 47 204 0 51.37 49.27 
66615 2685 36 97 66 49 210 0 53.06 49.59 
66792 2804 32 78 55 40 172 0 49.67 53.29 
66969 2226 29 96 59 44 196 0 48.25 48.55 
67146 2197 31 105 64 48 216 0 46.46 46.97 
67323 6110 38 58 61 53 174 0 46.05 47.17 
67500 9147 47 63 78 75 219 0 49.33 50.61 
67677 7519 43 58 68 62 190 0 49.33 53.50 
67854 2379 30 91 58 43 190 0 49.67 52.99 
68031 2073 26 91 54 40 184 0 48.04 50.46 
68208 2181 29 97 59 44 198 2 46.05 49.11 
68385 4778 36 68 61 51 180 0 44.88 46.39 
68562 9875 51 66 85 83 236 0 43.67 45.20 
68738 11903 60 76 102 104 284 0 40.26 42.24 
68914 6221 82 112 125 107 348 0 39.34 41.53 
69090 3408 27 103 68 63 232 2 35.46 37.89 
69265 3199 21 96 60 58 211 0 33.39 35.41 
69440 4045 50 83 75 56 215 4 29.53 30.51 
69615 4094 121 176 169 121 470 0 28.19 28.71 
69790 3836 90 130 123 84 341 3 25.89 24.99 
69964 2682 113 162 134 62 363 0 25.02 24.41 
70138 2612 124 181 147 66 399 0 25.02 24.41 
70312 2679 79 122 98 49 271 0 25.02 24.41 
70486 2675 80 123 99 49 273 0 25.02 24.41 
70660 2675 80 123 99 49 273 0 25.02 24.41 
70834 2675 80 123 99 49 273 0 25.02 24.41 
71008 2675 80 123 99 49 273 0 24.45 22.98 
71182 2675 80 123 99 49 273 0 24.45 21.18 
71356 2656 50 109 78 51 238 3 25.60 21.50 
71530 2139 28 114 67 55 234 0 25.60 21.50 
71704 2100 26 110 64 53 225 0 24.23 21.49 
71878 2017 24 105 60 50 212 0 25.02 23.83 
72052 2109 26 108 63 52 220 0 27.03 28.14 
72226 2166 26 105 62 51 216 0 28.76 21.18 
72400 2654 98 149 120 58 330 0 22.73 24.72 
72574 2633 113 166 135 62 368 4 22.44 50.80 
72749 3841 89 133 124 86 263 0 20.59 20.86 
72923 2947 83 118 102 54 277 5 18.68 19.28 
73096 2725 115 166 138 66 375 0 16.15 17.07 
73269 2631 131 188 154 69 416 0 16.46 16.44 
73442 2620 129 188 153 69 415 0 15.52 15.49 
73615 2616 132 190 155 69 419 0 24.23 13.45 
73788 2734 63 109 85 48 244 1 22.17 16.13 
73961 2780 27 79 53 42 173 0 20.59 9.40 
74134 1871 25 123 68 57 245 0 18.36 21.49 
74307 2009 24 107 61 51 216 3 18.36 9.06 
74480 3571 34 72 57 44 174 0 16.13 5.18 
74652 6134 76 89 108 89 288 0 15.83 7.41 
74825 6808 102 102 140 117 361 2 15.83 15.81 
74998 6515 91 95 126 104 326 0 15.83 13.12 
75171 6647 91 96 127 106 329 0 15.83 15.47 
75344 6497 87 92 121 100 313 0 15.50 16.44 
75517 6297 76 83 106 87 276 0 15.83 17.70 
75690 3873 39 63 57 41 162 6 18.36 18.02 
75863 3304 35 67 54 38 159 0 20.89 20.23 
76037 3368 35 66 54 38 159 0 22.15 20.86 
76211 3368 35 66 54 38 159 0 22.44 20.23 
76385 3368 35 66 54 38 159 0 22.73 20.54 
76559 3368 35 66 54 38 159 13 20.57 15.81 
76732 2755 37 80 58 39 177 0 13.80 15.15 
76905 1694 43 163 86 54 301 0 16.78 16.75 
77078 1683 43 166 87 55 304 0 7.43 9.74 
77250 1673 43 169 88 56 310 0 6.46 8.38 
77422 1706 37 145 77 50 269 0 6.78 8.38 
77594 3585 51 67 65 40 173 0 6.78 8.38 
77766 3781 55 66 68 42 177 0 6.78 8.36 
77938 3711 55 66 68 41 176 0 6.78 8.38 
78110 3810 61 70 74 45 189 0 6.78 8.38 
78282 3721 59 69 72 43 185 0 6.14 9.40 
78454 3721 59 69 72 43 184 0 8.06 10.42 
78626 2512 40 87 61 38 186 0 13.14 14.47 
78799 2018 40 118 71 45 233 0 14.82 17.70 
78972 4971 90 127 131 103 364 0 15.50 18.95 
79145 7141 121 119 167 142 431 0 23.31 23.83 
79319 6904 118 117 162 136 419 2 29.53 33.86 
79494 6635 85 88 118 98 305 0 16.13 19.60 
79667 6900 95 96 132 111 341 0 15.83 18.65 
79840 6843 119 117 163 136 420 1 16.15 19.60 
80013 7089 128 125 176 149 454 0 15.83 16.44 
80186 7028 129 125 177 149 454 0 13.14 15.79 
80359 3423 62 124 99 73 295 18 10.44 16.44 
80532 1757 47 163 89 55 305 0 16.78 8.72 
80705 1662 46 182 94 58 332 0 8.06 7.74 
80877 2972 67 98 84 46 229 0 7.43 15.81 
81050 3689 75 72 83 44 200 0 6.14 15.47 
81222 3723 66 66 75 41 184 0 7.43 15.49 
81395 3769 56 60 66 38 166 0 7.43 15.49 
81568 3813 57 59 66 38 165 0 7.11 15.79 
81741 3813 57 59 66 38 165 0 14.48 19.91 
81914 3447 51 67 64 38 170 0 15.50 24.41 
82088 1699 46 170 90 55 311 0 16.46 24.99 
82262 1952 39 121 71 46 236 0 16.46 24.99 
82436 1670 33 129 67 42 234 0 15.83 23.27 
82609 1670 33 129 67 42 234 5 9.76 19.30 
82782 1853 43 141 80 51 270 0 9.42 18.97 
82955 1663 46 178 92 56 324 0 6.14 14.81 
83127 1664 46 176 91 55 320 0 5.81 10.76 
83299 2867 64 101 83 46 231 0 7.43 5.81 
83471 3731 116 92 119 57 271 0 10.08 5.81 
83643 3731 116 92 119 57 271 6 11.78 4.52 
83815 3731 116 92 119 57 272 0 10.44 5.17 
83987 3719 115 91 118 56 269 0 12.46 5.17 
84159 3731 117 92 120 57 273 7 11.78 3.89 
84331 3731 117 92 120 57 272 0 7.43 4.84 
84503 3731 116 92 119 57 271 0 15.83 9.76 
84676 3726 112 89 115 55 263 6 16.46 15.13 
84849 3115 60 86 76 43 206 0 16.15 14.81 
85022 1740 44 155 84 51 289 0 16.15 14.81 
85195 1740 44 155 84 51 288 0 8.06 11.08 
85367 1740 44 155 84 51 289 0 6.78 6.46 
85539 2310 41 98 65 40 205 6 5.18 6.78 
85711 3727 90 79 96 49 226 3 6.46 7.74 
85883 3722 110 86 112 53 254 0 10.44 10.42 
86055 3730 94 79 99 49 229 0 15.83 15.79 
86228 2897 62 96 80 44 221 1 17.41 19.28 
86401 1725 45 160 86 52 297 0 17.73 18.97 
86574 1836 38 124 70 44 235 0 15.83 15.15 
86747 1872 39 126 72 46 241 0 10.44 10.74 
86919 1709 46 169 90 55 313 0 10.10 8.06 
87091 1800 51 163 91 54 307 0 14.82 10.42 
87264 1723 58 199 107 62 366 0 10.10 12.44 
87436 1730 60 200 108 62 369 0 8.38 9.40 
87608 1875 52 156 90 53 297 0 7.43 9.06 
87780 1773 63 197 109 61 366 0 7.74 9.06 
87952 1719 65 214 115 63 391 0 6.14 7.09 
88124 1713 64 213 114 63 388 0 6.46 6.77 
88296 2291 60 130 88 49 267 0 6.46 6.77 
88468 3669 80 76 88 46 211 0 6.46 6.78 
88640 3621 79 76 87 45 211 0 6.46 6.78 
88812 3621 79 76 87 45 210 1 6.46 6.77 
88984 3669 80 76 88 46 212 0 8.06 8.06 
89156 3667 78 76 87 46 211 0 14.82 15.49 
89329 2723 63 105 83 45 234 0 17.08 25.86 
89503 1852 50 154 88 52 292 0 16.76 16.76 
89676 6362 91 100 127 105 336 3 15.16 11.42 
89849 6594 104 111 145 121 378 0 13.48 16.76 
90022 6414 91 100 128 106 337 0 8.74 8.74 
90194 2055 53 145 89 54 287 6 7.75 9.06 
90366 1721 64 212 114 63 387 0 7.75 9.40 
90538 1719 65 214 115 63 390 0 8.74 7.11 
90710 1727 66 213 115 63 389 7 13.14 16.76 
90883 1714 64 211 113 62 385 0 16.46 11.42 
91056 1785 57 178 99 56 332 0 16.15 36.77 
91230 4371 109 115 134 88 361 0 17.73 10.74 
91403 6552 98 105 137 114 284 0 14.82 8.38 
91576 3962 61 101 91 67 261 0 14.16 9.40 
91749 2754 51 114 82 56 251 0 17.10 38.13 
91923 6702 107 113 149 125 391 0 18.99 19.60 
92096 6741 114 117 158 132 410 0 22.44 21.81 
92270 6770 111 113 153 128 395 0 25.60 24.99 
92444 6881 108 108 149 125 384 5 27.61 27.28 
92618 7188 110 105 151 128 387 0 30.55 33.63 
92793 6905 98 94 133 111 340 2 34.17 35.85 
92968 7221 100 94 137 116 349 0 35.68 38.59 
93144 5460 62 78 88 70 239 5 37.74 38.37 
93320 2798 33 71 52 35 159 0 32.11 34.63 
93495 4392 52 83 78 60 221 2 30.31 32.32 
93670 7289 111 101 150 127 381 0 28.76 28.71 
93845 6784 91 89 124 103 318 4 22.17 22.69 
94019 7088 112 107 153 129 391 0 20.26 15.79 
94192 6773 107 111 149 125 387 0 15.50 9.74 
94365 6640 108 113 150 125 391 0 16.15 16.44 
94538 6940 131 134 182 154 473 0 12.80 16.12 
94711 6865 121 128 170 144 446 6 16.76 15.81 
94884 7032 136 143 192 164 504 0 15.50 16.75 
95057 6848 122 131 172 146 453 0 13.12 29.22 
95231 5435 72 92 103 82 281 0 13.48 15.79 
95404 2381 56 128 87 53 268 0 13.48 15.79 
95577 2129 57 144 91 54 288 7 13.14 9.74 
95749 2075 57 148 92 54 293 0 16.46 18.65 
95922 5133 86 117 124 98 340 0 29.27 16.12 
96096 6683 111 118 155 130 406 0 19.94 32.32 
96270 4435 44 73 68 53 194 0 11.44 7.09 
96442 4855 52 79 78 62 219 3 10.42 6.78 
96614 6740 116 122 162 136 423 0 10.08 6.77 
96786 6972 133 139 187 159 490 0 9.08 5.81 
96958 6936 132 139 186 158 487 0 8.38 7.74 
97130 6784 106 115 150 127 395 0 10.44 9.74 
97302 6833 115 121 161 136 420 0 11.78 17.07 
97475 6784 121 125 168 141 437 0 123.85 65.09 
97657 6261 81 90 113 93 298 0 69.05 44.61 
97835 1898 45 142 82 52 274 0 69.33 55.78 
98014 1652 43 170 87 53 307 0 69.33 45.99 
98192 1675 49 186 97 59 338 0 67.56 51.31 
98370 1690 51 188 99 60 344 0 64.65 48.16 
98548 1662 47 182 94 57 331 0 57.97 48.37 
98725 4140 68 115 104 79 298 2 53.91 46.58 
98902 5827 85 125 132 112 370 0 53.23 48.77 
99079 1870 17 162 75 66 297 0 52.04 48.93 
99256 3108 9 136 58 52 242 0 50.03 48.38 
99433 1620 18 123 61 52 232 0 50.35 47.75 
99610 2487 152 225 177 74 482 4 49.84 47.38 
99787 2450 195 284 223 88 606 0 49.84 47.36 
99964 2450 195 284 223 88 606 0 50.01 49.25 
100141 2456 197 286 225 89 611 0 16.15 47.17 
100316 2458 204 294 232 91 630 0 16.15 46.19 
100491 2459 201 292 230 91 625 0 16.13 45.39 
100666 2458 204 294 232 91 629 0 16.15 44.98 
100841 2453 199 290 228 90 619 0 49.33 48.91 
101018 2459 185 271 213 85 579 0 55.86 43.62 
101195 2603 88 140 110 54 309 0 56.01 42.81 
101372 1674 18 136 65 55 250 0 56.13 45.20 
101549 1940 15 146 67 59 267 0 61.18 47.57 
101727 1667 22 131 68 58 253 0 68.83 55.51 
101905 6862 123 125 170 143 441 0 74.46 30.26 
102082 3925 76 134 117 88 339 0 79.42 55.62 
102261 1749 38 140 76 49 263 0 83.32 36.99 
102439 2873 54 93 74 44 211 0 37.96 39.07 
102615 3759 94 81 100 51 234 0 0.00 29.73 
103786 3778 85 74 91 47 215 0 0.00 31.28 
104957 3779 104 85 109 54 251 6 0.00 68.75 
106130 3781 66 66 75 42 185 0 0.00 6.14 
107299 6947 131 135 183 155 477 0 0.00 18.97 
108469 4296 43 80 70 56 207 0 0.00 35.63 
109640 2507 170 242 194 78 523 0 33.39 31.81 
109815 2497 161 234 186 76 503 0 27.32 28.71 
109989 2502 179 255 204 82 551 0 26.18 28.71 
110163 2508 180 257 206 83 556 0 22.73 23.83 
110337 2511 179 254 204 82 550 4 21.22 22.69 
110511 2451 71 142 101 57 301 0 18.99 18.97 
110684 2310 27 98 60 48 204 0 17.41 16.44 
110857 1819 26 130 71 59 257 0 18.36 17.39 
111030 6327 92 106 131 109 347 0 17.41 16.42 
111203 6429 94 106 133 111 352 5 16.78 16.75 
111376 6516 100 111 141 118 372 0 20.89 20.55 
111550 6840 121 130 171 145 449 0 25.31 29.24 
111724 1796 25 131 71 60 259 0 32.37 36.07 
111899 2520 108 172 133 62 372 0 35.68 38.59 
112075 3316 166 238 215 130 591 0 36.82 38.13 
112251 4017 170 244 235 165 653 0 37.50 38.59 
112427 4089 90 131 126 90 352 0 31.59 33.10 
112602 3946 74 121 109 80 313 0 30.06 31.28 
112777 4009 197 283 272 191 756 0 26.45 27.57 
112951 3524 108 153 142 90 393 0 19.94 21.50 
113125 2539 165 234 189 78 510 0 14.48 14.81 
113298 2141 68 172 109 65 347 0 7.43 7.41 
113470 5244 58 88 89 73 252 6 4.54 5.17 
113642 2034 65 177 108 65 349 0 5.51 5.17 
113814 3651 105 89 110 53 256 0 4.54 5.17 
113986 3727 113 89 116 55 264 7 5.17 6.44 
114158 3727 113 89 116 55 264 0 5.18 5.49 
114330 3721 108 86 111 53 253 0 5.18 6.46 
114502 3714 103 83 106 51 243 6 5.51 5.80 
114674 3727 101 84 106 52 244 0 5.51 5.81 
114846 3705 104 85 108 52 248 0 4.86 6.46 
115018 3720 106 86 110 53 253 2 10.42 12.10 
115190 3574 109 85 109 48 249 0 11.44 13.45 
115363 2208 44 110 71 43 263 0 8.07 10.08 
115535 2186 50 121 78 46 245 6 5.18 6.46 
115707 2967 79 111 97 51 260 0 5.51 6.44 
115879 3720 106 86 110 53 253 5 5.18 6.44 
116051 3742 105 85 109 53 249 2 5.17 7.41 
116223 3727 101 84 106 52 245 0 9.42 11.42 
116395 2337 66 134 93 50 277 0 15.16 16.44 
116568 4035 71 111 103 75 290 6 20.89 22.71 
116742 5093 73 128 120 101 349 0 27.03 30.00 
116917 2250 55 135 88 54 277 0 33.64 36.07 
117092 3048 142 204 178 99 488 0 46.24 42.82 
117268 3949 114 178 164 118 464 3 48.99 44.20 
117445 2406 17 126 71 73 266 0 43.88 39.95 
117621 2671 20 126 73 74 270 0 32.37 34.63 
117796 4021 145 213 203 144 566 0 29.78 34.63 
117971 3926 135 192 184 127 511 0 30.31 32.56 
118146 2809 103 146 124 61 336 0 29.55 29.22 
118321 2852 78 113 96 49 262 0 32.88 29.24 
118496 2541 157 225 181 76 490 0 62.97 54.15 
118674 2510 185 263 211 85 569 0 63.39 21.81 
118850 2504 183 261 209 84 565 0 65.21 55.62 
119028 2529 133 198 157 68 428 0 50.01 48.77 
119205 1705 24 127 67 55 247 0 49.50 46.38 
119382 1815 24 121 66 55 238 0 49.52 44.61 
119559 1621 21 153 76 67 292 0 49.18 44.18 
119736 1620 20 152 76 68 292 2 48.84 50.61 
119913 1629 21 140 71 61 268 0 48.45 44.40 
120090 2802 65 110 87 50 250 0 48.25 49.95 
120267 2793 67 110 88 49 250 0 45.87 45.00 
120444 2686 97 149 120 60 333 0 46.26 45.58 
120621 2540 170 241 195 80 526 0 44.88 43.01 
120797 2550 170 239 194 80 522 0 40.94 41.33 
120973 2958 149 211 183 97 498 0 43.49 41.31 
121149 4042 186 266 257 181 712 0 47.06 46.58 
121326 4022 181 260 250 176 693 0 46.67 47.38 
121503 2898 141 202 173 90 473 0 49.18 48.91 
121680 2542 159 225 182 75 491 0 52.05 44.59 
121857 2166 58 150 95 59 304 0 54.91 43.20 
122034 1627 18 136 67 59 258 2 57.41 46.38 
122211 6841 115 122 162 137 423 0 63.80 35.63 
122388 2027 52 145 88 54 286 0 68.97 42.23 
122566 3389 85 90 95 48 235 0 69.07 69.56 
122745 3706 115 90 117 55 265 0 68.99 60.78 
122924 3706 115 90 117 55 267 0 68.97 61.23 
123103 3719 115 91 118 56 269 0 68.97 60.79 
123282 3719 115 91 118 56 269 0 68.82 61.61 
123461 3719 117 91 119 56 270 0 67.57 38.57 
123638 3731 117 92 120 57 272 0 62.13 48.76 
123816 3726 112 89 115 55 263 0 55.85 39.49 
123993 1962 54 149 89 52 289 0 57.27 36.53 
124170 3370 69 133 107 77 317 0 56.83 36.99 
124347 6897 125 130 175 148 457 0 56.69 39.05 
124524 6806 122 128 171 144 447 0 61.73 37.67 
124701 2078 58 161 99 62 322 4 65.89 55.32 
124879 2784 77 122 99 53 275 0 69.96 48.93 
125057 3752 103 83 107 52 245 0 69.94 48.93 
125235 4627 38 50 53 39 143 4 69.96 49.95 
125413 5314 40 58 60 49 169 0 71.28 62.19 
125592 4310 47 57 61 42 162 0 70.75 49.10 
125770 3761 68 65 76 41 184 0 70.82 49.10 
125948 3791 81 72 88 46 209 0 70.99 49.10 
126126 3761 84 73 90 46 213 0 100.88 38.13 
126305 3773 81 71 87 45 206 0 101.07 36.77 
126484 3722 99 81 103 50 237 5 76.06 55.64 
126663 3736 100 82 104 51 240 0 62.27 64.70 
126842 2602 70 124 94 51 270 0 57.82 49.10 
127019 2515 56 135 92 62 289 0 56.71 46.58 
127196 6921 129 131 179 151 465 0 59.08 52.29 
127374 6869 123 126 171 144 444 0 65.06 38.37 
127551 1781 45 154 85 53 291 5 99.13 74.54 
127732 3518 82 83 91 47 224 0 0.00 65.65 
128905 3728 103 84 107 52 246 0 65.48 48.93 
129083 3719 115 91 118 56 269 0 59.91 48.18 
129261 2877 65 104 85 48 237 0 81.65 37.45 
129439 1744 43 155 84 53 289 0 60.06 44.42 
129616 3298 50 100 79 57 236 0 81.48 38.83 
129794 5638 62 72 86 68 227 0 59.76 46.61 
129971 1828 41 137 77 49 261 0 64.63 49.11 
130149 2096 48 127 79 48 253 0 70.48 62.47 
130328 3750 100 83 105 52 243 0 75.53 62.19 
130507 3740 91 77 96 48 223 0 0.03 63.99 
130682 3714 92 78 97 48 226 0 75.80 61.20 
130861 3740 91 77 96 48 223 0 72.44 59.70 
131040 3714 103 83 106 51 243 0 64.09 36.77 
131217 3760 97 81 102 51 236 3 61.59 43.62 
131394 1878 47 144 83 50 275 0 68.15 55.62 
131572 1676 49 184 96 58 335 0 64.65 49.10 
131750 1671 46 175 91 55 319 0 64.65 52.14 
131928 1854 48 147 84 50 279 0 64.63 50.29 
132106 1724 54 184 99 57 339 0 62.56 49.25 
132284 1737 57 190 103 59 351 2 60.33 44.01 
132461 1781 51 168 93 55 315 0 58.24 43.01 
132638 4505 72 109 106 81 297 0 60.20 48.76 
132816 6968 129 127 177 149 456 0 62.83 49.45 
132994 2603 61 144 100 68 311 0 68.70 46.39 
133172 1776 46 154 85 51 288 0 72.86 49.59 
133350 3649 78 75 86 45 209 4 77.83 49.44 
133529 3722 110 86 112 53 254 0 77.49 49.78 
133708 3742 97 77 100 48 228 0 77.47 55.64 
133887 3742 97 77 100 48 228 0 77.91 55.64 
134066 3742 97 77 100 48 228 1 102.41 36.97 
134245 3733 99 79 102 49 234 0 68.70 43.62 
134423 3719 117 91 119 56 269 0 65.35 39.05 
134600 3719 117 91 119 56 271 5 65.09 38.81 
134777 3726 112 89 115 55 262 0 65.48 36.75 
134954 3719 105 86 109 53 250 0 66.74 38.59 
135131 3705 104 85 108 52 249 0 66.61 16.12 
135307 3705 104 85 108 52 248 0 66.61 16.12 
135483 3726 112 89 115 55 262 7 66.18 38.35 
135660 3727 113 89 116 55 264 0 64.91 51.97 
135838 3712 110 88 113 54 258 0 63.10 41.99 
136015 2776 51 90 70 41 203 0 60.47 40.17 
136192 1822 55 170 96 56 322 0 56.00 37.45 
136369 1791 55 176 98 57 331 0 55.71 50.95 
136546 5692 107 134 153 124 415 0 55.42 49.11 
136723 3035 42 138 92 79 306 0 55.40 49.61 
136900 1718 21 171 81 70 316 1 55.42 49.61 
137077 1633 23 168 82 70 312 0 54.25 48.38 
137254 1655 22 168 81 69 311 0 50.01 47.77 
137431 1759 18 155 73 64 286 0 52.55 46.38 
137608 2112 26 102 60 48 207 0 52.56 47.58 
137785 1839 18 164 76 66 301 0 52.55 47.19 
137962 1839 18 164 76 66 301 0 49.16 47.79 
138139 1775 20 169 79 68 311 0 45.46 46.39 
138316 2485 81 147 108 57 316 2 35.68 39.49 
138492 3288 173 248 223 134 613 0 36.36 39.47 
138668 4022 200 285 275 193 763 0 44.47 16.44 
138843 3974 175 251 241 168 669 0 49.01 49.10 
139020 2523 150 218 174 73 472 0 54.40 46.17 
139197 1989 26 118 67 56 238 0 60.76 37.89 
139374 6558 113 125 160 134 422 0 61.01 38.35 
139551 1729 65 209 113 62 383 0 60.59 40.87 
139728 1725 67 217 117 64 396 0 61.30 39.51 
139905 1732 67 216 117 64 395 0 60.88 39.05 
140082 1718 66 216 116 64 395 4 58.36 40.19 
140259 1726 66 215 116 64 394 1 56.13 42.81 
140436 2372 69 168 112 72 352 0 48.84 47.77 
140613 6437 97 108 137 114 362 0 48.82 47.79 
140790 1799 17 152 71 62 281 0 49.16 48.57 
140967 2526 153 223 178 75 484 0 50.18 48.16 
141144 2509 143 213 168 72 460 0 55.42 45.59 
141321 1624 20 144 71 61 271 0 64.23 36.29 
141498 6758 114 122 160 135 420 4 68.54 39.49 
141676 1870 53 156 90 52 296 0 68.27 38.13 
141853 3680 102 86 107 52 248 0 68.27 38.13 
142030 3719 115 91 118 56 268 0 67.85 38.59 
142207 3707 116 90 118 55 267 0 67.69 38.57 
142384 3740 116 90 118 56 267 0 67.71 44.01 
142562 3719 115 91 118 56 268 0 66.18 43.21 
142740 3740 116 90 118 56 268 0 58.11 45.39 
142917 1952 54 151 90 52 292 0 54.06 45.59 
143094 6014 112 132 159 130 424 0 53.89 49.27 
143271 6742 113 120 158 133 415 0 55.08 43.42 
143448 6684 107 116 151 127 397 3 58.11 51.61 
143626 4701 91 135 134 104 375 0 64.38 51.99 
143804 1989 51 141 85 50 276 0 69.22 40.63 
143982 3721 108 86 111 53 254 5 69.79 41.77 
144160 3727 113 89 116 55 264 0 69.79 41.77 
144338 3727 113 89 116 55 264 0 69.85 37.89 
144515 3705 113 90 116 55 264 4 61.03 47.58 
144693 3719 105 86 109 53 251 0 56.56 49.10 
144870 1903 55 161 94 55 309 0 53.21 46.77 
145047 5779 108 134 155 126 417 1 49.01 25.57 
145223 2002 30 141 80 68 285 0 49.50 44.20 
145400 2515 180 257 206 84 557 0 45.87 42.82 
145576 3371 131 185 169 103 464 0 43.67 17.07 
145751 3916 123 168 164 111 452 0 44.46 44.61 
145927 2828 79 113 96 48 262 0 44.47 45.02 
146103 2589 106 157 126 57 344 0 42.89 44.01 
146279 2569 108 160 128 57 348 0 38.20 40.63 
146455 2736 83 126 103 52 284 0 36.36 34.90 
146630 4129 124 174 171 121 474 3 25.31 32.57 
146805 2489 27 149 87 84 318 0 20.57 27.28 
146979 1622 12 161 82 88 327 6 17.41 24.99 
147153 7425 99 130 155 140 429 0 30.57 28.71 
147328 7390 105 130 160 143 436 0 35.44 36.53 
147503 7713 109 133 167 151 454 0 42.67 44.00 
147679 2220 21 141 79 79 296 0 50.01 47.17 
147856 3876 133 193 183 126 510 0 53.91 47.38 
148033 2410 124 205 153 69 432 0 53.74 49.11 
148210 1648 21 157 76 65 293 0 55.59 44.22 
148387 2211 29 116 69 57 240 0 55.42 39.29 
148564 4920 55 88 85 69 221 3 55.44 47.40 
148741 6693 106 120 152 129 405 0 52.90 42.62 
148918 6900 131 139 185 157 485 0 54.74 44.81 
149095 7078 138 145 195 167 512 0 54.59 46.80 
149272 6994 139 146 196 167 515 0 53.91 47.58 
149449 7034 141 147 198 169 518 0 53.91 48.94 
149626 7090 139 147 197 169 518 0 54.74 47.58 
149803 7006 140 148 198 169 520 0 54.43 47.17 
149980 6994 139 146 196 167 515 1 55.40 46.78 
150157 7000 140 147 197 168 516 0 53.57 47.58 
150334 7028 140 146 197 168 516 0 50.86 48.93 
150511 5836 93 133 142 120 397 0 45.87 43.42 
150687 2002 60 177 106 67 348 0 47.85 41.99 
150863 2550 119 177 141 62 384 2 47.45 23.83 
151038 2637 99 143 117 53 317 0 50.35 46.97 
151215 2666 62 108 83 46 238 3 50.69 49.11 
151392 1734 23 122 65 54 236 0 51.70 46.19 
151569 1640 22 133 68 57 253 0 57.53 37.89 
151746 5294 75 130 123 105 358 0 61.44 47.79 
151924 3745 87 152 131 96 380 0 62.29 51.80 
152102 1727 66 213 115 63 390 0 62.70 52.16 
152280 1873 62 176 102 57 333 1 64.23 46.39 
152458 1903 62 172 101 56 326 0 59.77 38.35 
152635 1843 64 185 106 58 347 0 56.42 38.35 
152812 1729 65 211 114 63 386 0 54.74 45.99 
152989 4650 92 136 135 104 378 0 52.55 43.79 
153166 6893 123 132 174 148 458 0 54.59 42.60 
153343 1620 23 155 77 65 293 0 58.65 36.52 
153520 1722 24 130 69 57 252 0 62.56 41.31 
153697 3375 54 74 69 41 234 4 66.45 53.48 
153875 3659 90 80 96 48 227 0 66.59 15.79 
154051 3724 102 81 105 50 240 0 64.23 35.62 
154228 3699 109 87 112 53 255 0 55.86 35.84 
154405 2263 51 118 78 46 243 0 56.56 45.19 
154582 6044 114 135 162 133 434 0 57.68 36.07 
154759 6995 133 137 186 158 485 3 56.85 34.90 
154936 5754 93 114 132 107 356 0 59.21 41.31 
155113 1813 48 155 87 52 293 1 55.74 49.95 
155290 6681 123 129 171 143 447 0 53.57 45.80 
155467 2710 40 143 91 78 310 0 57.41 43.42 
155644 1655 19 141 68 58 262 0 58.51 48.76 
155821 1982 15 153 70 62 279 0 62.99 49.61 
155999 6219 83 100 120 100 321 12 66.04 47.17 
156177 1955 48 148 87 56 290 0 70.21 15.79 
156353 3499 97 95 106 53 256 0 68.97 44.40 
156531 3748 114 88 116 55 263 4 66.32 51.63 
156709 3726 112 89 115 55 262 0 62.42 42.60 
156886 1752 48 165 90 54 306 0 67.71 42.81 
157064 6280 97 108 136 112 358 3 20.59 53.16 
157239 4637 59 115 100 84 298 0 20.59 53.14 
157414 2109 14 152 69 62 278 1 20.59 53.16 
157589 1987 15 151 69 61 276 0 72.69 38.57 
157767 1987 15 151 69 61 276 0 65.18 44.01 
157945 1653 21 130 67 57 251 0 68.12 43.81 
158123 6404 99 106 137 113 358 0 69.26 55.64 
158302 3061 68 148 111 80 338 0 68.12 55.79 
158480 2567 52 109 78 48 233 2 67.29 44.61 
158658 3792 69 72 80 46 199 0 62.97 43.81 
158835 5489 102 132 147 118 400 0 8.07 15.79 
159008 3658 46 120 89 75 281 0 6.14 7.09 
159180 1720 25 130 69 56 251 5 6.14 7.09 
159352 2868 57 90 74 41 209 0 8.07 10.08 
159524 2626 52 102 75 45 224 0 13.48 15.47 
159697 1620 20 135 67 57 254 4 65.62 46.78 
159875 3405 43 115 83 69 264 0 64.79 60.93 
160054 6621 104 109 144 120 376 0 66.86 61.20 
160233 1739 40 148 80 51 276 0 62.70 48.55 
160411 4392 79 129 120 93 343 0 16.46 19.91 
160584 5995 88 109 127 105 342 0 15.83 13.12 
160757 1620 21 146 73 63 278 0 5.18 7.41 
160929 2536 166 237 191 79 517 5 5.18 7.09 
161101 2605 116 167 136 60 372 0 5.18 7.09 
161273 2675 98 140 116 53 316 0 5.51 7.41 
161445 2687 99 141 117 54 319 1 5.51 7.41 
161617 2691 98 140 116 54 317 0 5.49 7.41 
161789 2692 99 139 116 53 315 0 5.18 7.09 
161961 2679 97 139 115 53 314 0 7.43 8.06 
162133 2601 112 163 132 59 361 0 12.12 13.79 
162306 2504 175 252 201 82 544 0 15.83 19.91 
162479 2578 136 193 157 67 423 5 62.97 36.99 
162656 2476 40 119 77 58 252 0 60.18 39.27 
162833 2545 29 105 66 55 225 0 62.70 39.29 
163010 6345 82 92 116 96 304 0 59.65 39.25 
163187 6500 89 97 125 104 327 0 61.03 39.27 
163364 6500 89 97 125 104 327 0 66.18 42.60 
163542 6532 97 103 135 112 351 0 61.71 51.29 
163720 6583 88 90 121 100 313 0 63.94 36.07 
163897 1811 37 133 74 49 255 1 63.10 35.62 
164074 1735 37 143 77 51 268 0 63.53 44.59 
164252 1746 39 144 78 51 271 0 63.95 35.63 
164429 1746 39 144 78 51 270 5 64.23 41.77 
164606 1731 38 145 78 51 271 0 65.08 42.42 
164783 1719 37 146 78 52 274 0 59.64 35.62 
164960 6296 86 98 122 101 324 0 16.78 19.92 
165133 3297 40 115 81 68 262 0 14.82 16.75 
165306 2706 76 147 110 67 326 0 14.48 15.81 
165479 2546 172 243 197 81 531 18 52.90 44.61 
165656 2544 174 244 198 81 532 0 49.52 48.16 
165833 2556 155 221 179 75 484 0 49.50 44.61 
166010 2611 115 164 134 59 362 0 45.47 43.01 
166186 2490 172 250 198 81 537 0 43.49 43.21 
166362 3707 112 151 146 94 416 3 43.28 41.55 
166538 4024 176 254 244 172 678 0 40.70 40.87 
166714 4030 198 283 273 192 758 0 39.56 40.39 
166890 4029 200 286 276 194 765 0 39.32 40.39 
167066 4021 199 282 273 191 757 0 41.62 42.64 
167242 4016 195 278 268 188 744 0 42.67 45.20 
167418 3072 122 180 156 89 431 0 47.04 44.61 
167595 2587 123 176 143 62 388 1 49.16 47.17 
167772 2529 110 168 132 59 361 0 50.00 47.97 
167949 1621 23 150 74 61 281 0 55.73 45.39 
168126 1988 31 141 80 67 284 0 58.36 39.95 
168303 6840 121 130 171 145 450 0 59.60 39.73 
168480 1807 58 178 100 57 334 1 61.30 36.77 
168657 1712 65 215 115 63 392 0 62.68 36.31 
168834 1724 67 219 118 65 400 0 63.10 37.21 
169011 1724 67 219 118 65 401 2 61.03 40.85 
169188 1730 68 220 119 65 402 0 63.38 44.79 
169366 1716 67 220 118 65 402 0 61.98 48.93 
169544 1732 67 218 118 65 399 0 62.27 47.17 
169722 1734 66 214 116 64 393 0 60.88 36.53 
169899 1724 67 219 118 65 401 3 55.57 38.13 
170076 1717 67 218 117 64 398 0 54.23 44.40 
170253 5158 104 146 153 122 423 0 55.85 39.49 
170430 6907 124 134 176 150 462 0 61.42 36.99 
170607 6549 105 116 148 124 389 0 64.48 38.35 
170784 2105 61 164 102 63 328 0 67.57 45.99 
170962 3199 87 103 100 51 255 3 67.42 45.20 
171140 3721 108 86 111 53 253 0 67.56 62.31 
171319 3714 113 88 115 54 261 0 68.00 61.08 
171498 3699 116 92 119 56 271 0 68.00 62.36 
171677 3719 117 91 119 56 271 0 68.00 60.67 
171856 3719 117 91 119 56 271 0 67.17 45.58 
172034 3719 115 91 118 56 269 0 63.12 41.09 
172211 3719 105 86 109 53 252 3 56.27 45.78 
172388 1898 56 161 94 54 308 0 52.38 52.14 
172565 6775 122 129 171 144 448 0 50.85 51.46 
172742 5927 80 104 118 98 323 0 50.86 51.49 
172919 3398 36 89 66 53 209 0 50.85 51.48 
173096 3463 36 88 66 53 208 0 50.86 51.48 
173273 3463 36 88 66 53 208 0 53.57 45.61 
173450 3768 40 85 68 54 208 0 55.74 51.27 
173627 6747 117 123 163 137 427 0 57.82 44.20 
173804 6552 98 105 137 114 359 0 60.32 49.08 
173982 6474 107 119 151 126 399 0 58.38 55.78 
174160 1744 63 200 109 60 368 0 55.86 45.20 
174337 5624 97 122 139 112 376 0 64.36 42.81 
174514 4842 65 122 109 92 324 0 80.48 51.63 
174693 2051 36 125 74 54 250 0 51.37 54.83 
174870 2537 152 221 177 75 479 0 55.71 47.77 
175047 1894 27 114 64 50 226 0 60.76 41.55 
175224 5146 70 122 115 97 333 0 78.10 53.82 
175403 4294 80 125 118 89 333 0 66.72 38.81 
175580 1721 64 212 114 63 388 0 97.53 62.19 
175761 1719 65 214 115 63 391 0 97.97 69.11 
175942 1726 66 215 116 64 393 0 77.49 56.20 
176121 1718 66 216 116 64 394 0 58.67 41.77 
176298 2145 63 165 104 64 332 0 56.00 48.93 
176475 6890 121 126 169 143 442 0 55.73 48.57 
176652 2100 26 110 64 53 224 0 68.00 53.47 
176830 1623 19 131 66 57 251 0 81.91 54.33 
177009 1630 21 132 67 57 250 0 83.40 61.90 
177189 1630 21 134 68 58 255 0 56.85 42.42 
177366 2684 31 100 65 53 216 0 59.62 39.05 
177543 6828 118 123 165 139 432 0 77.11 55.62 
177722 2045 59 160 98 59 315 0 67.13 35.39 
177899 1732 67 216 117 64 395 0 77.20 55.64 
178078 1728 65 213 115 64 391 3 69.33 36.52 
178255 1726 66 215 116 64 393 0 69.31 36.07 
178432 1746 65 207 113 62 381 0 69.31 36.09 
178609 1755 66 206 113 62 379 0 66.86 35.63 
178786 1755 66 206 113 62 379 0 60.47 36.55 
178963 1737 65 210 114 63 385 0 56.13 48.91 
179140 2329 63 152 101 63 316 0 51.87 42.99 
179317 6755 117 124 164 138 430 0 51.53 47.17 
179494 1827 23 119 65 55 235 0 54.26 49.27 
179671 1621 19 135 67 58 256 0 54.91 49.25 
179848 4674 43 67 65 51 185 0 58.63 46.78 
180025 6184 80 93 114 94 302 0 62.81 52.67 
180203 6747 117 123 163 137 425 0 100.62 49.44 
180383 1862 54 160 92 53 304 0 100.69 39.73 
180562 3265 92 103 104 52 260 3 69.16 60.50 
180741 3719 115 91 118 56 269 0 69.22 38.81 
180919 3719 115 91 118 56 268 0 69.22 38.81 
181097 3719 115 91 118 56 268 0 66.16 39.27 
181274 3725 110 89 114 55 261 0 60.72 49.44 
181452 2084 55 139 87 50 276 0 57.68 50.95 
181630 4235 89 144 133 101 379 0 56.56 49.28 
181807 6847 127 131 177 149 460 0 57.10 48.59 
181984 6796 118 124 165 139 430 0 63.39 49.27 
182162 2764 67 150 108 74 332 1 70.09 59.82 
182341 2934 72 105 90 48 245 0 103.09 36.55 
182520 3693 113 89 115 54 262 0 71.79 59.67 
182699 3706 115 90 117 55 266 4 72.61 59.40 
182878 3706 115 90 117 55 265 2 103.26 36.53 
183057 3705 113 90 116 55 265 0 66.72 35.63 
183234 3706 115 90 117 55 266 0 59.35 39.73 
183411 3703 92 80 98 49 231 0 54.89 49.10 
183588 1756 58 188 103 59 348 0 56.56 50.29 
183765 5725 85 105 121 98 325 0 57.39 43.23 
183942 6245 73 83 103 85 275 0 61.44 41.33 
184119 5813 90 111 129 105 348 0 66.04 55.51 
184297 1836 48 150 85 51 284 0 65.48 15.81 
184473 3805 78 70 85 45 204 0 64.09 38.81 
184650 3773 81 71 87 45 207 0 59.76 49.10 
184828 3794 88 75 94 48 221 0 58.36 48.79 
185005 1948 51 145 86 51 280 0 55.86 46.78 
185182 5106 89 124 130 103 359 0 9.76 57.88 
185357 2778 34 112 73 61 244 0 9.08 16.44 
185530 3037 205 206 212 85 437 3 16.46 15.79 
185703 2543 140 203 163 69 443 0 60.33 47.57 
185881 1620 20 138 69 59 262 0 58.92 44.40 
186058 6317 98 115 140 117 373 0 58.09 42.23 
186235 6921 129 131 179 151 465 0 55.59 47.97 
186412 2520 33 128 79 68 272 2 55.73 48.16 
186589 1679 19 152 73 64 284 0 55.86 46.77 
186766 1702 18 153 73 64 285 0 55.86 46.78 
186943 1679 19 154 74 65 288 0 55.86 48.55 
187120 1640 20 154 75 65 288 0 55.86 47.17 
187297 1645 20 154 75 66 288 0 55.86 46.78 
187474 1660 19 155 75 66 288 0 55.74 47.77 
187651 1660 19 155 75 66 289 0 55.85 46.78 
187828 1660 19 155 75 66 289 1 55.74 47.77 
188005 1660 19 155 75 66 289 0 55.88 46.78 
188182 1645 20 156 76 67 292 0 55.86 46.78 
188359 1624 21 156 77 67 293 0 55.74 47.79 
188536 1624 21 156 77 67 294 0 55.85 46.78 
188713 1624 21 156 77 67 294 1 55.74 47.77 
188890 1624 21 156 77 67 294 0 55.86 46.78 
189067 1624 21 156 77 67 294 0 55.86 46.77 
189244 1624 21 156 77 67 294 0 55.86 46.78 
189421 1624 21 156 77 67 294 0 55.74 47.77 
189598 1631 21 157 77 67 294 0 55.85 46.78 
189775 1631 21 157 77 67 294 0 55.86 46.78 
189952 1631 21 157 77 67 294 0 55.85 46.78 
190129 1631 21 157 77 67 294 2 55.74 47.77 
190306 1631 21 157 77 67 294 0 55.85 46.78 
190483 1631 21 157 77 67 294 0 55.85 48.16 
190660 1631 21 157 77 67 294 0 55.85 46.78 
190837 1631 21 157 77 67 294 0 55.86 47.17 
191014 1631 21 157 77 67 295 0 55.86 46.78 
191191 1631 21 157 77 67 295 0 55.86 48.55 
191368 1631 21 157 77 67 295 0 55.86 47.19 
191545 1631 21 157 77 67 295 0 55.86 46.78 
191722 1631 21 157 77 67 295 0 55.86 47.17 
191899 1631 21 157 77 67 295 0 55.86 46.78 
192076 1631 21 157 77 67 295 0 55.86 46.78 
