=~=~=~=~=~=~=~=~=~=~=~= PuTTY log 2025.11.28 18:22:09 =~=~=~=~=~=~=~=~=~=~=~=
ets Jul 29 2019 12:21:46

rst:0x1 (POWERON_RESET),boot:0x13 (SPI_FAST_FLASH_BOOT)
configsip: 0, SPIWP:0xee
clk_drv:0x00,q_drv:0x00,d_drv:0x00,cs0_drv:0x00,hd_drv:0x00,wp_drv:0x00
mode:DIO, clock div:1
load:0x3fff0030,len:4980
load:0x40078000,len:16612
load:0x40080400,len:3480
entry 0x400805b4
Found sensor
Milis - ColorTemp - Lux - R - G - B - C - Pot - UsensA - UsensB

399 6554 54 55 74 61 192 2 58.14 38.13 
576 6554 54 55 74 61 192 0 58.22 52.82 
754 6554 54 55 74 61 192 0 58.22 53.67 
932 6554 54 55 74 61 192 0 58.14 52.82 
1110 6554 54 55 74 61 192 2 58.21 52.82 
1288 6554 54 55 74 61 192 0 58.14 52.84 
1466 6554 54 55 74 61 192 0 58.21 52.82 
1644 6554 54 55 74 61 192 0 58.16 52.82 
1822 6554 54 55 74 61 192 0 58.21 52.82 
2000 6554 54 55 74 61 192 0 58.22 52.82 
2178 6554 54 55 74 61 192 0 58.14 52.82 
2356 6554 54 55 74 61 192 0 58.14 39.27 
2533 6554 54 55 74 61 192 0 58.14 53.65 
2711 6554 54 55 74 61 192 0 58.14 53.67 
2889 6554 54 55 74 61 192 0 58.21 53.67 
3067 6554 54 55 74 61 192 0 58.11 53.67 
3245 6554 54 55 74 61 192 0 58.11 38.81 
3422 6554 54 55 74 61 192 0 58.51 36.77 
3599 6554 54 55 74 61 192 0 58.51 39.29 
3776 6554 54 55 74 61 192 9 58.51 37.23 
3953 6554 54 55 74 61 192 0 58.12 39.27 
4130 6554 54 55 74 61 190 0 58.11 38.81 
4307 6554 54 55 74 61 190 4 58.11 51.14 
4485 6554 54 55 74 61 192 0 58.51 37.67 
4662 6465 53 55 73 60 190 4 58.11 38.83 
4839 6675 52 55 73 61 190 4 58.11 39.25 
5016 6554 54 55 74 61 191 0 58.11 53.31 
5194 6554 54 55 74 61 192 5 58.11 38.83 
5371 6554 54 55 74 61 191 0 58.11 38.83 
5548 6554 54 55 74 61 191 0 58.50 37.23 
5725 6554 54 55 74 61 191 8 58.11 39.27 
5902 6554 54 55 74 61 191 0 58.11 39.27 
6079 6554 54 55 74 61 191 11 58.11 52.80 
6257 6554 54 55 74 61 191 0 58.12 38.83 
6434 6554 54 55 74 61 191 0 58.12 38.83 
6611 6554 54 55 74 61 191 4 58.09 38.81 
6788 6554 54 55 74 61 191 0 58.11 38.83 
6965 6554 54 55 74 61 191 0 58.11 53.67 
7143 6554 54 55 74 61 191 8 58.11 38.85 
7320 6554 54 55 74 61 191 0 58.11 38.83 
7497 6554 54 55 74 61 191 0 58.11 53.67 
7675 6554 54 55 74 61 191 0 58.51 39.73 
7852 6554 54 55 74 61 191 0 58.51 39.73 
8029 6554 54 55 74 61 191 0 58.51 36.77 
8206 6554 54 55 74 61 191 0 58.11 53.69 
8384 6554 54 55 74 61 191 0 58.12 38.81 
8561 6554 54 55 74 61 191 7 58.11 53.67 
8739 6554 54 55 74 61 191 3 58.11 38.83 
8916 6554 54 55 74 61 191 0 58.11 53.67 
9094 6554 54 55 74 61 191 9 58.11 39.27 
9271 6554 54 55 74 61 191 0 58.11 38.81 
9448 6554 54 55 74 61 191 0 58.51 36.77 
9625 6554 54 55 74 61 191 0 58.51 36.77 
9802 6554 54 55 74 61 191 0 58.11 39.27 
9979 6554 54 55 74 61 191 19 58.11 38.81 
10156 6554 54 55 74 61 191 0 58.51 36.75 
10333 6554 54 55 74 61 191 0 58.11 53.65 
10511 6554 54 55 74 61 191 8 58.11 38.83 
10688 6554 54 55 74 61 191 0 58.14 30.79 
10864 6554 54 55 74 61 191 0 58.12 53.69 
11042 6554 54 55 74 61 191 0 58.12 53.65 
11220 6554 54 55 74 61 191 0 58.11 38.83 
11397 6554 54 55 74 61 191 0 58.11 53.65 
11575 6554 54 55 74 61 191 0 58.12 53.67 
11753 6554 54 55 74 61 191 0 58.11 53.67 
11931 6554 54 55 74 61 191 0 58.12 39.27 
12108 6554 54 55 74 61 191 0 58.11 38.81 
12285 6554 54 55 74 61 191 0 56.58 48.96 
12462 6554 54 55 74 61 191 5 56.03 39.97 
12639 6571 54 56 75 62 193 2 55.27 49.61 
12816 6554 54 55 74 61 192 0 18.04 21.49 
12989 6280 48 54 68 56 179 0 17.73 19.91 
13162 3229 33 74 56 42 170 6 16.15 15.79 
13335 3163 33 75 56 42 173 0 15.83 15.79 
13508 3324 34 68 54 39 162 0 14.16 15.49 
13681 3450 42 64 57 37 160 0 14.16 15.79 
13854 3262 58 84 75 45 206 0 44.69 43.42 
14030 3249 56 84 74 45 204 3 10.10 9.74 
14202 3249 54 82 72 44 199 0 9.08 8.06 
14374 3578 46 73 65 44 182 0 40.02 5.49 
14548 4060 51 81 75 55 211 0 40.26 4.52 
14722 4060 51 81 75 55 211 0 39.10 4.22 
14896 4040 49 80 73 54 208 8 39.10 4.52 
15070 3951 48 77 70 51 199 0 39.10 8.06 
15244 3910 28 63 50 41 154 0 39.54 34.12 
15419 3831 27 67 51 43 161 0 4.22 33.61 
15592 3316 27 62 47 36 154 0 4.86 33.35 
15765 3713 28 62 49 39 149 0 35.70 32.83 
15940 5247 34 55 54 45 156 0 32.62 5.49 
16113 6751 40 58 64 57 180 8 31.60 6.77 
16286 7424 42 59 68 62 189 0 30.82 9.40 
16460 7408 42 58 67 61 186 0 26.76 16.12 
16634 7618 40 57 65 60 183 0 9.42 23.56 
16807 3820 35 67 56 43 166 0 11.10 23.56 
16980 2846 34 83 59 43 184 8 24.23 22.69 
17154 2774 35 85 60 43 188 0 15.83 15.79 
17327 2844 35 82 59 42 182 0 18.99 16.75 
17500 3096 34 72 55 39 167 0 18.99 15.81 
17673 3729 42 59 56 37 153 0 11.78 15.81 
17846 3670 60 75 75 46 199 7 10.10 11.10 
18018 3669 66 80 81 49 212 0 6.46 13.12 
18190 3706 57 74 73 46 195 0 13.82 11.76 
18363 7328 29 58 55 53 166 7 4.84 11.08 
18535 7832 28 58 55 54 167 0 10.44 7.74 
18707 7303 28 57 54 52 164 0 10.10 5.49 
18879 4209 29 52 46 36 136 4 6.14 5.49 
19051 3778 30 55 47 35 137 0 4.22 6.44 
19223 3708 31 59 49 37 144 0 3.25 5.17 
19395 3790 31 58 49 37 144 0 3.26 5.17 
19567 3708 31 59 49 37 144 0 4.22 5.17 
19739 3708 31 59 49 37 144 1 4.22 5.17 
19911 3708 31 59 49 37 144 0 4.54 5.49 
20083 3661 30 58 48 36 142 3 10.78 8.06 
20255 4287 27 50 44 35 129 0 9.42 5.49 
20427 5828 27 50 47 42 139 0 9.76 7.41 
20599 5828 27 50 47 42 140 5 6.46 4.52 
20771 4704 28 51 46 38 136 0 6.14 4.54 
20943 3357 32 78 58 46 182 0 6.14 4.52 
21115 3299 32 85 61 50 196 9 6.14 4.52 
21287 3299 32 85 61 50 195 0 8.07 8.38 
21459 3400 32 82 60 49 190 0 14.48 12.78 
21632 4814 28 50 46 38 134 9 17.10 15.79 
21805 3986 45 64 62 43 170 0 10.10 14.47 
21978 3659 63 77 78 47 203 0 8.40 14.47 
22150 3659 63 77 78 47 203 1 5.51 11.44 
22322 3625 64 78 79 47 206 0 6.78 10.76 
22494 4884 31 53 50 41 145 0 12.46 10.42 
22667 4924 28 49 46 38 133 4 12.46 6.77 
22839 5008 27 49 45 38 133 0 12.46 6.77 
23011 5008 27 49 45 38 133 0 13.80 10.42 
23184 5008 27 49 45 38 133 2 10.10 10.42 
23356 5008 27 49 45 38 133 0 6.46 9.74 
23528 5008 27 49 45 38 133 0 5.18 15.81 
23700 4972 29 50 47 39 136 2 16.15 5.81 
23872 5107 28 51 47 40 138 0 53.91 4.20 
24047 3591 32 70 55 43 168 0 54.40 4.84 
24222 3299 32 85 61 50 195 0 53.55 2.92 
24396 3372 32 84 61 50 193 0 28.76 3.25 
24569 3296 33 87 63 51 200 0 25.60 2.92 
24742 3389 33 87 63 52 201 0 25.31 3.25 
24915 3344 32 86 62 51 199 10 27.34 3.25 
25088 3344 32 86 62 51 197 0 24.74 2.28 
25261 3344 32 86 62 51 198 0 23.89 2.28 
25434 3344 32 86 62 51 198 4 25.04 3.57 
25607 3299 32 85 61 50 196 0 20.89 20.86 
25781 3372 32 84 61 50 193 4 4.22 22.42 
25954 3448 34 91 66 55 211 0 10.10 9.74 
26126 3253 35 102 71 60 232 0 22.15 16.13 
26299 3314 37 103 73 61 236 7 15.50 13.80 
26472 3294 35 103 72 61 236 0 15.16 16.12 
26645 3294 35 103 72 61 236 0 15.16 16.44 
26818 3266 33 92 65 54 211 0 17.41 16.12 
26991 3580 25 57 44 35 137 0 15.83 16.44 
27164 3712 33 70 56 44 171 7 16.46 7.09 
27337 3667 36 77 61 48 186 0 15.83 6.77 
27509 3692 34 75 59 47 181 0 10.10 7.74 
27681 3258 35 99 70 58 226 7 10.10 8.04 
27853 4343 30 63 53 44 161 0 10.10 8.06 
28025 5135 29 55 50 43 149 0 10.78 7.09 
28197 5135 29 55 50 43 149 6 10.10 7.09 
28369 4944 30 56 51 43 151 0 9.08 7.11 
28541 3923 33 72 58 47 177 0 10.44 8.38 
28713 3674 35 80 62 50 192 1 14.82 13.45 
28886 5740 28 64 55 51 170 0 20.89 18.00 
29059 5736 38 66 64 56 186 0 28.20 24.99 
29233 3628 84 98 101 59 259 3 31.08 29.50 
29408 2728 32 81 56 41 176 0 30.57 27.28 
29583 8225 41 57 67 63 189 5 38.42 42.01 
29759 8349 43 59 70 66 196 2 33.66 35.87 
29934 2656 31 84 57 42 183 0 29.02 23.83 
30108 2477 32 90 59 43 195 0 23.60 19.91 
30282 2564 33 90 60 44 193 7 23.60 18.97 
30456 3407 64 92 84 52 230 0 25.89 21.81 
30630 3642 105 116 123 70 312 2 29.04 25.28 
30804 3452 69 93 88 53 236 0 27.05 26.42 
30978 2862 30 73 52 38 162 0 28.20 28.97 
31153 6282 37 59 61 54 175 0 29.02 28.99 
31328 6578 36 51 57 50 160 0 29.02 28.99 
31503 6948 37 53 59 53 165 0 29.27 29.24 
31678 6756 38 53 60 53 165 0 32.88 32.84 
31853 5033 31 58 53 45 156 0 38.88 38.39 
32029 3777 33 77 60 49 185 0 44.08 44.03 
32205 3844 56 85 79 55 219 0 51.05 49.79 
32382 3175 46 74 63 39 177 4 53.24 52.31 
32559 2731 30 88 59 46 192 0 52.90 48.96 
32736 2689 30 87 58 45 188 0 54.93 54.18 
32914 2804 37 99 68 52 218 3 54.08 53.82 
33092 2750 31 85 58 44 184 0 50.01 46.80 
33269 2908 32 79 56 42 175 0 23.31 45.59 
33444 2973 71 103 89 48 242 0 21.22 43.62 
33619 2845 95 135 115 58 311 4 18.05 43.23 
33794 3494 77 113 103 66 284 0 16.15 18.02 
33967 4195 101 148 143 104 399 0 15.52 18.04 
34140 4137 77 117 111 81 313 0 14.82 16.12 
34313 4120 66 100 95 69 267 3 16.15 14.13 
34486 3951 32 67 55 44 166 0 15.83 15.49 
34659 3432 24 85 57 52 192 4 13.14 13.80 
34832 3516 23 84 56 52 190 6 15.83 13.79 
35005 3454 21 100 63 62 223 0 13.14 13.79 
35178 3364 21 104 65 64 231 0 42.69 10.42 
35352 3287 23 105 66 64 233 0 11.78 9.74 
35524 3353 23 106 67 65 235 0 51.37 33.61 
35700 3116 22 105 65 63 231 0 36.60 4.52 
35874 3803 25 83 58 53 192 0 36.60 4.84 
36048 7604 42 64 71 66 202 9 44.49 26.15 
36223 11252 58 77 100 101 279 0 32.88 8.74 
36397 9827 54 71 90 88 251 8 42.70 22.69 
36572 8615 55 72 89 84 246 0 5.51 19.30 
36745 8387 55 84 94 90 269 0 7.75 16.44 
36918 1763 27 122 66 50 236 0 7.11 14.47 
37090 2003 28 105 61 46 209 0 11.44 13.46 
37263 2464 40 109 72 51 231 3 16.15 13.12 
37436 3645 110 124 130 75 336 0 16.46 14.81 
37609 3645 110 124 130 75 335 0 20.89 13.46 
37782 3645 110 124 130 75 334 2 17.41 13.12 
37955 3667 110 123 130 75 334 0 19.64 13.12 
38128 3665 108 123 129 75 333 0 19.64 13.11 
38301 3665 108 123 129 75 333 0 19.64 13.12 
38474 3665 108 123 129 75 333 0 16.46 13.79 
38647 3665 108 123 129 75 333 8 16.78 20.54 
38820 3649 131 147 155 89 397 0 20.89 43.23 
38995 3632 146 163 172 98 439 0 16.15 12.78 
39168 3621 104 120 124 72 322 0 18.99 8.38 
39341 3649 95 112 115 68 301 0 16.15 7.74 
39514 3591 129 150 154 89 396 8 14.48 5.81 
39686 3590 187 205 217 121 550 0 15.50 6.77 
39858 3587 186 202 215 119 544 0 15.50 6.77 
40030 3586 185 202 214 119 543 8 15.50 6.78 
40202 3586 185 202 214 119 544 0 14.82 7.09 
40374 3586 185 202 214 119 544 0 14.14 7.41 
40546 3593 185 203 215 120 545 8 13.48 6.77 
40718 3586 180 200 210 118 536 0 10.10 3.89 
40890 3567 180 200 210 117 534 0 5.51 1.97 
41062 6730 51 96 92 86 275 1 4.54 2.92 
41234 4541 49 135 103 94 332 0 4.54 2.92 
41406 2896 68 207 139 114 460 0 4.54 2.92 
41578 2905 70 209 141 115 464 0 4.54 2.92 
41750 2845 70 205 138 111 454 0 4.54 2.92 
41922 2845 70 205 138 111 454 0 6.14 5.17 
42094 2826 68 205 137 111 453 0 11.10 10.08 
42266 3036 63 178 123 100 400 0 10.10 10.42 
42438 12371 36 90 84 91 264 0 11.46 10.42 
42610 12972 38 94 88 96 277 0 6.14 10.42 
42782 12972 38 94 88 96 278 0 11.44 10.42 
42954 12972 38 94 88 96 278 0 4.86 8.38 
43126 12972 38 94 88 96 278 0 6.14 4.52 
43298 13183 37 92 87 95 274 3 6.46 4.20 
43470 3153 62 177 123 102 402 0 6.46 4.20 
43642 2926 69 206 139 114 458 0 6.46 4.22 
43814 2875 69 205 138 112 453 6 6.46 4.20 
43986 2875 69 205 138 112 453 0 6.46 4.22 
44158 2875 69 205 138 112 453 0 6.46 5.17 
44330 2875 69 205 138 112 453 7 6.46 4.20 
44502 2875 69 205 138 112 453 0 7.43 5.49 
44674 2875 69 205 138 112 453 0 7.74 5.49 
44846 2934 67 199 135 110 443 8 7.74 5.81 
45018 3037 65 179 125 100 403 0 7.75 5.81 
45190 3031 65 182 126 102 408 0 7.43 6.46 
45362 3031 65 182 126 102 408 8 7.43 9.06 
45534 3009 64 181 125 101 406 0 7.11 10.76 
45706 12518 36 105 91 100 284 0 13.48 9.74 
45879 8913 40 93 85 87 296 8 10.10 10.08 
46051 6057 41 85 77 71 233 0 16.46 10.76 
46224 6306 41 85 77 72 234 0 10.10 10.08 
46396 5442 43 82 75 66 222 4 15.83 17.39 
46569 3629 91 111 112 67 291 0 16.46 16.44 
46742 3608 102 122 124 73 320 0 16.15 17.71 
46915 3132 59 113 89 61 262 0 15.83 17.07 
47088 1799 27 113 62 46 216 0 15.83 16.13 
47261 1750 26 115 62 46 219 6 23.02 26.72 
47435 2507 36 112 72 56 237 0 27.90 28.17 
47609 8851 100 122 158 149 431 0 28.20 28.46 
47783 8937 103 125 163 154 444 0 28.76 28.99 
47958 8937 103 125 163 154 445 0 31.86 33.86 
48133 8481 81 113 134 127 376 0 37.74 40.87 
48309 2322 19 135 76 77 285 0 45.08 47.99 
48486 4013 134 194 186 131 517 0 49.35 45.61 
48663 2566 145 207 168 71 455 1 59.91 38.13 
48840 2294 53 131 86 54 270 0 59.92 37.21 
49017 1722 24 130 69 57 253 0 49.01 43.62 
49194 2102 37 127 76 56 257 4 43.28 45.20 
49370 2539 148 213 171 72 464 0 35.92 39.05 
49546 3318 139 201 181 110 499 2 29.55 30.77 
49721 3674 71 171 130 107 409 0 18.05 21.50 
49894 7748 67 127 125 121 373 6 14.16 16.44 
50067 4293 55 122 99 84 303 0 15.83 22.41 
50240 1832 33 139 77 58 272 0 15.52 22.41 
50413 1683 27 128 67 50 241 0 16.15 22.69 
50586 1659 27 126 65 47 232 0 16.46 20.55 
50759 1645 25 131 67 51 245 4 27.62 17.37 
50933 1704 30 140 74 56 267 0 15.83 18.02 
51106 3400 37 86 65 51 200 0 17.41 19.28 
51279 8203 66 88 106 99 295 0 20.28 25.86 
51453 10954 80 101 134 134 371 0 20.26 25.84 
51627 10730 83 102 137 136 377 7 18.99 24.97 
51801 11043 82 101 136 136 376 0 16.78 15.81 
51974 10717 84 103 138 137 380 0 12.46 16.12 
52147 4682 53 105 91 77 271 0 10.76 16.44 
52320 1644 27 137 70 53 256 0 14.14 16.76 
52493 1629 23 127 64 49 236 8 16.78 18.34 
52666 1657 26 130 67 50 243 0 22.73 29.48 
52840 5937 55 101 96 86 283 0 36.14 37.21 
53015 8173 55 98 101 98 297 0 42.06 44.01 
53191 3911 62 121 101 79 302 0 46.67 49.11 
53368 3320 128 186 167 102 461 0 50.88 45.41 
53545 2477 78 149 108 59 318 0 50.86 44.01 
53722 2374 26 94 58 47 196 0 50.86 44.01 
53899 2549 25 85 54 44 183 0 50.52 44.81 
54076 2495 26 85 54 43 182 6 55.61 45.99 
54253 2624 26 83 54 43 179 0 59.79 44.22 
54430 5632 65 83 94 76 254 0 60.49 44.63 
54607 1698 36 138 73 46 255 0 58.82 49.62 
54785 2042 41 123 74 49 245 0 54.08 55.51 
54963 6748 106 108 146 122 378 0 49.18 48.93 
55140 2691 32 105 68 56 227 0 40.26 42.23 
55316 2563 125 189 150 68 412 0 37.74 37.65 
55492 3940 139 202 192 134 534 5 24.74 25.28 
55666 3347 25 122 76 75 270 0 19.94 19.91 
55839 7634 57 83 94 87 266 0 19.31 20.23 
56012 10730 83 102 137 136 377 0 19.31 20.55 
56186 10742 83 101 136 135 373 0 19.31 20.23 
56359 10742 83 101 136 135 374 1 19.94 21.49 
56533 10710 81 100 134 133 369 0 32.88 31.30 
56708 7902 62 79 97 89 266 6 33.40 32.06 
56883 3311 24 80 54 48 181 0 33.40 32.57 
57058 3019 22 92 58 54 202 6 33.39 32.06 
57233 3019 22 92 58 54 202 0 32.62 32.06 
57408 3019 22 92 58 54 202 5 33.39 32.06 
57583 3019 22 92 58 54 202 0 33.40 29.75 
57758 3083 24 89 58 52 197 5 34.68 25.28 
57933 6159 51 74 80 69 223 0 35.46 25.28 
58108 7029 58 77 90 80 247 5 23.02 24.43 
58282 7029 58 77 90 80 247 0 24.23 24.70 
58456 6372 52 71 80 69 221 5 26.47 44.01 
58631 3969 28 75 56 49 180 0 28.48 29.48 
58806 2718 18 117 68 69 251 3 28.76 31.30 
58981 2810 17 126 72 76 271 0 30.57 31.04 
59156 2983 19 113 67 68 246 5 32.88 32.06 
59331 3428 21 94 60 58 210 0 35.44 35.14 
59506 3832 25 89 61 57 205 5 38.88 35.63 
59682 8290 45 66 76 72 215 0 39.80 36.07 
59858 12798 64 82 111 115 309 0 43.89 45.00 
60034 12357 64 81 110 113 305 0 61.46 55.66 
60212 10876 55 71 93 93 259 0 48.45 50.46 
60389 7946 51 69 82 76 229 3 48.84 49.95 
60566 7305 46 64 74 67 208 0 43.49 49.10 
60743 7419 48 65 76 69 212 0 42.50 44.03 
60919 12345 63 80 108 111 300 0 40.70 44.39 
61095 7345 37 79 73 71 223 0 37.50 40.65 
61271 3163 20 107 65 65 235 0 37.04 38.61 
61447 3251 19 103 63 63 227 0 33.39 36.53 
61622 4060 144 208 200 142 555 4 31.86 34.12 
61797 4093 153 221 213 152 591 0 27.61 29.22 
61971 3197 101 149 131 78 362 6 25.33 27.88 
62145 2750 92 127 108 50 293 0 21.84 23.27 
62319 2456 79 151 109 59 321 4 21.84 22.42 
62493 1832 27 137 75 63 271 0 18.68 19.28 
62666 1718 24 138 73 63 270 0 18.36 18.97 
62839 2557 27 97 61 51 208 0 17.73 17.07 
63012 4699 44 76 70 57 203 0 17.08 17.07 
63185 6897 117 116 161 135 414 0 17.10 17.07 
63358 6995 124 122 171 144 440 0 17.10 17.07 
63531 6995 124 122 171 144 440 0 17.10 17.08 
63704 6995 124 122 171 144 440 5 17.10 17.07 
63877 6995 124 122 171 144 440 0 16.15 16.12 
64050 7076 127 123 174 147 448 0 15.50 15.15 
64223 6978 134 132 184 155 474 0 15.50 15.13 
64396 6966 133 130 182 153 468 0 15.50 15.15 
64569 7059 132 130 182 154 469 2 15.52 15.15 
64742 6966 133 130 182 153 469 0 14.82 14.47 
64915 7023 131 130 181 153 468 0 15.84 13.79 
65088 5346 100 127 142 112 383 2 16.15 15.81 
65261 1680 44 174 91 58 320 0 16.15 15.79 
65434 1689 45 173 91 57 318 0 16.15 15.81 
65607 1680 45 172 90 56 315 0 16.15 15.81 
65780 1680 45 172 90 56 315 0 16.15 15.79 
65953 1680 45 172 90 56 315 6 55.59 57.60 
66131 1673 43 171 89 57 313 0 55.08 57.34 
66309 1839 42 142 80 52 271 0 54.94 56.75 
66487 1954 41 122 72 45 239 2 54.93 56.76 
66665 1978 41 121 72 45 236 0 54.93 56.76 
66843 2002 41 120 72 45 235 0 55.27 51.14 
67020 2002 41 120 72 45 235 1 55.74 52.48 
67198 1708 47 171 91 56 315 0 55.59 51.29 
67375 1692 49 184 97 60 339 0 54.93 57.44 
67553 1683 49 185 97 60 338 2 18.36 15.81 
67726 1990 42 126 75 48 248 0 12.12 9.74 
67898 1684 42 164 86 55 301 0 8.74 7.11 
68070 1674 42 167 87 55 306 1 4.54 5.49 
68242 2362 42 100 67 42 209 0 5.49 5.49 
68414 3767 72 68 80 43 193 0 5.51 5.49 
68586 3727 90 79 96 49 226 4 6.48 6.14 
68758 3754 88 78 95 49 224 0 11.12 12.10 
68931 3550 70 76 81 44 202 0 14.16 16.44 
69104 1747 35 133 72 48 250 0 14.48 16.44 
69277 6801 94 96 130 109 337 0 17.41 20.55 
69450 7116 112 105 152 128 387 4 18.68 21.81 
69624 6740 92 95 128 107 331 0 18.36 22.12 
69798 2921 24 63 44 34 141 0 19.31 28.99 
69972 2967 25 63 45 34 142 0 18.99 27.28 
70146 4965 44 60 63 49 173 0 18.99 27.30 
70320 5492 53 63 74 58 196 0 18.05 20.55 
70493 5468 53 62 73 57 194 0 15.83 21.18 
70666 6319 78 81 107 87 277 2 16.46 18.02 
70839 7175 119 112 162 137 414 0 14.84 15.81 
71012 7168 118 111 161 136 410 0 15.52 15.47 
71185 6991 105 102 144 121 370 3 15.83 13.46 
71358 5700 65 79 92 74 247 0 10.10 13.46 
71531 2170 35 101 63 42 205 0 7.75 8.06 
71703 2260 38 99 64 41 205 0 7.11 7.74 
71875 1718 42 157 84 53 291 0 7.11 7.11 
72047 2594 43 91 65 41 197 0 7.11 7.11 
72219 3701 82 75 89 46 212 13 7.11 6.77 
72391 3666 81 73 87 44 206 0 7.74 7.41 
72563 3674 78 71 84 43 200 0 10.42 13.45 
72736 3618 74 71 81 42 196 0 14.82 16.12 
72909 1780 39 136 75 47 257 0 15.83 14.13 
73082 1936 38 118 69 44 230 2 15.83 16.75 
73255 2185 35 97 61 40 197 0 15.83 15.15 
73428 6149 71 81 100 82 266 0 14.16 13.79 
73601 2212 37 101 64 42 293 3 13.82 33.34 
73775 1819 39 134 75 48 255 0 7.11 8.72 
73947 1811 43 145 81 51 275 0 7.75 15.79 
74120 3739 97 85 104 53 244 0 7.11 15.79 
74293 3694 103 87 108 53 251 0 7.43 15.81 
74466 3707 102 88 108 54 252 7 7.43 21.81 
74639 3714 99 86 105 53 246 0 9.08 9.74 
74811 3635 82 82 92 49 224 0 12.46 27.57 
74985 1692 39 148 78 49 273 0 13.14 14.47 
75158 1761 39 141 77 49 264 0 14.48 15.81 
75331 1890 35 115 66 43 222 1 14.48 17.07 
75504 1859 35 120 68 45 230 0 29.53 28.97 
75679 2124 37 109 67 45 219 5 29.02 29.48 
75854 1768 35 128 70 46 242 0 29.02 29.75 
76029 1784 35 129 71 47 244 0 27.34 25.86 
76203 1738 37 139 75 49 261 0 26.47 25.86 
76377 2144 36 103 64 42 208 0 26.18 27.30 
76551 2220 37 99 63 41 203 0 27.34 28.44 
76725 2072 39 111 68 43 221 0 17.41 31.28 
76899 1886 35 117 67 44 227 7 34.44 36.07 
77074 4939 53 74 77 60 213 0 33.39 36.77 
77249 7048 100 94 136 114 347 5 16.15 35.85 
77423 6415 76 78 104 85 270 0 29.53 35.39 
77598 2210 38 110 69 47 225 6 25.60 28.97 
77772 1757 36 136 74 49 255 0 20.26 18.97 
77945 1744 39 144 78 50 270 0 17.73 16.44 
78118 1760 46 161 88 55 302 0 17.08 15.79 
78291 1663 46 178 92 56 324 0 17.10 15.79 
78464 1678 48 178 93 56 324 7 16.46 16.12 
78637 1736 46 159 86 52 296 0 16.46 16.12 
78810 1776 56 179 99 57 333 0 16.15 16.75 
78983 1737 57 190 103 59 351 0 18.36 17.07 
79156 1798 54 170 95 55 319 0 17.73 16.44 
79329 2016 51 136 83 48 268 0 16.78 16.75 
79502 1933 50 144 85 50 278 0 18.68 16.44 
79675 1951 51 143 85 50 277 0 21.54 20.23 
79849 2020 47 128 78 46 253 5 16.15 27.57 
80023 2696 57 135 95 66 295 0 17.73 28.97 
80197 6504 97 105 136 113 355 2 16.15 28.71 
80371 6786 119 120 164 137 423 0 15.83 25.28 
80545 6840 121 122 167 140 431 0 26.18 24.41 
80719 6524 105 110 145 120 378 0 15.83 25.28 
80893 6897 129 133 180 152 467 0 17.73 30.00 
81067 6743 111 115 154 129 401 0 22.75 33.61 
81241 6103 83 96 117 96 310 0 22.44 33.35 
81415 1655 20 124 64 55 240 3 17.73 22.13 
81589 1682 22 134 70 61 262 0 15.83 17.70 
81762 2361 26 102 62 52 214 0 16.15 15.15 
81935 6425 100 108 139 115 363 0 16.15 15.13 
82108 6128 78 89 110 90 291 0 16.15 15.15 
82281 6511 90 98 126 105 334 5 15.83 15.13 
82454 6522 90 99 127 106 336 0 14.82 14.47 
82627 6511 90 98 126 105 333 0 14.82 14.47 
82800 6369 86 95 121 100 320 0 14.82 14.47 
82973 6357 86 94 120 99 317 0 14.82 14.47 
83146 6357 86 94 120 99 316 0 14.82 14.47 
83319 6357 86 94 120 99 317 4 13.12 14.13 
83492 6357 86 94 120 99 316 0 9.76 10.42 
83664 6339 90 98 125 103 330 7 4.54 2.92 
83836 2628 62 150 104 72 325 0 4.22 6.14 
84008 2798 76 119 97 52 269 0 4.22 6.14 
84180 3739 114 90 117 56 267 1 4.54 6.14 
84352 3760 113 89 116 56 264 0 5.51 4.84 
84524 3727 113 89 116 55 263 0 5.49 3.57 
84696 3727 113 89 116 55 263 0 5.17 2.92 
84868 3727 113 89 116 55 263 0 6.46 3.89 
85040 3761 114 89 117 56 266 0 9.42 2.92 
85212 3719 115 91 118 56 268 0 60.88 3.57 
85387 3728 91 79 97 49 227 0 59.91 5.81 
85562 3776 63 63 72 40 178 0 7.43 62.32 
85737 3742 79 72 86 45 206 0 11.80 15.81 
85910 3736 98 82 103 51 238 0 60.47 51.29 
86088 3736 98 82 103 51 239 0 62.15 51.80 
86266 3734 109 87 112 54 255 2 65.08 51.80 
86444 3712 110 88 113 54 258 0 65.35 50.61 
86622 3738 88 77 94 48 221 0 61.30 51.61 
86800 3739 114 90 117 56 266 0 59.08 51.63 
86978 3743 82 72 88 45 208 0 58.11 51.14 
87156 3773 79 71 86 45 204 0 58.24 50.78 
87334 3748 112 88 115 55 262 0 57.82 50.78 
87512 3727 113 89 116 55 263 0 56.69 50.80 
87689 3727 113 89 116 55 264 0 56.56 50.80 
87866 3748 112 88 115 55 262 0 56.58 50.80 
88043 3748 112 88 115 55 261 0 56.54 50.80 
88220 3748 112 88 115 55 261 0 56.56 51.29 
88398 3748 112 88 115 55 261 4 56.54 51.29 
88576 3748 112 88 115 55 261 0 56.56 50.78 
88753 3748 112 88 115 55 261 0 56.54 51.29 
88931 3748 112 88 115 55 261 3 56.13 51.48 
89108 3748 112 88 115 55 261 0 56.15 51.46 
89285 3714 113 88 115 54 260 0 56.15 51.46 
89462 3735 112 87 114 54 259 0 56.13 51.46 
89639 3735 112 87 114 54 259 0 56.13 50.98 
89816 3735 112 87 114 54 259 0 56.01 51.31 
89993 3735 112 87 114 54 259 0 55.88 50.97 
90170 3785 114 91 118 58 268 0 55.86 51.80 
90347 3758 116 97 122 61 283 5 55.86 50.95 
90524 3782 117 99 124 63 288 0 55.74 50.97 
90701 3803 116 98 123 63 290 0 55.73 51.12 
90878 3737 117 98 123 61 286 0 55.73 51.14 
91055 3710 115 93 119 57 273 0 55.74 51.12 
91232 3730 114 92 118 57 269 2 56.71 51.63 
91410 3751 113 91 117 57 267 0 57.97 51.80 
91588 3734 110 87 113 54 257 0 59.50 50.29 
91766 3729 105 84 108 52 247 3 61.32 49.25 
91944 3782 70 66 78 42 187 0 61.98 50.30 
92122 3739 89 77 95 48 223 0 60.89 49.47 
92300 3728 103 84 107 52 245 0 58.94 50.95 
92478 3746 96 80 101 50 233 0 58.79 50.10 
92656 3748 112 88 115 55 261 0 56.42 49.27 
92833 3740 116 90 118 56 267 0 56.29 49.27 
93010 3758 105 89 111 56 258 0 54.42 48.93 
93187 3786 86 80 95 51 228 0 17.08 50.78 
93362 3739 114 90 117 56 267 0 16.13 49.62 
93537 3739 114 90 117 56 267 0 14.14 48.38 
93712 3744 93 80 99 50 232 0 13.80 47.01 
93887 3765 102 84 107 53 247 0 16.15 45.41 
94062 3766 90 76 95 48 222 0 15.83 49.13 
94237 2252 39 101 65 42 206 0 8.06 64.43 
94412 2258 36 95 61 40 195 0 7.11 34.12 
94586 1962 38 121 71 47 237 0 5.81 32.32 
94759 1898 38 127 73 48 246 0 4.86 31.28 
94932 1917 39 128 74 49 250 2 59.77 49.61 
95110 2459 35 88 59 40 186 0 56.56 61.39 
95288 2913 34 74 55 38 167 0 53.06 3.89 
95463 5368 121 138 164 126 433 0 49.16 3.25 
95637 5829 80 93 112 90 296 0 44.86 4.52 
95811 2756 32 90 61 47 198 0 45.66 9.74 
95985 2838 96 136 116 58 313 0 15.83 15.81 
96158 2838 99 139 119 59 320 0 17.41 18.33 
96331 2838 99 139 119 59 320 5 22.15 44.79 
96506 2838 99 139 119 59 320 0 40.90 43.23 
96682 2838 96 136 116 58 314 1 40.92 42.42 
96858 3874 82 118 112 77 309 0 40.92 16.12 
97033 4181 101 147 142 103 394 0 37.52 39.49 
97209 4139 100 147 141 102 393 0 34.68 35.87 
97384 4116 76 113 108 78 300 0 33.39 34.90 
97559 3672 26 89 61 56 188 0 32.88 35.63 
97734 3573 26 90 61 56 205 0 30.06 31.02 
97909 3954 28 83 60 54 195 0 26.47 27.57 
98083 9572 46 62 77 75 214 0 25.89 27.30 
98257 9487 45 61 75 73 210 0 25.60 23.85 
98431 9155 46 60 75 72 208 6 22.44 26.15 
98605 4794 35 62 57 47 167 0 21.52 24.41 
98779 2551 33 92 61 45 196 8 20.89 24.70 
98953 2429 30 90 58 43 190 0 20.26 23.85 
99127 2393 32 91 59 42 193 0 16.46 18.97 
99300 2567 35 96 64 47 206 0 15.83 16.44 
99473 3478 61 88 81 51 221 0 15.16 16.44 
99646 3603 85 99 102 59 262 0 13.14 15.13 
99819 3603 85 99 102 59 262 4 13.82 14.13 
99992 3620 71 88 88 53 229 0 12.78 13.45 
100165 3687 45 63 60 39 163 5 8.38 10.08 
100337 4336 33 53 50 38 141 0 8.74 9.74 
100509 5107 28 51 47 40 139 0 8.38 9.74 
100681 5223 28 50 47 40 137 5 9.08 10.08 
100853 5223 28 50 47 40 137 0 6.46 4.22 
101025 4972 29 50 47 39 138 0 0.00 15.49 
102195 3634 71 86 87 52 226 0 0.00 4.22 
103364 6220 28 55 51 47 154 5 0.00 15.79 
104534 3733 45 59 58 37 156 0 0.00 8.38 
105703 8411 27 58 55 55 170 0 0.00 20.86 
106873 3416 32 85 62 51 197 0 25.02 28.71 
107047 3344 32 86 62 51 197 4 27.32 50.61 
107223 3344 32 86 62 51 198 0 17.08 49.61 
107398 3354 31 81 59 48 188 3 49.67 52.50 
107575 3687 32 64 52 40 156 0 38.64 39.27 
107751 3398 31 85 61 51 197 0 61.86 48.91 
107929 4775 31 62 54 46 161 0 48.03 40.41 
108105 5830 28 54 50 45 149 0 49.18 40.41 
108281 3676 50 65 64 40 169 3 49.18 40.41 
108457 3730 35 51 48 32 132 0 47.85 41.55 
108633 3801 34 50 47 32 130 0 46.44 42.82 
108809 3731 43 59 57 37 153 0 46.05 42.43 
108985 3687 52 68 67 42 177 0 46.87 42.01 
109161 3613 52 68 66 41 176 0 47.65 41.53 
109337 3613 52 68 66 41 176 0 42.69 40.65 
109513 3687 52 68 67 42 177 0 43.88 56.64 
109690 4095 42 61 59 42 162 0 16.15 16.44 
109863 6814 30 61 57 54 172 1 47.85 19.28 
110038 6462 30 57 54 50 161 0 49.16 42.82 
110215 5879 33 63 59 53 175 4 49.16 43.03 
110392 6792 28 55 52 49 156 0 18.68 18.95 
110565 6901 32 56 56 52 159 2 18.36 15.81 
110738 5403 30 54 51 44 147 0 17.08 15.81 
110911 5724 30 55 52 46 152 0 13.80 15.79 
111084 6999 32 62 59 56 177 0 10.78 30.26 
111258 4957 30 53 49 41 143 0 52.22 27.57 
111434 5089 29 54 49 42 146 0 7.43 24.41 
111607 3850 31 62 51 40 154 0 7.11 24.12 
111780 3836 31 59 50 38 148 2 6.14 22.42 
111953 3649 33 74 58 46 179 0 4.22 15.79 
112125 3479 39 99 73 60 231 0 4.86 16.12 
112297 3434 47 123 90 74 287 6 6.14 16.44 
112469 3293 44 119 85 70 273 0 5.51 16.44 
112641 3295 42 117 83 69 268 0 3.25 6.77 
112813 3229 50 139 98 81 317 0 3.26 18.65 
112985 3205 56 160 112 93 364 0 5.49 14.13 
113157 3331 76 181 135 106 423 0 9.76 11.10 
113329 3817 198 280 267 180 737 0 8.06 11.76 
113501 3826 203 287 274 185 756 0 6.14 11.10 
113673 3823 200 281 269 181 742 0 9.76 15.49 
113846 3562 119 218 182 132 536 0 0.00 43.42 
115017 7795 27 56 53 52 161 0 43.28 43.01 
115193 7638 27 57 53 52 162 0 44.88 35.39 
115369 7638 27 57 53 52 162 0 44.86 35.39 
115545 7638 27 57 53 52 162 0 37.50 43.83 
115721 7638 27 57 53 52 162 0 37.50 42.43 
115897 7638 27 57 53 52 162 1 37.06 43.81 
116073 7638 27 57 53 52 162 0 42.69 43.81 
116249 7638 27 57 53 52 162 0 44.88 35.39 
116425 7638 27 57 53 52 162 0 44.86 35.39 
116601 7638 27 57 53 52 162 0 37.06 43.79 
116777 7638 27 57 53 52 162 0 37.04 42.45 
116953 7638 27 57 53 52 162 0 37.49 42.43 
117129 7638 27 57 53 52 162 0 37.49 43.83 
117305 7638 27 57 53 52 162 0 37.50 42.43 
117481 7638 27 57 53 52 162 3 37.49 43.83 
117657 7638 27 57 53 52 162 0 15.69 43.42 
