=~=~=~=~=~=~=~=~=~=~=~= PuTTY log 2025.11.28 18:30:45 =~=~=~=~=~=~=~=~=~=~=~=
ets Jul 29 2019 12:21:46

rst:0x1 (POWERON_RESET),boot:0x13 (SPI_FAST_FLASH_BOOT)
configsip: 0, SPIWP:0xee
clk_drv:0x00,q_drv:0x00,d_drv:0x00,cs0_drv:0x00,hd_drv:0x00,wp_drv:0x00
mode:DIO, clock div:1
load:0x3fff0030,len:4980
load:0x40078000,len:16612
load:0x40080400,len:3480
entry 0x400805b4
Found sensor
Milis - ColorTemp - Lux - R - G - B - C - Pot - UsensA - UsensB

399 6258 48 53 67 55 175 0 59.65 39.49 
576 6258 48 53 67 55 175 0 59.65 41.09 
753 6258 48 53 67 55 175 0 60.08 40.19 
930 6258 48 53 67 55 175 0 59.67 41.09 
1107 6258 48 53 67 55 175 0 59.65 40.19 
1284 6258 48 53 67 55 175 2 59.67 40.63 
1461 6258 48 53 67 55 175 0 59.69 39.73 
1638 6258 48 53 67 55 175 0 59.67 40.63 
1815 6258 48 53 67 55 175 5 60.08 40.63 
1992 6258 48 53 67 55 175 0 59.69 40.61 
2169 6258 48 53 67 55 175 0 59.67 40.61 
2346 6258 48 53 67 55 175 0 60.06 38.57 
2523 6258 48 53 67 55 175 0 60.64 38.35 
2700 6258 48 53 67 55 175 7 60.08 41.09 
2877 6258 48 53 67 55 175 0 60.06 41.09 
3054 6258 48 53 67 55 175 0 59.67 40.63 
3231 6258 48 53 67 55 175 0 59.65 40.19 
3408 6258 48 53 67 55 175 0 59.67 41.09 
3585 6334 48 52 67 55 175 7 60.08 40.63 
3762 6103 48 51 66 53 171 0 59.65 40.65 
3939 6236 47 52 66 54 172 0 60.06 40.65 
4116 6236 47 52 66 54 173 15 59.65 41.09 
4293 6236 47 52 66 54 172 0 59.24 40.19 
4470 6236 47 52 66 54 173 0 59.24 40.63 
4647 6126 49 52 67 54 174 0 59.24 40.63 
4824 6334 48 52 67 55 174 0 59.24 40.65 
5001 6334 48 52 67 55 174 5 59.62 41.09 
5178 6334 48 52 67 55 174 0 59.62 41.09 
5355 6334 48 52 67 55 174 0 59.21 40.63 
5532 6334 48 52 67 55 174 0 59.64 40.65 
5709 6334 48 52 67 55 174 0 59.64 41.09 
5886 6334 48 52 67 55 174 0 60.20 38.83 
6063 6334 48 52 67 55 174 0 59.62 41.09 
6240 6334 48 52 67 55 174 0 59.62 41.11 
6417 6334 48 52 67 55 174 8 59.62 41.09 
6594 6334 48 52 67 55 174 0 60.18 39.27 
6771 6334 48 52 67 55 174 0 60.18 39.27 
6948 6334 48 52 67 55 174 0 59.76 39.27 
7125 6334 48 52 67 55 174 0 60.04 38.59 
7302 6334 48 52 67 55 174 2 59.64 41.09 
7479 6334 48 52 67 55 174 0 59.65 40.19 
7656 6334 48 52 67 55 174 0 59.21 40.65 
7833 6334 48 52 67 55 174 3 59.64 40.19 
8010 6126 49 52 67 54 174 0 60.04 39.03 
8187 6126 49 52 67 54 174 0 60.04 41.53 
8364 6126 49 52 67 54 174 0 59.64 41.11 
8541 6126 49 52 67 54 174 0 60.18 38.83 
8718 6126 49 52 67 54 174 7 59.62 41.11 
8895 6126 49 52 67 54 174 0 60.18 39.25 
9072 6334 48 52 67 55 174 0 60.18 39.27 
9249 6334 48 52 67 55 174 0 60.18 39.27 
9426 6334 48 52 67 55 174 0 59.76 39.27 
9603 6126 49 52 67 54 174 0 59.74 39.27 
9780 6126 49 52 67 54 174 0 60.18 39.27 
9957 6334 48 52 67 55 174 0 60.18 38.81 
10134 6334 48 52 67 55 174 7 60.04 38.59 
10311 6126 49 52 67 54 174 0 59.64 41.53 
10488 6334 48 52 67 55 174 0 59.64 41.09 
10665 6334 48 52 67 55 174 0 60.18 38.81 
10842 6126 49 52 67 54 174 0 59.65 41.55 
11019 6126 49 52 67 54 174 5 60.60 39.27 
11196 6126 49 52 67 54 174 0 60.18 39.27 
11373 6126 49 52 67 54 174 0 60.20 39.27 
11550 6126 49 52 67 54 174 2 60.20 39.71 
11727 6126 49 52 67 54 174 0 60.20 39.27 
11904 6126 49 52 67 54 174 0 59.64 41.11 
12081 6126 49 52 67 54 174 0 59.23 40.63 
12258 6126 49 52 67 54 174 0 60.04 41.53 
12435 6126 49 52 67 54 174 8 59.76 39.71 
12612 6126 49 52 67 54 174 0 59.76 39.71 
12789 6126 49 52 67 54 174 0 60.18 39.71 
12966 6126 49 52 67 54 174 0 59.74 40.17 
13143 6126 49 52 67 54 174 0 59.74 39.73 
13320 6126 49 52 67 54 174 1 59.74 39.71 
13497 6126 49 52 67 54 174 0 59.76 39.73 
13674 6126 49 52 67 54 174 0 59.76 39.73 
13851 6126 49 52 67 54 174 8 60.18 39.71 
14028 6126 49 52 67 54 174 0 60.18 39.73 
14205 6126 49 52 67 54 174 0 60.03 39.03 
14382 6126 49 52 67 54 174 0 59.62 39.49 
14559 6126 49 52 67 54 174 0 59.62 41.55 
14736 6126 49 52 67 54 174 3 59.74 39.71 
14913 6126 49 52 67 54 174 0 59.19 41.53 
15090 6126 49 52 67 54 174 0 59.64 41.53 
15267 6126 49 52 67 54 174 5 59.23 41.07 
15444 6126 49 52 67 54 174 0 59.64 41.55 
15621 6126 49 52 67 54 174 0 58.51 40.63 
15798 6148 49 53 68 55 176 0 56.29 43.79 
15975 6441 55 55 75 61 192 0 57.26 44.61 
16152 6554 54 55 74 61 190 4 20.89 22.98 
16326 6170 50 54 69 56 179 0 20.89 53.99 
16502 3947 33 56 50 37 144 4 20.89 53.99 
16678 3955 32 56 49 37 143 0 17.73 18.33 
16851 3680 32 61 51 38 150 7 17.41 17.70 
17024 3205 33 76 57 43 174 0 17.41 17.70 
17197 3056 32 75 55 41 169 0 17.41 17.70 
17370 2984 33 75 55 40 169 0 17.41 17.70 
17543 3056 32 75 55 41 169 0 17.41 17.70 
17716 3056 32 75 55 41 169 0 17.41 17.70 
17889 3056 32 75 55 41 169 0 16.15 16.75 
18062 3167 35 77 58 43 177 0 16.15 16.44 
18235 3235 30 67 51 38 156 6 15.16 15.15 
18408 3222 31 61 48 34 143 0 15.50 14.45 
18581 3322 50 76 67 42 185 0 15.83 13.79 
18754 3289 55 81 72 44 198 0 15.83 13.79 
18927 3249 56 84 74 45 204 0 47.24 16.12 
19102 3249 54 82 72 44 199 5 48.25 11.76 
19277 3262 58 84 75 45 205 0 46.24 9.40 
19451 3249 54 82 72 44 198 7 47.63 10.74 
19626 3441 43 66 59 38 163 0 45.66 8.06 
19800 3459 40 62 55 36 153 3 42.30 7.41 
19974 3839 42 65 60 42 167 0 42.69 7.74 
20148 4074 44 69 64 47 180 0 40.48 4.84 
20322 4032 48 74 69 50 193 0 42.67 6.44 
20496 3999 63 100 92 67 259 0 39.56 37.23 
20672 3909 54 101 86 66 254 0 10.44 35.63 
20846 3856 42 93 74 60 225 0 5.81 36.31 
21020 3588 30 84 61 52 192 0 6.14 32.06 
21193 3507 30 85 61 52 195 0 65.35 31.53 
21370 3655 28 83 59 52 192 0 65.77 30.26 
21547 3751 29 71 54 45 169 0 35.68 4.52 
21721 5357 34 59 56 48 164 0 4.86 29.48 
21894 7375 41 56 65 59 180 0 2.94 28.97 
22067 6056 36 52 56 48 158 2 7.43 25.86 
22240 3697 35 75 60 47 181 0 7.11 36.99 
22414 2330 30 92 58 43 191 0 9.42 36.77 
22588 2602 35 97 65 48 209 0 9.76 35.39 
22762 2734 37 96 66 49 208 0 9.42 33.85 
22936 2864 36 85 61 44 189 3 23.31 29.73 
23110 3699 56 71 71 44 188 0 18.05 48.14 
23285 3624 97 110 115 66 293 5 40.00 15.79 
23459 4240 56 77 77 55 209 0 16.78 21.49 
23632 10445 30 67 64 67 199 0 21.22 27.28 
23806 11765 27 61 59 63 183 0 30.57 34.37 
23981 4355 46 69 67 50 187 0 55.86 39.27 
24158 3595 65 82 81 49 214 0 40.70 52.12 
24335 2881 34 79 57 41 176 4 43.66 43.81 
24511 3072 47 103 77 56 235 0 42.48 39.03 
24687 2984 33 75 55 40 168 0 16.46 36.55 
24861 3373 29 57 46 33 135 0 16.46 18.33 
25034 3494 46 70 63 41 174 6 16.46 19.28 
25207 3636 76 91 93 55 240 0 16.15 34.87 
25381 3629 80 93 96 56 247 0 16.15 32.06 
25555 3608 78 92 94 55 243 0 36.14 16.12 
25729 3727 66 80 82 50 214 0 16.15 16.44 
25902 3616 103 117 122 70 312 4 13.80 15.79 
26075 3592 98 113 117 67 299 0 11.10 45.80 
26250 3604 93 109 112 65 287 0 7.43 18.97 
26423 4049 46 66 64 45 176 0 8.74 16.76 
26596 8905 29 64 60 61 185 0 16.46 8.72 
26769 10230 30 70 66 69 205 5 17.10 8.72 
26942 12043 28 69 65 70 205 0 15.83 7.09 
27115 13016 25 60 58 63 181 0 15.83 7.74 
27288 18402 20 52 50 57 160 0 35.44 6.46 
27462 9701 30 67 64 66 198 0 31.33 7.74 
27635 11517 27 63 60 64 188 3 15.83 13.12 
27808 11277 27 65 61 65 192 0 15.83 14.47 
27981 6855 29 57 54 51 163 0 13.82 16.76 
28154 10309 29 67 63 66 198 0 9.76 16.44 
28327 9920 34 79 74 77 231 0 12.12 12.78 
28500 10332 36 85 79 83 248 0 8.07 6.77 
28672 9753 35 82 76 79 237 0 5.18 4.54 
28844 4541 109 174 165 129 474 0 8.06 7.74 
29016 3830 189 265 254 171 701 0 14.16 13.79 
29189 5551 63 116 108 95 322 0 19.64 19.60 
29362 7253 32 68 63 61 193 0 25.02 25.84 
29536 4305 48 71 69 51 192 0 31.86 33.08 
29711 3659 83 100 102 61 264 0 16.15 39.71 
29885 3574 108 124 128 73 327 2 45.27 45.41 
30061 3678 109 124 130 76 333 0 10.42 50.61 
30236 3614 89 102 106 61 271 0 16.78 55.64 
30411 3618 72 85 87 51 225 0 20.89 46.78 
30586 3656 56 72 71 44 187 0 21.52 45.61 
30761 3647 50 64 63 39 167 0 16.46 55.66 
30936 3627 50 66 64 40 171 0 16.46 37.69 
31110 3656 56 72 71 44 188 0 12.12 51.82 
31285 3633 61 76 76 46 200 4 12.12 49.44 
31460 3646 75 89 91 54 235 0 25.89 28.71 
31634 3657 84 97 101 59 259 5 21.52 48.37 
31809 3648 86 99 103 60 264 0 51.02 18.95 
31984 3667 77 90 93 55 240 5 60.20 17.37 
32160 3633 101 113 119 68 303 0 60.20 17.70 
32336 3642 105 116 123 70 312 0 63.95 17.70 
32512 3605 104 116 122 69 310 0 62.27 17.70 
32688 3605 104 116 122 69 310 0 64.36 17.70 
32864 3605 104 116 122 69 310 0 51.37 18.65 
33039 3605 104 116 122 69 310 0 53.57 29.22 
33215 3633 101 113 119 68 304 0 56.29 54.84 
33393 7222 27 54 51 49 189 0 56.01 54.99 
33571 8373 25 54 51 51 157 0 35.68 35.38 
33746 8393 26 56 53 53 162 0 61.05 22.41 
33922 6686 28 57 53 50 159 0 49.16 24.41 
34097 5915 28 52 49 44 145 0 48.04 43.62 
34274 5126 27 48 45 38 132 0 49.01 42.42 
34451 3880 33 49 46 32 127 6 49.18 49.44 
34628 3801 34 50 47 32 130 0 68.00 16.12 
34804 3967 32 48 45 32 125 0 19.96 16.12 
34977 3801 34 50 47 32 130 0 20.89 22.41 
35151 3660 41 57 54 35 147 6 20.89 18.97 
35325 3698 43 58 56 36 150 0 19.94 17.07 
35498 3720 41 56 54 35 146 0 26.18 22.69 
35672 3572 36 55 50 33 139 0 35.44 48.93 
35848 3308 33 65 52 37 153 0 55.98 43.79 
36025 4271 29 45 43 32 120 0 56.42 53.47 
36203 4613 27 41 40 31 113 0 56.29 40.17 
36380 4608 29 42 42 32 116 0 26.76 61.35 
36556 3911 33 58 51 38 147 0 24.74 29.73 
36730 3259 34 69 54 39 161 0 73.66 69.29 
36910 3383 36 69 56 40 165 0 47.63 43.40 
37087 3427 33 60 50 35 146 0 46.26 45.80 
37264 3704 37 53 50 33 137 0 49.01 44.39 
37441 3627 50 66 64 40 171 0 60.76 43.81 
37618 3618 53 68 67 41 177 0 59.81 19.28 
37794 3687 52 68 67 42 177 0 37.96 57.15 
37971 3763 42 60 57 38 155 0 59.77 56.63 
38149 4412 32 54 50 39 143 2 59.62 43.01 
38326 5247 29 54 50 43 147 0 56.56 29.48 
38502 4794 30 51 48 39 139 0 53.06 30.00 
38678 3948 44 60 59 40 160 0 20.89 24.41 
38852 3629 80 93 96 56 248 0 17.41 22.69 
39026 3620 82 95 98 57 253 0 18.68 47.97 
39201 3637 82 96 99 58 255 0 52.87 15.79 
39376 3620 82 95 98 57 253 0 16.76 30.77 
39550 3617 76 90 92 54 237 4 53.24 29.48 
39726 3622 59 73 73 44 192 0 47.63 47.38 
39903 3626 78 93 95 56 245 0 44.27 45.99 
40079 3648 92 104 109 63 278 0 44.88 46.77 
40256 3648 86 99 103 60 265 0 48.62 48.93 
40433 3697 76 89 92 55 239 4 15.83 54.15 
40608 3208 35 64 52 35 151 0 16.15 16.12 
40781 2794 29 69 49 35 152 2 53.23 53.97 
40958 2774 28 72 50 37 158 0 49.01 49.44 
41135 2818 30 72 51 37 159 0 43.28 49.45 
41312 3139 34 68 53 37 158 0 24.45 19.60 
41486 3662 85 100 103 61 266 0 22.15 17.70 
41660 3654 124 140 147 85 374 0 23.89 18.97 
41834 3685 88 104 107 64 278 0 30.04 32.04 
42009 3471 84 121 111 70 303 0 35.21 37.67 
42184 2594 30 86 57 43 184 0 40.70 52.99 
42361 9061 44 59 73 70 202 0 48.04 47.21 
42538 5388 32 69 60 54 183 0 55.10 44.59 
42715 3776 30 77 58 49 183 5 55.73 44.00 
42892 4000 53 82 76 55 214 0 58.38 46.38 
43069 4066 49 78 72 53 203 0 59.21 51.82 
43247 4011 49 79 72 53 205 0 58.65 48.93 
43424 4066 49 78 72 53 205 0 57.97 50.78 
43602 4041 46 74 68 50 192 0 56.85 49.45 
43779 4112 62 96 90 66 253 0 56.58 54.99 
43957 4061 63 97 91 66 254 0 56.56 54.67 
44135 4055 54 84 78 57 218 0 58.79 55.49 
44313 4008 51 82 75 55 212 0 57.82 55.17 
44491 4060 51 81 75 55 211 0 58.40 52.99 
44669 4126 53 78 75 54 210 0 51.70 50.59 
44846 4149 65 98 93 68 260 0 49.18 48.74 
45023 4148 80 118 113 82 315 0 46.26 46.56 
45200 4156 78 118 112 82 313 0 43.30 43.20 
45376 3225 61 89 79 47 216 0 40.24 40.41 
45552 2788 87 125 105 52 285 0 39.56 21.18 
45727 2715 111 160 133 63 359 0 38.18 20.54 
45902 2718 105 150 125 59 338 0 17.73 16.12 
46075 2746 105 151 126 61 341 0 15.83 16.75 
46248 2662 90 136 110 53 300 1 13.14 15.79 
46421 3114 85 125 109 63 300 0 8.06 5.49 
46593 4075 115 168 161 115 449 0 30.82 30.50 
46768 4090 145 211 203 145 564 0 31.35 31.01 
46943 4080 145 210 202 144 561 0 30.04 31.01 
47118 4080 145 210 202 144 561 0 31.33 31.28 
47293 4080 145 210 202 144 561 0 15.50 35.39 
47467 4076 125 181 174 124 483 0 16.46 19.28 
47640 2896 91 135 114 61 314 0 16.15 16.12 
47813 2615 119 174 141 64 383 5 15.16 16.44 
47986 2710 98 145 119 58 325 0 14.82 15.47 
48159 3298 71 100 91 54 249 4 35.68 35.85 
48334 3358 71 101 92 56 253 0 16.46 17.37 
48507 3891 63 90 86 59 239 0 35.68 35.39 
48682 3957 52 75 72 50 199 0 50.01 35.39 
48858 3957 52 75 72 50 199 0 36.82 17.07 
49032 3957 52 75 72 50 199 0 37.28 35.39 
49207 3957 52 75 72 50 199 0 16.78 33.61 
49381 3957 54 78 75 52 209 0 35.68 34.58 
49556 4031 98 140 135 95 372 0 35.68 15.81 
49730 4083 92 131 127 90 350 0 29.27 32.32 
49905 4080 94 134 130 92 359 0 16.46 12.10 
50078 4079 135 197 189 135 525 6 16.15 11.42 
50251 4090 145 211 203 145 565 0 27.32 11.42 
50424 4082 142 207 199 142 553 0 27.34 16.44 
50598 4082 142 207 199 142 553 0 25.31 6.78 
50771 4103 144 209 201 144 560 0 24.74 7.11 
50944 4088 148 214 206 147 572 6 24.74 7.09 
51117 4077 146 210 203 144 563 0 25.60 8.36 
51290 4100 146 212 204 146 567 0 21.84 24.72 
51464 4100 146 212 204 146 568 0 15.83 19.91 
51637 3981 106 160 150 107 420 0 11.12 54.99 
51812 2932 29 127 79 74 278 2 3.89 10.08 
51984 1824 15 139 74 77 286 0 11.44 5.49 
52156 6001 59 96 97 85 280 0 10.10 5.49 
52328 6730 78 101 118 103 325 5 8.40 7.41 
52500 6730 78 101 118 103 326 0 8.06 8.72 
52672 6730 78 101 118 103 326 0 7.43 8.38 
52844 6730 78 101 118 103 326 6 7.43 8.38 
53016 6730 78 101 118 103 326 0 8.38 7.09 
53188 6730 78 101 118 103 326 0 8.07 12.44 
53360 6791 78 101 119 104 327 6 9.76 16.75 
53533 5767 56 109 100 90 300 0 9.08 16.12 
53706 1620 13 149 76 80 301 0 10.10 28.95 
53879 1620 13 151 77 81 304 0 10.10 28.97 
54052 1620 12 151 77 82 305 0 10.10 29.73 
54225 1620 13 151 77 81 305 0 8.06 15.79 
54398 1629 12 152 77 82 307 0 7.11 33.86 
54572 1620 13 159 81 86 322 0 9.08 16.12 
54745 4445 40 115 86 79 279 3 8.38 15.79 
54918 6814 79 103 121 106 334 0 5.18 36.29 
55092 6631 75 98 114 99 315 0 7.43 30.51 
55265 6566 94 116 139 119 376 0 7.43 5.17 
55437 6912 114 139 170 148 459 0 9.08 5.81 
55609 7034 115 141 172 151 467 4 7.43 4.52 
55781 7034 115 141 172 151 467 0 15.83 6.14 
55953 6985 113 140 170 149 461 0 7.43 6.14 
56125 7027 114 140 171 150 464 0 9.08 4.52 
56297 6927 115 141 172 150 465 0 15.50 9.40 
56470 6978 113 139 169 148 458 0 14.82 13.11 
56643 6451 73 99 112 97 309 6 16.46 12.43 
56816 1620 12 147 75 79 298 0 12.46 35.39 
56990 1625 12 148 75 79 298 0 7.74 30.00 
57163 1704 15 149 78 81 304 0 5.51 9.74 
57335 6771 92 117 139 121 379 0 7.11 9.74 
57507 7174 123 148 184 162 498 0 7.11 11.08 
57679 7229 121 146 181 160 491 0 5.51 9.74 
57851 7177 119 144 178 157 483 0 11.12 13.12 
58024 6955 111 136 166 145 449 0 15.50 15.49 
58197 4347 35 111 80 75 265 0 16.46 15.79 
58370 1680 14 142 74 77 288 0 16.15 15.15 
58543 3543 26 70 51 43 164 6 7.11 16.12 
58716 2469 19 110 64 62 234 0 7.43 29.48 
58889 1643 14 151 78 82 307 0 9.08 4.20 
59061 6935 102 127 153 134 417 1 9.08 4.52 
59233 7292 124 150 186 165 505 0 9.10 4.20 
59405 7056 119 150 180 159 505 0 9.08 4.52 
59577 7167 123 147 183 161 489 5 9.08 4.52 
59749 7180 124 149 185 163 501 0 9.08 4.20 
59921 7189 120 146 180 159 488 0 16.46 8.38 
60094 6615 92 114 136 117 369 4 15.83 13.79 
60267 1811 16 139 74 76 285 0 20.26 16.12 
60440 1827 15 131 70 71 268 0 16.46 13.45 
60613 1877 16 132 71 72 272 0 15.50 6.77 
60785 1768 14 140 74 77 288 0 7.43 9.40 
60957 6963 112 137 167 146 454 0 9.08 8.72 
61129 7192 125 151 187 165 507 0 9.10 8.06 
61301 7135 122 148 183 161 495 0 9.08 9.40 
61473 7189 120 146 180 159 489 0 17.41 13.80 
61646 6712 86 109 129 112 352 0 28.19 17.07 
61820 1715 14 143 75 78 291 0 48.43 24.14 
61995 3835 91 163 140 105 411 0 17.41 20.55 
62168 4003 163 236 226 159 628 0 17.73 21.81 
62341 4051 94 135 130 92 359 1 60.04 26.43 
62517 2681 112 163 134 63 364 0 38.88 30.80 
62692 2577 120 175 141 62 384 5 31.59 32.32 
62867 2300 34 109 68 51 226 0 33.15 33.10 
63042 2489 28 93 59 47 198 4 32.37 33.10 
63217 2177 27 106 63 51 219 0 34.68 37.45 
63392 2263 28 106 64 52 219 4 37.96 41.75 
63568 2363 28 97 60 48 203 0 43.08 47.17 
63744 4223 36 68 59 47 174 0 45.66 46.39 
63921 8003 81 71 111 97 280 0 45.27 46.97 
64098 7936 84 72 114 99 286 0 50.18 51.12 
64275 7422 74 66 100 85 252 2 54.57 51.61 
64452 7837 70 61 96 83 241 0 52.87 51.63 
64629 6112 46 51 64 52 169 0 23.02 50.27 
64804 7196 62 60 86 73 220 0 50.69 20.55 
64979 7982 79 67 107 93 269 0 21.84 19.28 
65153 8175 77 66 106 93 267 0 15.50 15.81 
65326 8115 76 66 105 92 264 5 43.88 44.61 
65502 7448 75 69 103 88 262 0 15.83 42.43 
65677 7942 89 76 121 105 303 2 13.14 16.44 
65850 7998 90 77 123 107 309 0 15.83 16.76 
66023 8063 87 76 120 105 303 0 45.07 43.83 
66199 8058 87 75 119 104 302 0 44.06 44.01 
66375 8058 87 75 119 104 301 4 45.27 44.61 
66551 8000 85 74 117 102 294 0 43.88 44.00 
66727 8069 83 73 114 100 288 0 43.88 43.21 
66903 7424 71 67 98 84 249 0 12.46 11.42 
67076 6974 64 64 89 75 229 5 12.46 11.76 
67249 7295 88 82 120 102 305 0 42.48 9.74 
67423 7467 91 84 125 107 318 0 10.10 9.06 
67595 7372 98 90 134 114 339 0 10.10 39.05 
67769 5992 119 122 159 126 412 0 7.43 36.99 
67943 4893 137 163 184 136 488 1 7.11 41.77 
68117 4832 134 162 180 133 481 0 6.46 36.07 
68291 4954 129 156 175 131 467 1 5.18 38.81 
68465 5583 116 128 157 122 411 0 4.86 36.07 
68639 5901 114 121 154 122 402 5 4.86 36.31 
68813 6356 110 110 148 120 382 0 5.81 36.99 
68987 7212 95 88 129 109 328 0 5.51 37.21 
69161 5595 54 60 73 57 306 0 3.89 36.53 
69335 5835 60 67 83 66 218 0 3.26 36.07 
69508 5342 56 70 79 62 213 5 5.81 36.07 
69682 4834 51 70 73 56 201 0 5.18 34.12 
69855 6393 77 81 106 87 277 0 5.18 33.61 
70028 6309 71 74 97 79 251 0 6.78 33.35 
70202 6042 64 70 88 71 231 0 4.22 31.55 
70375 7038 110 106 151 127 385 3 4.86 45.78 
70549 7128 117 111 160 135 409 0 4.86 55.64 
70724 6938 104 101 142 119 365 2 4.54 26.71 
70897 5059 56 87 86 70 244 0 18.05 42.43 
71072 1686 21 130 68 59 253 0 15.83 2.92 
71244 1925 27 123 69 57 245 0 15.83 2.92 
71416 2544 95 158 121 60 343 0 7.74 4.84 
71588 2542 153 218 176 73 475 0 5.17 3.25 
71760 2529 153 221 177 74 480 0 5.18 4.84 
71932 2560 114 171 136 61 374 0 5.18 3.25 
72104 2564 114 169 135 60 370 0 8.38 6.77 
72276 2514 151 218 174 72 473 0 15.50 13.11 
72449 2540 143 205 165 69 446 0 19.64 16.12 
72622 2626 128 185 151 68 410 2 18.68 16.42 
72795 2646 118 171 140 64 382 0 15.50 14.79 
72968 2755 115 165 138 67 375 0 14.48 16.76 
73141 2548 155 220 178 74 479 2 15.50 59.53 
73317 2543 146 210 169 71 458 0 3.57 29.22 
73490 3291 120 172 155 93 426 6 9.08 10.42 
73662 4048 192 276 266 188 738 0 15.83 14.13 
73835 4053 197 283 273 193 757 0 15.83 14.79 
74008 4069 196 282 272 193 755 0 15.83 17.37 
74181 4069 196 282 272 193 755 0 15.83 26.42 
74355 4060 197 281 272 192 754 0 15.83 28.95 
74529 4069 196 282 272 193 755 0 46.26 29.73 
74705 4069 196 282 272 193 756 0 51.37 45.59 
74882 3678 114 165 154 102 427 0 55.10 39.27 
75059 2504 170 244 195 79 526 7 16.15 18.97 
75232 2537 140 200 161 67 435 0 22.15 22.12 
75406 2161 47 135 84 56 275 5 57.12 27.00 
75582 1904 24 115 64 54 230 0 29.78 30.51 
75757 6182 76 88 108 89 286 1 29.02 28.73 
75932 7130 113 107 154 130 394 0 65.21 29.48 
76109 6884 102 100 140 117 359 0 60.88 47.99 
76287 6412 94 101 131 108 341 0 44.28 55.81 
76464 5599 65 85 95 77 256 0 43.08 49.61 
76641 6815 115 116 159 133 411 0 45.66 49.27 
76818 6871 117 118 162 136 420 0 46.05 55.90 
76995 6771 118 118 162 135 420 0 44.86 30.26 
77171 6771 118 118 162 135 421 1 48.99 38.37 
77347 6838 117 119 162 136 422 0 55.73 41.55 
77524 4884 76 112 113 89 316 0 70.92 49.44 
77702 1773 37 133 73 47 251 0 50.35 50.12 
77879 2360 33 85 56 37 178 0 68.27 52.16 
78057 1851 38 127 72 46 243 0 125.02 62.46 
78239 6977 125 125 173 146 448 0 61.71 56.75 
78417 6948 127 124 174 146 448 0 55.74 52.48 
78595 6911 126 124 173 145 446 0 50.35 45.80 
78772 5105 73 104 108 86 299 3 49.67 38.81 
78948 1681 38 149 78 50 274 0 55.74 41.31 
79125 1705 38 145 77 49 268 0 58.51 42.01 
79302 3388 62 75 74 41 191 0 66.20 40.41 
79479 3693 78 72 85 44 203 0 63.14 36.75 
79656 2469 49 106 74 45 225 0 61.59 36.07 
79833 1687 41 158 83 52 291 0 59.35 42.43 
80010 1725 40 151 81 52 281 0 57.82 42.81 
80187 6412 94 101 131 108 341 4 55.86 55.66 
80365 6937 118 116 162 136 417 0 55.59 43.60 
80542 6991 120 118 165 139 424 0 51.87 44.39 
80719 5983 85 108 124 103 336 10 51.03 45.78 
80896 1655 20 124 64 55 238 0 52.04 49.10 
81073 2209 25 97 58 47 199 0 20.57 47.99 
81248 2591 118 174 140 63 381 0 16.46 43.59 
81423 2559 147 212 171 73 463 0 16.13 40.85 
81598 2837 125 181 153 78 417 0 16.46 40.17 
81772 4088 148 214 206 147 571 0 16.46 40.17 
81946 4080 145 210 202 144 563 0 16.46 40.19 
82120 4080 145 210 202 144 561 3 40.92 40.88 
82296 4103 144 209 201 144 560 0 15.83 39.71 
82470 4070 144 209 201 143 559 4 15.16 33.61 
82644 4068 147 212 204 145 567 0 15.16 17.07 
82817 4103 144 209 201 144 560 0 18.05 17.70 
82990 3662 99 143 133 88 368 0 17.73 17.70 
83163 2734 82 121 100 49 274 0 15.83 16.12 
83336 2643 111 162 132 61 359 6 15.50 15.49 
83509 3006 74 109 94 52 259 0 13.48 16.12 
83682 4010 126 187 177 126 494 0 12.46 14.79 
83855 4036 136 199 190 135 528 0 11.78 14.47 
84028 4100 146 212 204 146 568 0 11.44 12.10 
84201 4106 148 213 206 147 572 0 10.78 12.43 
84374 4076 149 216 208 148 579 0 15.83 12.44 
84547 4078 147 213 205 146 571 0 15.50 13.79 
84720 4068 147 212 204 145 567 4 8.74 37.65 
84894 4088 148 214 206 147 572 0 8.74 38.13 
85068 4057 137 201 192 137 535 0 6.14 9.40 
85240 3927 93 144 133 95 374 0 8.06 8.38 
85412 3904 71 127 110 83 320 0 9.76 8.38 
85584 2799 16 121 69 73 261 0 9.08 8.04 
85756 2941 16 120 69 73 259 0 7.11 33.34 
85930 2941 16 120 69 73 259 0 6.14 2.92 
86102 2799 16 121 69 73 261 4 11.44 4.22 
86274 5024 33 94 72 68 236 0 15.16 26.43 
86448 6853 54 71 83 73 228 0 13.14 15.79 
86621 6924 54 70 83 73 226 0 15.83 18.02 
86794 6924 54 70 83 73 227 0 15.83 18.63 
86967 6970 56 73 86 76 235 0 21.84 20.54 
87141 2394 32 109 68 54 228 0 16.78 15.49 
87314 3368 109 150 139 83 375 0 13.80 10.42 
87487 3987 90 117 118 79 317 3 7.11 5.81 
87659 5430 46 117 95 89 300 0 7.11 5.81 
87831 3007 72 201 139 112 452 0 9.08 5.49 
88003 2985 68 199 136 111 446 4 15.16 10.42 
88176 4011 49 134 100 88 322 0 9.76 15.79 
88349 4874 57 91 88 71 251 0 16.76 15.79 
88522 3523 131 154 156 89 403 0 17.41 19.60 
88695 1943 27 103 59 44 204 0 18.36 20.23 
88868 2586 24 62 42 30 133 6 18.36 20.21 
89041 2597 22 61 41 30 131 0 18.36 21.49 
89214 2597 22 61 41 30 131 0 18.36 21.49 
89387 2597 22 61 41 30 131 0 18.36 21.49 
89560 2597 22 61 41 30 131 0 18.36 21.49 
89733 2597 22 61 41 30 131 0 18.36 21.49 
89906 2597 22 61 41 30 131 0 18.36 21.49 
90080 2597 22 61 41 30 132 0 18.36 21.49 
90253 2597 22 61 41 30 132 0 18.36 21.49 
90427 2597 22 61 41 30 132 0 18.36 22.69 
90601 2597 22 61 41 30 132 0 18.36 22.69 
90775 2597 22 61 41 30 132 0 18.36 21.49 
90948 2597 22 61 41 30 132 0 18.36 21.49 
91122 2597 22 61 41 30 132 0 18.36 21.49 
91295 2597 22 61 41 30 132 0 18.36 21.49 
91469 2597 22 61 41 30 132 5 18.36 21.49 
9