=~=~=~=~=~=~=~=~=~=~=~= PuTTY log 2025.11.28 18:10:12 =~=~=~=~=~=~=~=~=~=~=~=
67.47 
67.47 
67.47 
67.47 
67.47 
67.47 
67.47 
67.47 
67.47 
67.47 
67.47 
67.47 
67.47 
67.47 
67.47 
67.47 
67.47 
67.47 
67.47 
67.47 
67.47 
67.47 
67.47 
67.47 
67.47 
67.47 
67.47 
67.47 
67.47 
67.47 
67.47 
67.47 
67.47 
67.47 
67.47 
67.47 
67.47 
67.47 
67.47 
67.47 
67.47 
67.47 
67.47 
67.47 
67.47 
67.47 
67.47 
67.47 
67.47 
67.47 
67.47 
67.47 
67.47 
67.47 
67.47 
67.47 
67.47 
67.47 
67.47 
67.47 
67.47 
67.47 
67.47 
67.47 
67.47 
67.47 
67.47 
67.47 
67.47 
67.47 
67.47 
67.47 
67.47 
67.47 
67.47 
67.47 
67.47 
67.47 
67.47 
67.47 
67.47 
67.47 
67.47 
67.47 
67.47 
67.47 
67.47 
67.47 
67.47 
67.47 
67.47 
67.47 
67.47 
ets Jul 29 2019 12:21:46

rst:ets Jul 29 2019 12:21:46

rst:ets Jul 29 2019 12:21:46

rst:ets Jul 29 2019 12:21:46

rst:ets Jul 29 2019 12:21:46

rst:ets Jul 29 2019 12:21:46

rst:ets Jul 29 2019 12:21:46

rst:ets Jul 29 2019 12:21:46

rst:ets Jul 29 2019 12:21:46

rst:ets Jul 29 2019 12:21:46

rst:ets Jul 29 2019 12:21:46

rst:ets Jul 29 2019 12:21:46

rst:ets Jul 29 2019 12:21:46

rst:ets Jul 29 2019 12:21:46

rst:ets Jul 29 2019 12:21:46

rst:ets Jul 29 2019 12:21:46

rst:ets Jul 29 2019 12:21:46

rst:ets Jul 29 2019 12:21:46

rst:ets Jul 29 2019 12:21:46

rst:ets Jul 29 2019 12:21:46

rst:ets Jul 29 2019 12:21:46

rst:ets Jul 29 2019 12:21:46

rst:ets Jul 29 2019 12:21:46

rst:ets Jul 29 2019 12:21:46

rst:ets Jul 29 2019 12:21:46

rst:ets Jul 29 2019 12:21:46

rst:ets Jul 29 2019 12:21:46

rst:ets Jul 29 2019 12:21:46

rst:ets Jul 29 2019 12:21:46

rst:ets Jul 29 2019 12:21:46

rst:ets Jul 29 2019 12:21:46

rst:ets Jul 29 2019 12:21:46

rst:0x1 (POWERON_RESET),boot:0x13 (S0x1 (POWERON_RESET),boot:0x13 (S0x1 (POWERON_RESET),boot:0x13 (S0x1 (POWERON_RESET),boot:0x13 (S0x1 (POWERON_RESET),boot:0x13 (S0x1 (POWERON_RESET),boot:0x13 (S0x1 (POWERON_RESET),boot:0x13 (S0x1 (POWERON_RESET),boot:0x13 (S0x1 (POWERON_RESET),boot:0x13 (S0x1 (POWERON_RESET),boot:0x13 (S0x1 (POWERON_RESET),boot:0x13 (S0x1 (POWERON_RESET),boot:0x13 (S0x1 (POWERON_RESET),boot:0x13 (S0x1 (POWERON_RESET),boot:0x13 (S0x1 (POWERON_RESET),boot:0x13 (S0x1 (POWERON_RESET),boot:0x13 (S0x1 (POWERON_RESET),boot:0x13 (S0x1 (POWERON_RESET),boot:0x13 (S0x1 (POWERON_RESET),boot:0x13 (S0x1 (POWERON_RESET),boot:0x13 (S0x1 (POWERON_RESET),boot:0x13 (S0x1 (POWERON_RESET),boot:0x13 (S0x1 (POWERON_RESET),boot:0x13 (S0x1 (POWERON_RESET),boot:0x13 (S0x1 (POWERON_RESET),boot:0x13 (S0x1 (POWERON_RESET),boot:0x13 (S0x1 (POWERON_RESET),boot:0x13 (SPI_FAST_FLASH_BOOT)
configsip: 0, SPIWP:0xee
clk_drv:0x00,q_drv:0x00,d_drv:0x00,cs0_drv:0x00,hd_drv:0x00,wp_drv:0x00
mode:DIO, clock div:1
load:0x3fff0030,len:4980
load:0x40078000,len:16612
load:0x40080400,len:3480
entry 0x400805b4
Found sensor
Milis - ColorTemp - Lux - R - G - B - C - Pot - UsensA - UsensB

399 3705 113 90 116 55 266 0 67.15 65.96 
578 3705 113 90 116 55 266 0 67.15 65.93 
757 3705 113 90 116 55 266 0 67.61 66.37 
936 3705 113 90 116 55 266 0 67.17 65.54 
1115 3705 113 90 116 55 266 0 68.02 65.94 
1294 3705 113 90 116 55 266 0 67.59 65.94 
1473 3705 113 90 116 55 266 0 68.02 65.93 
1652 3705 113 90 116 55 266 0 67.59 65.52 
1831 3705 113 90 116 55 266 0 67.17 65.50 
2010 3705 113 90 116 55 266 0 67.15 68.17 
2189 3705 113 90 116 55 266 0 68.44 66.91 
2368 3705 113 90 116 55 266 0 72.61 71.09 
2548 3705 113 90 116 55 266 0 75.82 61.81 
2727 3705 113 90 116 55 266 0 73.85 68.07 
2907 3705 113 90 116 55 266 0 68.17 66.93 
3086 3705 113 90 116 55 266 0 61.73 60.25 
3264 3705 113 90 116 55 266 1 58.94 56.78 
3442 3705 113 90 116 55 266 0 59.91 57.17 
3620 3705 113 90 116 55 266 0 60.49 56.76 
3798 3705 113 90 116 55 266 0 59.23 56.90 
3976 3705 113 90 116 55 266 0 59.23 56.92 
4154 3705 113 90 116 55 266 0 59.23 56.49 
4332 3705 113 90 116 55 266 0 59.21 56.90 
4510 3705 113 90 116 55 266 0 59.64 56.90 
4688 3705 113 90 116 55 266 0 58.82 56.51 
4866 3705 113 90 116 55 266 0 64.94 59.96 
5045 3705 113 90 116 55 266 0 73.88 61.79 
5224 3705 113 90 116 55 266 0 75.74 64.99 
5403 3705 113 90 116 55 266 0 167.01 67.22 
5588 3705 113 90 116 55 266 0 164.93 65.96 
5773 3705 113 90 116 55 266 0 173.82 67.22 
5958 3705 113 90 116 55 266 0 167.01 65.94 
6143 3705 113 90 116 55 266 0 77.15 73.47 
6323 3705 113 90 116 55 266 0 174.61 68.97 
6508 3705 113 90 116 55 266 0 60.18 57.75 
6686 3705 113 90 116 55 266 0 34.17 36.53 
6861 3705 113 90 116 55 266 0 214.64 43.42 
7047 3705 113 90 116 55 266 4 214.20 89.44 
7236 3705 113 90 116 55 266 0 214.27 42.43 
7422 3705 113 90 116 55 266 0 122.40 44.22 
7603 3705 113 90 116 55 266 0 214.25 43.40 
7789 3705 113 90 116 55 266 0 214.64 43.81 
7975 3705 113 90 116 55 266 0 214.29 42.45 
8161 3705 113 90 116 55 266 0 66.32 62.08 
8340 3705 113 90 116 55 265 0 214.25 55.95 
8527 3691 111 89 114 54 262 4 214.64 61.49 
8714 3691 111 89 114 54 261 39 65.35 63.29 
8893 3705 113 90 116 55 265 0 41.62 61.91 
9070 3705 113 90 116 55 266 0 214.22 36.97 
9256 3705 113 90 116 55 266 0 40.02 38.37 
9432 3705 113 90 116 55 266 7 40.72 37.21 
9608 3705 113 90 116 55 266 0 40.49 38.59 
9784 3699 109 87 112 53 257 0 42.69 36.75 
9960 3685 93 76 96 46 221 0 38.20 43.44 
10136 3702 56 49 60 30 141 0 58.28 37.91 
10313 3692 31 31 35 19 87 0 59.36 45.20 
10490 3704 18 21 22 13 57 0 49.35 40.87 
10666 4106 16 20 21 14 56 0 42.30 39.75 
10842 4358 17 23 24 17 65 0 41.21 42.24 
11018 4590 20 24 27 19 71 0 48.26 47.97 
11195 4656 21 25 28 20 75 0 40.70 40.87 
11371 4705 24 27 31 22 81 0 89.01 56.90 
11551 4873 25 30 34 25 90 0 24.45 48.93 
11726 4108 29 31 35 22 90 0 69.07 61.76 
11905 2963 45 57 52 25 137 0 69.14 52.82 
12083 2724 53 73 62 28 167 0 67.71 46.60 
12261 2648 58 82 68 30 184 0 68.14 45.00 
12439 2477 146 211 167 67 454 0 68.70 42.42 
12617 2458 188 273 215 85 587 0 68.71 43.62 
12795 2461 194 280 221 87 601 0 68.70 42.82 
12973 2453 193 281 221 87 603 0 67.73 42.45 
13151 2460 195 281 222 87 604 0 68.70 43.23 
13329 2452 195 282 222 87 604 0 68.27 43.21 
13507 2452 195 282 222 87 604 0 68.71 42.81 
13685 2453 193 281 221 87 603 0 68.29 43.60 
13863 2453 193 281 221 87 602 0 68.71 43.21 
14041 2453 193 281 221 87 603 0 68.70 43.21 
14219 2453 193 281 221 87 603 3 68.70 43.21 
14397 2460 195 281 222 87 604 0 67.75 42.82 
14575 2460 195 281 222 87 604 0 69.07 42.42 
14753 2458 196 284 224 88 610 0 68.68 43.60 
14931 2458 195 283 223 88 607 3 68.71 43.62 
15109 2458 195 283 223 88 607 0 68.58 42.43 
15287 2458 195 283 223 88 607 0 67.75 44.59 
15465 2461 192 279 220 87 599 3 68.70 43.60 
15643 2458 195 283 223 88 606 0 69.07 42.42 
15821 2458 196 284 224 88 609 0 68.70 43.60 
15999 2458 196 284 224 88 610 15 68.70 43.21 
16177 2458 196 284 224 88 610 0 68.70 43.60 
16355 2458 196 284 224 88 609 0 69.07 42.42 
16533 2458 196 284 224 88 609 0 68.68 43.64 
16711 2458 196 284 224 88 610 0 68.70 43.21 
16889 2458 196 284 224 88 610 0 68.70 43.21 
17067 2458 196 284 224 88 609 0 68.71 43.21 
17245 2450 196 285 224 88 611 0 68.70 42.82 
17423 2450 196 285 224 88 611 0 69.07 42.42 
17601 2458 196 284 224 88 610 0 68.71 43.20 
17779 2458 198 285 225 88 612 5 68.97 43.23 
17957 2458 198 285 225 88 612 0 64.24 49.61 
18135 2450 196 285 224 88 611 0 65.06 64.68 
18314 2464 197 285 225 89 613 1 63.83 46.17 
18492 2463 186 274 215 87 587 0 64.09 46.77 
18670 2558 154 232 184 83 508 0 59.08 62.44 
18848 4458 31 49 47 36 132 1 68.00 57.58 
19027 3791 64 94 88 60 245 0 66.47 55.78 
19205 3921 31 47 44 31 123 0 63.41 64.26 
19384 3929 29 47 43 31 121 0 62.15 63.72 
19563 3875 30 46 43 30 120 0 59.08 60.11 
19741 3880 29 46 42 30 119 0 57.97 59.40 
19919 3880 29 46 42 30 119 0 55.44 56.76 
20097 3880 29 46 42 30 118 0 52.90 55.66 
20275 3830 28 45 41 29 117 0 51.70 54.16 
20452 3880 29 46 42 30 118 0 49.54 53.14 
20629 3924 36 53 50 35 140 0 49.52 53.16 
20806 3780 110 154 147 98 404 0 50.35 53.16 
20983 3737 118 167 158 105 435 0 49.86 52.31 
21160 3759 118 166 158 105 435 0 48.26 50.29 
21337 3720 120 171 161 107 445 0 46.26 47.57 
21514 3851 51 74 70 48 196 2 42.70 43.83 
21690 5145 29 47 46 38 131 0 40.26 44.01 
21866 17980 34 57 70 78 206 0 41.84 44.01 
22042 28138 36 60 78 92 232 0 41.84 40.88 
22218 28138 36 60 78 92 232 0 38.88 39.29 
22394 27646 36 61 79 93 234 0 35.68 36.31 
22569 30422 36 61 79 94 236 0 33.66 34.65 
22744 28550 35 60 77 91 229 0 31.84 32.59 
22919 31579 34 60 77 92 231 2 28.76 31.30 
23094 27068 37 63 80 94 239 0 29.27 31.28 
23269 4600 94 137 136 104 383 0 46.26 31.02 
23445 5533 58 84 88 73 251 0 30.82 31.81 
23620 5049 34 52 52 42 149 0 28.75 30.77 
23795 3830 28 45 41 29 115 0 43.88 42.42 
23971 3830 28 45 41 29 115 0 39.08 41.11 
24147 3980 28 45 41 30 117 3 36.58 38.15 
24323 25840 35 61 77 90 230 0 36.36 37.67 
24499 26162 35 61 76 89 228 0 36.14 36.77 
24674 22615 38 64 80 92 238 0 35.68 35.41 
24849 4495 119 173 171 129 481 0 35.70 35.39 
25024 3930 148 224 209 148 587 0 37.28 35.39 
25199 3911 150 225 210 148 590 0 35.44 35.39 
25374 3959 148 224 209 149 588 0 63.41 64.41 
25553 4248 130 201 190 142 538 0 62.85 63.58 
25732 6770 76 118 125 113 361 0 84.40 65.40 
25912 21111 38 63 79 90 234 0 83.89 72.13 
26092 27117 33 59 74 87 222 0 96.93 97.22 
26275 27633 33 58 73 86 219 0 96.54 97.31 
26458 27633 33 58 73 86 219 0 96.02 67.18 
26639 24600 34 59 74 86 221 0 79.87 74.37 
26819 27117 33 59 74 87 222 0 80.51 69.75 
26999 26628 34 60 75 88 225 9 76.96 71.28 
27179 26747 34 59 75 88 223 12 77.49 68.88 
27359 26628 34 60 75 88 224 2 65.21 81.70 
27539 29463 33 60 75 89 226 0 85.51 63.17 
27719 26282 35 60 76 89 228 1 83.35 60.10 
27899 25418 36 62 78 91 233 10 58.40 80.90 
28078 28443 35 61 77 91 232 0 79.70 56.08 
28257 4551 30 47 45 35 127 0 74.39 59.96 
28436 3779 28 44 40 28 114 0 69.09 60.23 
28615 3729 63 94 87 59 243 0 68.02 60.93 
28794 3969 29 45 42 30 117 0 66.47 68.31 
28973 3828 30 45 42 29 117 0 64.65 66.23 
29152 3830 28 45 41 29 116 0 60.74 63.29 
29330 4018 30 46 43 31 120 0 58.94 60.81 
29508 7176 31 49 52 48 151 0 78.73 60.64 
29687 5344 30 48 48 40 138 0 75.62 99.01 
29868 4319 30 46 44 33 124 0 254.20 61.35 
30058 4018 30 46 43 31 121 0 60.64 183.70 
30244 3870 65 92 88 60 245 0 56.30 152.97 
30427 4596 48 73 71 55 200 0 55.88 55.78 
30605 21527 36 62 77 88 229 0 245.38 59.14 
30794 4420 164 241 236 177 664 0 242.74 226.20 
30993 4481 184 277 269 205 752 0 159.04 156.98 
31183 3964 213 304 292 203 816 0 156.08 271.08 
31379 3966 195 280 268 187 749 0 796.33 153.46 
31606 4019 194 281 269 190 753 0 796.23 150.87 
31833 3982 189 273 261 183 730 0 796.18 155.31 
32060 3736 181 264 246 166 688 0 796.42 267.89 
32294 3699 180 262 244 163 680 0 796.30 151.67 
32521 3704 178 260 242 162 675 0 796.18 151.16 
32748 3718 172 251 234 157 653 0 796.36 217.40 
32979 3723 171 249 232 156 647 14 140.28 139.26 
33167 3715 172 248 232 155 645 0 132.14 163.83 
33356 3701 171 249 232 155 646 0 168.95 64.14 
33541 3723 171 249 232 156 646 0 167.16 162.38 
33732 3714 169 248 230 155 646 0 168.08 127.40 
33921 3750 167 244 228 154 636 0 117.44 127.98 
34107 3750 167 244 228 154 636 0 119.90 110.50 
34292 3953 178 260 247 173 690 0 117.04 112.73 
34477 4192 191 276 268 194 751 0 112.54 110.94 
34661 4207 192 278 270 196 756 0 111.89 111.13 
34845 4219 164 244 234 172 659 0 111.62 110.77 
35029 4311 144 216 208 155 585 0 111.10 111.38 
35213 4373 139 208 201 151 566 0 111.10 111.20 
35397 4402 137 207 200 151 563 0 111.81 110.52 
35581 4472 128 192 187 142 527 0 110.86 109.99 
35765 4484 124 180 178 134 499 0 111.28 110.30 
35949 4473 123 179 177 133 495 0 111.30 110.30 
36133 4484 121 176 174 131 488 0 111.35 110.31 
36317 4461 122 175 174 130 486 0 111.26 109.87 
36501 4472 121 175 173 130 484 0 111.25 110.21 
36685 4473 123 176 175 131 488 0 111.23 110.67 
36869 4496 121 174 173 130 484 0 111.21 110.23 
37053 4496 121 174 173 130 483 0 111.26 109.84 
37237 4532 120 173 172 130 481 0 111.20 110.67 
37421 4508 121 172 172 129 480 0 110.77 109.74 
37605 4508 121 172 172 129 480 0 110.31 110.13 
37789 4484 120 173 172 129 481 0 108.71 108.09 
37973 4544 119 171 171 129 477 0 104.01 93.31 
38156 6215 83 124 132 115 375 0 102.44 102.99 
38339 26192 38 65 82 96 246 0 101.00 101.49 
38522 8764 49 64 79 75 237 0 96.47 85.97 
38704 3880 29 46 42 30 119 0 98.07 84.00 
38886 5656 30 49 49 42 140 0 99.25 74.36 
39067 16284 36 59 72 79 212 0 112.25 97.27 
39250 17600 35 59 72 80 213 0 98.96 94.55 
39433 17600 35 59 72 80 213 0 97.99 76.74 
39614 21393 36 63 77 88 229 0 211.48 126.24 
39805 26958 36 64 80 94 240 0 42.69 43.81 
39981 6367 70 77 98 81 259 0 45.27 43.21 
40157 3683 118 96 122 58 280 0 80.61 42.64 
40335 3683 118 96 122 58 281 0 80.61 19.28 
40512 3675 120 98 124 59 286 0 43.28 47.58 
40688 3650 118 96 121 57 278 0 42.70 43.21 
40864 3681 110 91 114 55 263 0 49.01 73.68 
41042 6246 69 78 97 80 257 0 72.88 69.85 
41222 23491 40 66 84 97 249 0 71.64 56.92 
41401 24033 38 65 82 95 244 0 73.76 60.25 
41580 22615 38 64 80 92 238 0 68.97 75.96 
41760 19605 38 63 78 88 230 0 69.05 76.55 
41940 4412 87 152 137 109 402 1 72.25 80.48 
42120 1654 29 174 82 60 312 0 56.01 50.29 
42297 1848 23 173 77 57 303 0 55.88 49.28 
42474 1818 24 174 78 58 305 0 49.35 47.79 
42651 1848 23 173 77 57 303 0 47.26 45.80 
42828 1820 23 172 77 57 301 0 46.46 45.39 
43005 1820 23 172 77 57 302 0 46.46 45.80 
43182 1848 23 173 77 57 303 0 46.46 46.21 
43359 1848 23 173 77 57 303 6 47.24 45.02 
43536 1802 24 174 78 57 305 0 71.72 57.88 
43715 2425 80 207 137 94 439 0 72.71 57.88 
43894 3549 119 203 174 122 505 0 71.82 55.64 
44073 3593 105 173 151 105 434 0 73.32 55.66 
44252 3580 108 177 155 107 444 0 74.75 61.37 
44431 2061 55 177 106 74 356 0 76.26 49.61 
44610 1847 22 164 73 54 287 0 56.01 49.30 
44787 1847 22 164 73 54 287 3 55.90 52.48 
44965 1703 24 154 71 52 273 0 56.58 55.18 
45143 1790 23 162 73 54 285 0 58.38 57.03 
45321 1853 23 169 75 55 295 1 61.59 59.70 
45499 1824 23 168 75 55 293 0 65.19 64.82 
45678 1792 24 173 78 58 305 0 67.03 66.78 
45857 2199 66 198 123 86 407 0 68.56 69.50 
46036 1708 25 167 77 57 296 1 107.41 69.26 
46218 1627 25 145 70 52 264 0 101.71 70.55 
46399 1647 25 150 71 52 270 0 96.03 71.45 
46580 1670 25 158 74 55 283 0 102.31 71.09 
46761 1685 24 159 74 55 283 0 72.61 71.69 
46941 1814 23 167 75 56 294 0 95.39 95.42 
47123 1771 24 168 76 56 295 0 93.19 91.90 
47305 1637 29 168 80 58 303 0 92.85 95.29 
47487 1818 24 174 78 58 306 0 97.00 97.65 
47670 1770 24 170 77 57 300 0 96.85 35.63 
47849 1755 25 172 78 57 303 0 36.14 70.04 
48026 1768 24 172 78 58 304 0 36.60 69.75 
48203 1740 24 164 75 56 291 0 245.82 103.07 
48395 1708 25 169 78 58 302 0 188.60 186.44 
48588 1648 34 166 85 62 310 0 187.90 125.83 
48778 2567 77 192 131 91 415 0 186.15 122.43 
48967 1641 34 165 84 61 308 0 185.91 183.87 
49160 1620 29 159 78 57 291 0 131.78 72.68 
49343 1638 26 155 74 55 280 0 181.02 179.03 
49535 1874 23 178 79 59 311 0 181.61 179.62 
49727 1826 24 177 79 58 310 0 185.78 183.63 
49920 1818 24 174 78 58 306 0 187.76 123.44 
50109 1641 25 151 72 54 274 0 192.35 127.84 
50299 2068 59 192 115 81 388 11 193.04 128.86 
50489 3177 134 242 196 131 577 0 131.39 69.02 
50672 3588 168 238 222 143 607 0 100.76 104.02 
50855 3553 175 249 231 148 638 0 99.21 39.03 
51034 3530 156 219 204 129 561 1 94.71 68.97 
51215 3456 177 249 230 143 635 0 69.60 69.43 
51394 3323 195 287 256 158 715 0 67.86 66.49 
51573 3293 180 274 240 150 675 0 77.76 77.13 
51753 3258 167 260 225 141 635 0 77.23 58.85 
51932 3230 166 270 229 146 652 0 70.06 90.03 
52113 3187 150 252 210 135 602 0 66.45 67.61 
52292 3546 120 186 166 111 465 0 67.98 67.75 
52471 3585 111 166 151 100 419 0 64.65 65.11 
52650 3654 64 96 88 59 244 1 60.04 59.55 
52828 3895 38 58 54 38 152 0 54.08 54.31 
53006 3887 37 55 52 36 146 0 48.65 47.40 
53183 3765 48 71 66 45 184 3 59.21 87.75 
53363 3920 29 44 41 29 115 0 56.01 55.91 
53541 3828 30 45 42 29 117 0 56.00 55.93 
53719 3929 29 47 43 31 122 8 56.01 55.93 
53897 3967 32 48 45 32 127 0 55.86 51.63 
54074 3967 32 48 45 32 127 0 64.38 55.90 
54252 3967 32 48 45 32 127 0 62.85 55.93 
54430 3967 32 48 45 32 127 0 62.27 57.15 
54608 3734 95 140 130 88 282 0 61.03 55.79 
54786 3730 94 137 128 86 356 0 61.44 55.91 
54964 3730 94 137 128 86 357 0 61.57 56.76 
55142 3704 94 138 128 86 357 0 50.52 56.34 
55319 3704 94 138 128 86 357 0 58.38 58.85 
55497 3704 94 138 128 86 357 0 58.24 59.81 
55675 3704 94 138 128 86 357 0 60.47 62.61 
55853 3746 96 138 130 87 359 0 62.71 41.77 
56030 3523 128 185 170 109 471 0 64.09 43.83 
56208 3790 82 83 94 53 233 0 63.67 39.98 
56385 3723 83 79 92 49 221 0 61.32 65.11 
56564 3751 82 78 91 49 220 0 59.91 60.93 
56742 3656 125 165 160 101 436 0 83.52 59.67 
56922 3505 130 191 174 112 483 0 52.04 50.10 
57099 3787 46 69 64 44 180 2 55.73 42.42 
57276 3830 28 45 41 29 116 0 113.41 49.08 
57457 3830 28 45 41 29 115 0 74.21 30.77 
57634 3830 28 45 41 29 115 0 98.77 48.94 
57814 3924 59 69 73 46 190 0 110.48 58.45 
57995 3758 162 212 209 134 564 0 95.47 57.19 
58175 3719 122 110 132 68 316 0 96.20 59.55 
58355 3676 115 93 118 56 272 0 110.98 98.02 
58538 3676 115 93 118 56 273 0 108.53 106.79 
58722 3690 117 94 120 57 276 0 121.57 124.75 
58908 3687 106 89 111 54 258 0 122.62 98.11 
59092 3722 65 66 74 41 184 0 105.88 100.76 
59275 3833 34 48 46 31 126 0 116.77 99.43 
59459 3828 30 45 42 29 117 0 97.89 93.35 
59641 3659 90 80 96 48 227 0 92.11 88.96 
59823 3659 128 129 144 78 357 0 116.06 84.29 
60006 3674 72 88 89 54 234 0 88.74 83.66 
60187 3828 30 45 42 29 117 0 78.56 80.67 
60368 3733 72 69 80 43 194 0 77.59 74.60 
60548 3676 115 93 118 56 272 0 76.84 74.71 
60728 3713 168 201 206 125 544 0 74.37 71.89 
60908 3676 188 264 249 163 687 0 70.65 68.46 
61087 3811 167 218 216 140 585 0 67.01 66.50 
61266 4177 194 278 271 195 757 1 67.01 56.90 
61444 3780 200 286 270 182 751 0 67.15 66.10 
61623 3762 204 289 274 183 762 0 70.74 68.95 
61802 3867 194 281 266 183 743 0 76.77 55.79 
61981 4024 175 240 236 163 650 0 89.98 82.59 
62162 3703 129 122 142 75 345 0 90.07 87.21 
62344 3695 96 82 101 50 236 0 90.24 86.14 
62526 3825 32 45 43 29 118 0 91.49 88.72 
62708 3830 28 45 41 29 115 0 97.72 94.28 
62890 3736 41 62 57 39 160 0 116.86 114.73 
63075 3680 69 83 85 51 221 0 107.44 114.31 
63259 3828 30 45 42 29 117 0 115.91 97.48 
63443 3830 28 45 41 29 116 0 112.61 93.26 
63626 3875 30 46 43 30 120 0 112.86 91.78 
63809 3725 75 85 90 53 229 0 118.61 81.72 
63992 3679 87 123 116 76 319 0 87.69 85.53 
64173 3830 28 45 41 29 116 0 88.59 86.44 
64354 3875 30 46 43 30 120 0 88.59 86.39 
64535 3875 30 46 43 30 120 0 88.59 86.82 
64716 3875 30 46 43 30 120 1 110.74 79.41 
64898 3880 29 46 42 30 118 0 115.28 112.61 
65083 3830 28 45 41 29 116 1 796.25 142.09 
65309 3828 30 45 42 29 117 0 796.31 117.57 
65534 3880 29 46 42 30 118 0 117.15 95.88 
65718 3744 30 46 42 29 117 0 111.47 76.48 
65900 3880 29 46 42 30 118 0 177.48 90.66 
66087 3682 111 91 115 55 265 0 84.40 61.35 
66267 3871 36 49 48 32 129 1 76.07 65.40 
66446 3892 36 55 51 36 143 0 76.52 55.78 
66625 3732 52 78 72 49 200 0 69.70 67.18 
66804 3870 28 43 40 28 111 0 67.30 62.03 
66983 3779 28 44 40 28 112 1 64.09 60.83 
67162 3823 33 45 44 29 120 0 64.09 65.11 
67341 3761 68 65 76 41 185 0 63.12 62.59 
67520 3697 90 77 95 47 222 0 56.58 56.76 
67698 3706 106 85 109 52 250 0 51.03 16.44 
67873 3697 124 119 137 73 335 0 49.35 49.61 
68050 3695 112 92 116 56 268 2 49.50 65.54 
68228 3710 107 88 111 54 257 0 49.01 52.31 
68405 3781 66 66 75 42 186 0 49.01 49.78 
68582 3775 60 63 70 40 175 0 49.01 50.61 
68759 3775 60 63 70 40 175 0 49.01 50.97 
68936 3775 60 63 70 40 175 0 49.01 52.31 
69113 3775 60 63 70 40 175 0 49.01 50.12 
69290 3775 60 63 70 40 175 0 95.13 48.38 
69470 3775 60 63 70 40 175 0 49.01 78.61 
69649 3815 52 59 63 38 162 1 188.99 88.96 
69837 4083 44 61 60 42 165 0 189.06 88.55 
70024 4076 37 54 52 37 145 0 188.36 90.03 
70212 3994 38 55 53 37 147 0 55.74 48.93 
70389 4091 41 58 57 40 158 0 49.69 53.14 
70566 3814 54 59 64 38 163 2 52.72 52.48 
70743 3690 102 84 106 51 246 0 54.59 53.65 
70921 3689 101 84 105 51 244 0 54.08 55.33 
71099 3753 61 62 70 39 174 15 55.44 55.93 
71277 3829 37 48 48 31 129 0 56.01 67.90 
71455 3920 29 44 41 29 114 0 56.03 67.07 
71633 3830 28 45 41 29 115 0 53.92 63.58 
71811 3828 30 45 42 29 117 0 51.88 61.08 
71989 3791 32 47 44 30 121 0 49.52 56.93 
72166 3773 78 71 85 45 204 2 56.00 55.18 
72344 3751 125 110 134 69 321 0 52.89 52.48 
72521 3732 124 147 152 92 397 0 46.67 15.81 
72696 3836 52 57 62 37 159 0 43.69 17.71 
72871 3875 30 46 43 30 119 0 16.46 17.07 
73044 3830 28 45 41 29 116 0 16.15 15.81 
73217 3830 28 45 41 29 116 1 73.83 65.38 
73396 3830 28 45 41 29 116 0 15.81 32.84 
73570 3875 30 46 43 30 119 0 42.69 40.41 
73746 3701 82 75 89 46 212 0 39.10 41.11 
73922 3689 115 94 119 57 274 0 37.52 40.63 
74098 3690 117 94 120 57 276 0 81.84 62.19 
74278 3676 115 93 118 56 272 0 83.33 65.11 
74458 3682 111 91 115 55 265 0 100.20 48.93 
74638 3724 109 89 113 55 261 0 97.89 99.54 
74821 3725 110 89 114 55 262 0 96.56 99.52 
75004 3690 109 89 113 54 259 0 96.46 99.52 
75187 3703 110 90 114 55 263 0 94.18 96.66 
75369 3703 110 90 114 55 263 0 92.02 94.10 
75551 3702 108 90 113 55 262 0 90.07 92.58 
75733 3750 79 78 89 49 218 0 85.03 87.67 
75914 3682 83 118 111 73 306 0 80.87 83.93 
76095 3744 30 46 42 29 119 0 79.53 60.13 
76274 2487 177 254 202 81 548 0 79.97 58.85 
76453 2458 188 273 215 85 585 0 79.63 59.13 
76632 2458 188 273 215 85 586 1 79.97 58.84 
76811 2458 188 273 215 85 586 0 79.97 83.32 
76992 2458 188 273 215 85 585 0 79.61 83.32 
77173 2458 188 273 215 85 585 0 79.97 82.94 
77354 2450 188 274 215 85 586 0 79.97 59.28 
77533 2450 188 274 215 85 587 11 79.97 59.28 
77712 2450 188 274 215 85 587 0 79.97 58.00 
77891 2450 188 274 215 85 586 0 79.97 82.94 
78072 2450 188 274 215 85 587 0 79.54 82.96 
78253 2450 188 274 215 85 586 0 79.51 59.67 
78432 2450 188 274 215 85 586 0 79.53 82.89 
78613 2458 188 273 215 85 586 0 79.51 60.13 
78792 2450 188 274 215 85 586 0 79.54 59.70 
78971 2458 188 273 215 85 586 0 79.54 59.28 
79150 2458 188 273 215 85 584 2 79.54 59.70 
79329 2450 186 273 214 85 584 0 79.97 83.32 
79510 2450 186 273 214 85 584 0 79.99 68.61 
79690 2458 187 272 214 85 584 0 79.97 68.60 
79870 2450 186 273 214 85 584 0 79.97 82.87 
80051 2450 186 273 214 85 584 1 79.97 68.97 
80231 2450 186 273 214 85 584 0 79.97 55.76 
80410 2450 186 273 214 85 584 0 79.97 56.61 
80589 2450 186 273 214 85 584 0 79.97 82.96 
80770 2458 187 272 214 85 584 0 79.61 82.94 
80951 2452 187 272 214 84 583 0 79.97 55.79 
81130 2452 187 272 214 84 583 0 79.97 56.63 
81309 2452 187 272 214 84 583 0 79.95 56.63 
