=~=~=~=~=~=~=~=~=~=~=~= PuTTY log 2025.11.28 19:12:34 =~=~=~=~=~=~=~=~=~=~=~=
ets Jul 29 2019 12:21:46

rst:0x1 (POWERON_RESET),boot:0x13 (SPI_FAST_FLASH_BOOT)
configsip: 0, SPIWP:0xee
clk_drv:0x00,q_drv:0x00,d_drv:0x00,cs0_drv:0x00,hd_drv:0x00,wp_drv:0x00
mode:DIO, clock div:1
load:0x3fff0030,len:4980
load:0x40078000,len:16612
load:0x40080400,len:3480
entry 0x400805b4
Found sensor
Milis - ColorTemp - Lux - R - G - B - C - Pot - UsensA - UsensB

399 2770 36 78 57 38 172 0 61.88 55.91 
577 2822 36 78 57 39 172 0 61.86 60.93 
755 2822 36 78 57 39 172 6 61.85 60.93 
933 2822 36 78 57 39 172 0 61.86 58.43 
1111 2822 36 78 57 39 172 0 61.74 55.93 
1289 2822 36 78 57 39 172 6 61.86 55.78 
1467 2822 36 78 57 39 172 0 61.86 55.78 
1645 2822 36 78 57 39 172 0 61.86 58.41 
1823 2822 36 78 57 39 172 3 61.88 55.78 
2001 2822 36 78 57 39 172 0 61.88 60.93 
2179 2822 36 78 57 39 172 0 61.86 55.79 
2357 2822 36 78 57 39 172 3 62.15 61.78 
2535 2822 36 78 57 39 172 0 61.86 60.91 
2713 2822 36 78 57 39 172 0 61.86 56.20 
2891 2822 36 78 57 39 172 2 61.86 60.93 
3069 2822 36 78 57 39 172 0 61.86 57.60 
3247 2822 36 78 57 39 172 0 61.86 55.79 
3425 2822 36 78 57 39 172 0 61.88 55.78 
3603 2822 36 78 57 39 172 0 61.86 60.50 
3781 2822 36 78 57 39 172 0 61.86 61.34 
3959 2822 36 78 57 39 172 0 61.86 55.79 
4137 2822 36 78 57 39 172 0 61.86 60.93 
4315 2822 36 78 57 39 172 0 61.85 55.79 
4493 2822 36 78 57 39 172 0 61.88 55.78 
4671 2822 36 78 57 39 172 0 61.88 56.20 
4849 2822 36 78 57 39 172 0 61.86 55.79 
5027 2822 36 78 57 39 172 0 61.86 55.78 
5205 2822 36 78 57 39 172 0 61.88 55.79 
5383 2822 36 78 57 39 172 0 61.88 61.35 
5561 2822 36 78 57 39 172 0 61.85 57.60 
5739 2822 36 78 57 39 172 2 61.86 56.22 
5917 2822 36 78 57 39 172 0 61.44 60.93 
6095 2822 36 78 57 39 172 0 61.86 55.79 
6273 2822 36 78 57 39 172 3 61.86 57.60 
6451 2822 36 78 57 39 172 0 61.86 60.93 
6629 2822 36 78 57 39 172 0 61.86 58.84 
6807 2822 36 78 57 39 172 7 61.74 60.93 
6985 2822 36 78 57 39 172 0 61.86 60.94 
7163 2822 36 78 57 39 172 0 61.74 57.17 
7341 2822 36 78 57 39 172 8 61.44 58.84 
7519 2822 36 78 57 39 172 0 61.86 60.93 
7697 2822 36 78 57 39 172 0 61.42 58.43 
7875 2822 36 78 57 39 172 9 61.86 55.79 
8053 2822 36 78 57 39 172 0 61.86 56.32 
8231 2822 36 78 57 39 172 0 61.86 60.93 
8409 2822 36 78 57 39 172 9 61.86 58.43 
8587 2822 36 78 57 39 172 0 61.86 60.93 
8765 2822 36 78 57 39 172 0 61.86 58.84 
8943 2822 36 78 57 39 172 10 61.88 55.79 
9121 2822 36 78 57 39 172 0 61.44 56.76 
9299 2822 36 78 57 39 172 0 61.86 55.79 
9477 2822 36 78 57 39 172 12 61.88 61.37 
9655 2822 36 78 57 39 172 0 61.44 35.63 
9832 2822 36 78 57 39 172 0 61.44 55.91 
10010 2805 37 79 58 39 175 16 61.86 56.75 
10188 2823 39 81 60 40 178 0 61.44 57.60 
10366 2824 38 82 60 41 180 0 61.46 58.00 
10544 2930 37 81 60 42 179 18 61.88 60.94 
10722 2805 37 79 58 39 173 0 61.86 55.90 
10900 2720 36 79 57 38 172 0 61.44 56.76 
11078 2770 36 78 57 38 171 11 61.88 57.58 
11256 2770 36 78 57 38 172 0 61.86 56.32 
11434 2770 36 78 57 38 172 0 61.86 60.93 
11612 2770 36 78 57 38 172 9 61.86 55.90 
11790 2770 36 78 57 38 172 0 61.44 60.64 
11968 2770 36 78 57 38 172 0 61.86 55.91 
12146 2770 36 78 57 38 171 8 61.86 61.35 
12324 2770 36 78 57 38 171 0 61.86 55.91 
12502 2770 36 78 57 38 171 0 61.44 61.34 
12680 2720 36 79 57 38 171 4 61.42 55.91 
12858 2720 36 79 57 38 171 0 61.42 55.90 
13036 2720 36 79 57 38 171 0 61.44 56.76 
13214 2755 37 80 58 39 174 3 61.86 55.91 
13392 2790 37 81 59 40 177 0 61.44 55.93 
13570 2790 37 81 59 40 177 0 61.86 56.35 
13748 2875 38 81 60 41 179 1 61.86 55.91 
13926 2875 38 81 60 41 179 0 61.88 55.91 
14104 2823 39 81 60 40 178 0 61.46 56.76 
14282 2823 39 81 60 40 178 0 61.86 56.34 
14460 2823 39 81 60 40 178 0 61.86 55.91 
14638 2823 39 81 60 40 178 0 61.46 57.99 
14816 2823 39 81 60 40 177 0 60.60 60.66 
14994 2960 39 81 61 42 182 0 60.60 60.64 
15172 4211 60 91 87 64 243 0 59.19 57.44 
15350 4791 64 85 90 68 242 0 59.36 22.69 
15526 7215 66 60 89 75 224 0 59.21 22.12 
15702 7407 64 59 88 75 221 0 59.08 49.25 
15880 7344 64 60 88 75 223 8 58.36 21.49 
16056 7143 65 60 88 74 222 0 57.27 19.30 
16232 7204 65 59 88 74 222 8 57.95 18.00 
16408 7417 65 60 89 76 225 0 56.71 18.02 
16584 7030 60 59 83 70 211 0 55.88 17.70 
16759 6213 51 56 71 58 184 0 53.91 16.42 
16934 4861 43 60 62 48 170 0 53.91 15.49 
17109 2973 34 88 62 48 196 0 53.23 15.81 
17284 2848 33 84 59 44 185 0 52.22 14.81 
17459 3054 34 85 61 47 187 0 51.37 16.12 
17634 2966 35 87 62 47 194 0 51.37 16.12 
17809 3378 39 68 57 39 165 0 51.37 16.12 
17984 3423 38 64 55 37 157 0 51.37 16.13 
18159 3423 38 64 55 37 157 0 51.37 48.57 
18336 3423 38 64 55 37 158 0 50.86 47.79 
18513 3157 59 86 76 44 207 0 51.71 48.55 
18690 3076 67 99 86 49 235 0 51.70 48.57 
18867 3091 69 99 87 49 235 3 51.71 48.55 
19044 3091 69 99 87 49 235 0 50.69 42.42 
19221 3091 69 99 87 49 236 0 15.83 14.13 
19394 3074 49 85 69 44 198 0 15.83 15.49 
19567 2791 33 85 59 44 186 6 16.15 14.47 
19740 2726 31 82 56 42 179 0 50.54 16.12 
19915 3074 36 79 59 43 180 12 50.52 16.13 
20090 3360 41 64 56 36 156 0 50.52 12.78 
20265 3360 41 64 56 36 156 11 16.15 15.81 
20438 3161 36 73 57 40 170 0 15.50 15.81 
20611 2774 33 87 60 45 190 0 16.15 49.78 
20786 2735 32 86 59 44 189 0 15.83 16.75 
20959 2943 32 74 54 39 165 0 16.46 48.93 
21134 3025 32 71 53 38 160 7 50.01 48.94 
21311 3364 38 65 55 37 158 0 49.50 48.93 
21488 3303 42 67 58 37 162 0 49.18 48.57 
21665 3107 62 90 79 45 214 3 48.82 47.75 
21842 3129 63 91 80 46 216 0 47.85 47.58 
22019 3075 70 100 88 49 238 18 10.44 9.40 
22191 3061 68 100 87 49 237 0 47.84 9.40 
22366 3076 67 99 86 49 234 11 46.46 11.42 
22541 3056 67 98 85 48 232 0 46.26 9.40 
22715 3071 68 98 86 48 233 8 9.08 8.06 
22887 3076 67 99 86 49 235 0 9.08 45.00 
23061 3091 69 99 87 49 236 0 43.88 6.77 
23235 3080 69 101 88 50 239 8 43.88 5.49 
23409 3447 59 87 79 50 216 0 43.88 5.49 
23583 3971 64 99 92 66 258 13 43.49 5.49 
23757 4035 65 99 93 67 258 0 43.49 5.49 
23931 4035 65 99 93 67 258 0 43.47 5.49 
24105 4035 65 99 93 67 259 0 43.49 5.49 
24279 4035 65 99 93 67 259 0 43.47 5.49 
24453 4035 65 99 93 67 259 2 43.47 5.49 
24627 4035 65 99 93 67 259 0 43.88 5.49 
24801 4035 65 99 93 67 259 12 43.88 42.23 
24977 4035 65 99 93 67 259 0 43.47 6.77 
25151 4035 65 99 93 67 259 12 43.49 6.46 
25325 4035 65 99 93 67 259 0 43.67 6.46 
25499 4035 65 99 93 67 259 2 43.88 6.77 
25673 4012 65 98 92 66 255 0 43.10 41.31 
25849 3969 59 90 84 60 235 0 40.00 6.46 
26023 4061 63 97 91 66 255 0 36.14 32.83 
26198 3972 54 84 78 56 219 0 39.32 5.49 
26372 3800 33 61 52 39 153 0 60.76 32.32 
26549 5435 33 62 57 50 169 0 55.73 6.44 
26724 9150 47 62 77 74 214 0 50.69 35.38 
26900 9150 47 62 77 74 214 5 50.35 6.44 
27074 9150 47 62 77 74 214 0 36.60 6.77 
27248 3986 34 68 57 45 168 0 47.43 31.30 
27424 2533 41 115 76 56 244 0 43.66 6.46 
27598 2258 31 100 62 46 205 0 15.81 6.77 
27770 2616 31 83 56 41 178 4 40.00 41.55 
27946 2730 37 90 63 45 195 0 37.04 6.77 
28120 3678 119 137 143 84 367 9 15.83 6.44 
28292 3664 128 146 153 89 392 0 30.82 6.44 
28465 3586 130 141 150 83 378 0 25.87 28.71 
28639 3572 133 142 152 83 381 0 20.57 24.14 
28813 4434 58 84 83 62 230 0 15.83 5.81 
28985 9285 38 84 79 81 244 26 13.48 5.81 
29157 11528 38 91 85 91 265 0 15.16 16.44 
29330 11528 38 91 85 91 266 0 13.80 5.81 
29502 12512 37 89 84 91 263 18 13.82 4.52 
29674 12512 37 89 84 91 263 0 13.80 4.52 
29846 12512 37 89 84 91 263 0 13.80 4.52 
30018 12512 37 89 84 91 263 20 13.80 6.77 
30190 12512 37 89 84 91 263 0 13.82 20.86 
30363 12512 37 89 84 91 263 0 15.16 6.77 
30535 12512 37 89 84 91 263 21 13.80 17.70 
30708 12512 37 89 84 91 263 0 9.08 16.44 
30881 12512 37 89 84 91 263 0 9.08 18.97 
31054 12512 37 89 84 91 263 15 9.42 7.09 
31226 12311 37 91 85 92 268 0 16.78 16.44 
31399 3754 107 130 133 82 347 0 33.90 16.12 
31573 3584 177 189 203 111 509 0 17.08 19.91 
31746 3134 66 109 91 57 257 0 17.08 16.42 
31919 2522 34 90 60 43 190 14 17.08 19.91 
32092 2427 32 85 56 39 176 0 17.08 17.70 
32265 2427 32 85 56 39 177 0 17.08 17.70 
32438 2427 32 85 56 39 177 4 17.08 17.70 
32611 2427 32 85 56 39 177 0 17.10 19.91 
32784 2380 31 86 56 39 177 2 17.10 19.91 
32957 2380 31 86 56 39 177 0 15.83 17.70 
33130 2380 31 86 56 39 178 0 15.83 17.70 
33303 2380 31 86 56 39 178 13 15.83 19.91 
33476 2380 31 86 56 39 178 0 15.83 19.91 
33649 2380 31 86 56 39 178 0 15.83 19.91 
33822 2380 31 86 56 39 178 2 15.83 19.91 
33995 2380 31 86 56 39 178 0 15.83 19.92 
34168 2427 33 86 57 39 178 6 17.08 20.21 
34341 2427 33 86 57 39 178 0 15.83 14.47 
34514 2302 32 93 59 42 191 0 12.46 16.12 
34687 3501 133 154 157 88 403 16 11.12 16.12 
34860 3564 185 196 211 114 529 0 16.47 28.71 
35034 3577 185 198 212 116 531 0 16.46 28.71 
35208 3575 174 191 202 112 509 0 15.50 15.79 
35381 3565 172 190 200 111 505 0 9.42 16.12 
35554 3569 163 181 190 106 479 16 9.42 16.12 
35727 3561 155 173 181 101 456 0 7.75 12.77 
35899 3682 89 112 112 69 292 0 7.75 14.13 
36071 4467 41 64 61 47 172 11 7.75 14.13 
36243 4349 37 60 56 43 159 0 7.75 14.14 
36415 4193 36 59 54 41 155 0 7.75 14.13 
36587 4193 36 59 54 41 155 16 7.75 14.13 
36759 4193 36 59 54 41 155 0 9.08 13.45 
36931 4193 36 59 54 41 155 0 18.99 16.12 
37104 3934 46 68 64 45 178 16 15.83 18.97 
37277 3590 172 185 198 109 497 0 20.91 18.34 
37450 3563 99 119 120 70 313 0 20.89 18.33 
37623 3116 44 81 65 43 190 1 15.83 21.81 
37796 3100 45 83 66 44 194 0 28.19 27.85 
37970 1750 29 130 70 53 248 17 30.57 30.26 
38145 8416 69 97 114 108 320 0 30.31 30.77 
38320 9796 81 98 130 126 356 12 30.31 30.77 
38495 8673 74 93 118 111 325 0 32.11 32.84 
38670 8735 76 95 121 114 331 24 35.46 36.53 
38845 6378 48 98 90 84 272 0 40.94 42.64 
39021 2564 20 134 77 78 285 99 43.10 43.79 
39197 3991 133 192 184 129 512 0 42.08 43.62 
39373 3981 95 131 128 88 347 41 42.67 44.79 
39549 3897 91 131 125 86 346 0 46.67 48.57 
39726 2633 130 187 153 69 412 10 50.35 53.50 
39903 2251 74 167 111 63 342 52 50.69 49.44 
40080 1624 23 145 73 61 273 0 48.64 48.94 
40257 1694 26 137 72 58 263 18 42.48 42.24 
40433 2610 124 176 144 63 387 0 15.83 35.39 
40607 3938 115 169 160 112 447 0 20.57 34.37 
40781 3234 34 113 76 67 254 0 19.31 19.28 
40954 3199 30 100 67 59 223 7 18.68 19.28 
41127 6530 54 86 89 80 255 0 19.94 18.33 
41300 9272 88 109 141 135 385 0 24.24 19.91 
41474 7841 70 92 111 102 305 4 55.88 44.01 
41651 6882 69 87 104 91 285 0 45.46 47.57 
41828 8455 100 120 155 144 421 0 47.24 48.35 
42005 8718 102 122 159 149 431 15 49.18 54.65 
42182 8676 102 124 160 150 436 0 49.35 59.14 
42360 3272 46 109 81 63 250 0 29.27 28.97 
42535 1839 33 135 75 56 260 0 27.05 56.76 
42711 1745 30 132 71 53 251 0 53.57 55.51 
42889 1972 33 123 71 53 243 14 53.57 55.51 
43067 5724 58 86 90 76 252 0 49.18 16.12 
43242 7518 86 108 132 119 360 0 48.84 16.12 
43417 8761 102 121 159 149 433 0 44.66 47.38 
43594 7863 89 111 138 126 375 0 40.48 42.42 
43770 4045 35 105 76 69 249 5 33.92 16.12 
43944 2086 21 152 84 84 317 0 30.04 9.74 
44117 4005 147 209 202 141 559 0 30.31 33.85 
44292 2713 148 215 178 85 486 0 31.33 11.42 
44466 2510 165 238 190 78 513 0 34.17 37.45 
44641 3832 131 189 179 122 499 0 39.32 37.89 
44817 4181 107 146 146 103 404 0 38.86 42.24 
44993 3940 148 214 204 142 562 0 42.30 42.60 
45169 3063 37 131 86 76 293 0 43.08 44.40 
45345 1625 13 154 79 83 311 0 47.63 47.77 
45522 1672 14 148 77 80 300 11 49.50 48.93 
45699 6608 79 111 124 109 346 1 51.03 49.45 
45876 7619 117 140 177 159 479 0 50.69 49.27 
46053 6438 73 90 107 91 294 0 51.54 48.76 
46230 6424 72 89 106 90 291 0 50.22 50.61 
46407 6524 71 90 106 91 293 5 45.66 46.38 
46584 7422 105 128 159 142 432 0 45.87 43.40 
46760 7557 114 136 172 154 466 0 45.87 41.77 
46936 4264 35 115 82 77 272 0 49.18 43.42 
47113 1625 13 156 79 83 314 0 46.65 47.97 
47290 1628 14 152 78 81 306 13 45.66 45.39 
47467 6971 87 118 136 121 376 0 46.65 44.61 
47644 7624 118 141 178 160 483 0 45.46 43.62 
47820 7659 118 140 178 160 481 13 45.07 47.19 
47997 6393 71 103 112 98 314 0 46.05 46.38 
48174 4546 34 87 68 61 216 34 44.47 41.53 
48350 4054 30 96 68 63 227 0 44.08 22.69 
48525 1620 13 153 78 82 308 60 44.08 17.39 
48700 1644 14 151 78 81 305 0 66.33 18.02 
48876 3826 92 168 143 108 423 33 39.56 15.49 
49050 3944 166 241 229 160 637 0 38.20 14.47 
49224 4044 129 182 177 124 487 39 18.68 13.79 
49397 3966 170 244 234 163 645 0 16.15 13.45 
49570 3891 156 229 216 150 598 0 15.83 13.45 
49743 3795 120 180 167 115 463 2 15.83 11.42 
49916 3789 116 174 161 111 447 0 15.83 18.95 
50089 2624 148 207 171 74 459 23 14.14 9.06 
50262 2529 171 243 196 80 526 0 16.15 9.06 
50435 2537 174 244 198 80 530 0 16.13 9.06 
50608 2534 174 246 199 81 535 17 16.15 9.06 
50781 2549 177 247 201 82 538 0 16.13 9.06 
50954 2540 176 248 201 82 539 0 16.15 9.08 
51127 2540 176 248 201 82 539 1 16.15 9.06 
51300 2540 176 248 201 82 540 0 16.15 9.06 
51473 2540 176 248 201 82 540 24 16.13 9.06 
51646 2531 176 249 201 82 540 0 16.13 9.06 
51819 2539 177 249 202 82 540 6 16.15 9.06 
51992 2539 177 249 202 82 540 15 16.13 9.06 
52165 2539 177 249 202 82 540 0 16.13 9.06 
52338 2539 177 249 202 82 540 1 31.08 8.74 
52511 2539 177 249 202 82 541 0 64.51 6.77 
52686 2567 158 226 183 78 493 0 95.20 10.74 
52863 2788 57 127 92 63 282 0 95.20 27.01 
53041 2824 56 133 95 68 295 17 95.64 25.28 
53219 2824 56 133 95 68 295 0 62.70 27.57 
53395 2824 56 133 95 68 295 0 96.02 12.78 
53573 2643 91 156 120 65 342 20 96.36 25.57 
53751 2525 171 246 197 82 525 0 16.46 13.11 
53924 2525 171 246 197 82 528 23 16.78 15.13 
54097 2534 165 238 191 80 512 0 69.33 11.42 
54273 2652 55 114 83 52 249 27 65.93 11.42 
54449 2599 42 103 71 49 223 0 66.33 11.42 
54625 2635 42 103 71 50 224 28 66.33 11.42 
54801 2635 42 103 71 50 224 0 59.79 10.08 
54976 2474 41 120 78 58 253 14 60.78 8.38 
55151 2796 42 108 75 56 236 0 62.99 12.10 
55327 2663 49 127 87 63 282 13 62.99 10.42 
55502 2711 49 130 89 66 292 0 63.00 10.42 
55677 2703 51 131 90 66 294 7 62.15 6.77 
55852 2737 50 131 90 67 295 0 91.05 6.77 
56029 2747 49 130 89 67 292 0 57.12 6.77 
56204 1947 28 122 69 56 243 0 57.54 6.77 
56379 1823 26 128 70 58 253 9 9.42 6.77 
56551 1668 22 129 67 57 248 0 89.98 5.81 
56728 1652 22 132 68 58 253 0 90.00 7.09 
56905 1652 22 132 68 58 253 0 90.08 9.06 
57082 1652 22 132 68 58 252 0 9.08 5.81 
57254 1652 22 132 68 58 253 0 27.05 5.49 
57427 1666 21 133 69 60 256 6 75.09 10.42 
57603 1666 22 133 69 59 255 0 74.05 6.78 
57779 1652 22 132 68 58 254 9 89.35 6.78 
57956 1666 22 133 69 59 257 0 7.43 10.08 
58128 1666 22 133 69 59 257 0 23.02 9.08 
58301 1666 22 133 69 59 257 0 9.08 6.78 
58473 1623 18 121 61 53 230 0 23.31 8.72 
58646 1620 17 118 59 51 222 0 21.22 8.38 
58819 1625 18 117 59 50 222 4 21.22 6.77 
58992 2013 24 101 58 47 202 15 21.20 7.74 
59165 2157 25 98 58 47 200 0 20.89 9.40 
59338 2157 25 98 58 47 200 0 19.31 6.46 
59511 3823 40 92 72 59 222 10 22.44 6.77 
59684 6798 129 124 175 145 448 0 19.31 6.46 
59857 6465 106 110 146 120 376 0 21.52 7.74 
60030 6775 122 121 167 139 429 0 16.13 6.44 
60202 4911 66 117 108 90 315 0 17.73 6.77 
60375 2438 90 165 120 62 348 7 39.56 8.06 
60549 3232 139 199 178 105 489 0 55.73 7.74 
60724 3790 57 127 100 81 308 0 41.84 6.46 
60898 4818 27 98 69 68 234 0 47.45 6.44 
61072 10923 59 75 99 99 274 0 48.04 47.57 
61249 10362 56 72 93 92 258 0 51.03 6.44 
61424 7391 41 57 66 60 182 0 49.33 6.44 
61598 8562 45 60 73 69 203 0 46.26 6.44 
61772 9155 46 60 75 72 208 0 46.85 9.40 
61946 5440 35 53 54 45 152 0 42.08 6.44 
62120 4214 34 59 53 41 152 0 45.47 5.49 
62294 6760 46 66 73 65 202 9 42.30 6.77 
62468 8036 46 65 76 71 210 0 47.63 9.74 
62643 5190 39 66 63 53 182 7 45.27 45.80 
62820 2349 33 99 63 46 211 0 48.45 6.78 
62994 2823 30 77 54 40 169 9 47.63 6.44 
63168 6156 36 51 56 48 155 0 49.01 49.10 
63345 6186 37 52 57 49 158 6 44.08 6.78 
63519 2640 32 86 58 43 186 0 42.50 6.77 
63693 2522 30 83 55 40 174 8 41.40 7.72 
63867 2630 33 87 59 43 185 0 39.32 6.77 
64041 2304 35 110 69 51 226 0 37.04 6.44 
64215 2416 33 94 61 44 197 0 33.40 30.51 
64390 2069 32 115 68 51 229 0 39.32 29.50 
64565 2547 31 86 57 42 184 0 35.44 15.81 
64739 2065 26 93 55 41 187 0 43.28 7.11 
64913 2012 31 113 66 49 224 8 28.75 6.44 
65086 2764 36 92 64 47 200 0 29.53 36.52 
65261 8146 54 72 87 81 240 10 36.82 29.48 
65436 7955 51 70 83 77 228 0 29.27 25.86 
65610 4378 35 60 55 43 157 5 28.75 24.41 
65784 3362 41 78 63 45 184 0 42.69 20.84 
65959 2393 32 97 62 46 202 4 17.41 16.44 
66132 3224 80 119 105 63 288 0 9.08 6.44 
66304 3850 88 106 110 69 287 0 15.83 5.81 
66476 10959 31 72 68 72 211 0 14.48 5.81 
66648 3604 50 126 94 78 298 30 14.14 6.77 
66820 3136 65 180 126 103 408 0 14.14 7.09 
66992 3160 67 183 129 105 414 0 14.16 5.81 
67164 3127 67 184 129 105 415 36 14.14 5.81 
67336 3127 67 184 129 105 415 0 14.16 5.81 
67508 3127 67 184 129 105 415 0 14.14 5.81 
67680 3127 67 184 129 105 415 25 14.14 7.09 
67852 3127 67 184 129 105 416 0 14.14 7.09 
68024 3127 67 184 129 105 416 0 14.14 5.81 
68196 3127 67 184 129 105 416 17 14.14 5.81 
68368 3127 67 184 129 105 416 0 14.14 5.81 
68540 3127 67 184 129 105 416 0 14.14 5.81 
68712 3127 67 184 129 105 416 5 14.14 5.81 
68884 3127 67 184 129 105 416 0 7.75 6.77 
69056 3127 67 184 129 105 416 0 14.16 5.49 
69228 3127 67 184 129 105 416 0 15.83 5.49 
69400 3127 67 184 129 105 417 1 15.83 22.98 
69573 3127 67 184 129 105 416 0 15.83 22.98 
69746 3127 67 184 129 105 417 5 15.83 22.98 
69919 3127 67 184 129 105 417 0 15.83 22.98 
70092 3127 67 184 129 105 417 0 7.75 22.97 
70265 3127 67 184 129 105 417 12 9.76 11.42 
70437 3149 61 166 117 95 377 0 25.89 10.08 
70610 6333 32 67 61 57 185 0 11.12 14.47 
70783 11912 30 71 67 72 211 13 15.83 15.79 
70956 5356 47 76 75 63 214 0 15.16 16.12 
71129 3571 95 112 114 66 290 0 15.50 16.12 
71302 3601 92 109 111 65 284 0 15.50 16.12 
71475 3601 92 109 111 65 284 0 15.50 16.12 
71648 3601 92 109 111 65 284 11 12.12 16.12 
71821 3601 92 109 111 65 284 0 12.12 16.12 
71994 3601 92 109 111 65 284 0 13.48 16.12 
72167 3601 92 109 111 65 284 11 15.83 16.12 
72340 3578 93 110 112 65 285 0 26.18 5.80 
72513 3567 118 130 137 76 345 0 52.22 26.71 
72689 3135 72 114 97 59 270 0 36.36 34.37 
72864 6856 48 87 86 80 252 0 40.02 39.71 
73040 5389 34 68 61 54 182 0 46.46 47.17 
73217 3985 69 114 103 76 295 11 49.86 52.16 
73394 3175 67 97 86 50 235 0 49.18 50.63 
73571 2445 40 106 70 49 222 0 44.28 45.41 
73747 2296 30 104 64 50 215 0 40.48 39.27 
73923 2887 75 108 92 48 249 0 38.18 35.41 
74098 4043 106 156 149 106 413 0 40.02 36.53 
74274 3742 43 109 82 69 259 0 42.08 42.43 
74450 3096 23 104 65 62 228 6 44.86 43.60 
74626 3517 24 92 61 57 208 0 49.67 45.80 
74803 3976 51 92 80 61 233 2 54.74 49.27 
74980 4058 78 116 110 79 306 0 50.86 48.16 
75157 3103 60 88 77 44 211 0 50.54 46.58 
75334 3107 62 90 79 45 215 10 50.35 44.79 
75511 3155 58 84 74 43 201 0 49.18 49.78 
75688 4002 76 113 107 76 297 0 49.01 49.95 
75865 4065 85 126 120 86 333 0 51.54 47.40 
76042 3478 58 86 78 50 214 0 55.27 49.44 
76219 3130 57 97 80 51 229 30 57.97 47.38 
76396 5036 47 69 70 56 192 0 57.12 51.46 
76574 7230 59 58 82 70 208 5 59.77 52.16 
76752 6164 51 58 72 59 186 9 57.53 55.93 
76930 3043 39 90 66 49 202 0 56.00 56.03 
77108 3034 41 99 72 54 223 0 16.78 55.17 
77283 3307 43 78 64 44 186 0 54.08 53.29 
77460 3103 60 88 77 44 210 0 54.40 50.95 
77637 3046 66 95 83 46 225 6 55.73 49.78 
77814 2957 81 117 101 54 274 0 58.11 33.59 
77991 2953 78 111 96 51 259 0 56.15 33.34 
78167 3047 65 90 80 43 217 0 54.42 31.81 
78343 2938 63 98 82 46 228 0 29.78 18.33 
78517 2482 31 95 61 47 199 0 20.89 16.75 
78690 2581 30 94 61 48 200 0 18.36 16.12 
78863 2932 29 73 52 39 163 0 18.36 24.99 
79037 6041 74 87 105 86 278 17 18.99 22.69 
79211 6702 108 102 145 119 370 0 18.04 22.69 
79385 5340 54 71 78 62 212 0 18.04 22.69 
79559 4604 43 68 65 51 186 7 18.68 22.69 
79733 4604 43 68 65 51 185 0 19.94 22.41 
79907 4256 40 70 63 49 183 4 18.99 22.69 
80081 2446 28 92 58 46 193 0 48.84 15.49 
80256 3031 31 86 60 48 191 0 49.01 15.79 
80431 5954 110 114 148 117 383 0 47.26 15.79 
80606 4973 142 163 188 139 495 7 48.45 15.79 
80781 4827 146 172 194 142 514 0 46.05 43.42 
80957 4707 148 178 197 143 524 0 49.33 42.62 
81134 4744 144 173 192 140 510 0 45.66 43.40 
81310 4855 139 164 185 136 489 0 43.88 16.12 
81485 5460 123 136 165 127 431 0 43.28 13.11 
81659 6157 112 113 150 120 386 0 41.84 11.42 
81833 6880 104 97 140 116 355 0 42.50 16.12 
82008 7049 102 92 137 114 345 0 41.36 38.11 
82184 6950 96 88 129 107 325 0 40.46 9.74 
82358 7011 94 86 126 105 317 0 41.60 11.08 
82532 6441 72 74 99 81 254 0 39.78 10.74 
82706 6188 65 70 90 73 234 6 38.18 10.40 
82880 6158 69 73 94 76 246 0 19.31 10.08 
83053 5749 57 67 80 64 214 0 10.78 37.21 
83227 3779 44 77 67 49 192 0 38.20 15.79 
3401 2977 39 84 63 44 190 0 37.96 34.10 
83576 2977 39 84 63 44 190 0 36.60 32.32 
83751 2291 37 103 66 45 212 0 37.04 9.40 
83925 2047 37 111 67 44 219 0 34.95 16.76 
84099 1789 38 134 74 48 253 0 34.95 25.57 
84274 1807 38 133 74 48 252 6 32.90 9.74 
84448 1801 39 135 75 48 254 0 32.88 13.45 
84622 1731 38 145 78 51 270 10 31.59 9.06 
84796 1718 38 146 78 51 271 0 31.59 7.09 
84969 1731 38 145 78 51 271 0 31.59 7.09 
85142 1716 38 148 79 52 276 0 31.60 6.77 
85315 1741 40 148 80 52 276 0 31.59 6.77 
85488 1741 40 148 80 52 276 7 31.59 6.78 
85661 1741 40 148 80 52 276 0 31.60 6.77 
85834 1741 40 148 80 52 276 0 32.11 9.06 
86008 1716 38 148 79 52 276 6 32.88 6.77 
86181 1729 39 147 79 51 274 0 34.17 9.74 
86355 1729 39 147 79 51 274 2 34.17 15.81 
86529 1908 38 121 70 45 234 0 34.15 30.50 
86704 2170 35 101 63 42 203 0 34.15 30.50 
86879 2073 36 107 65 43 212 0 34.15 30.51 
87054 2073 36 107 65 43 212 0 33.15 10.42 
87228 2073 36 107 65 43 212 0 32.88 9.06 
87402 2024 36 110 66 43 217 0 32.88 9.06 
87576 1748 38 142 77 50 265 1 32.37 6.77 
87749 1748 38 142 77 50 265 0 31.59 6.77 
87922 1719 38 144 77 50 268 7 32.11 9.08 
88096 1731 38 145 78 51 270 0 31.33 8.36 
88269 1730 39 145 78 50 269 0 31.86 29.50 
88444 1746 39 144 78 51 269 0 33.15 29.50 
88619 1731 38 145 78 51 271 2 15.83 27.00 
88793 1742 39 146 79 51 272 1 16.78 27.85 
88967 1731 38 145 78 51 271 0 16.15 27.86 
89141 1716 38 148 79 52 276 9 17.08 27.28 
89315 1727 39 149 80 52 278 0 18.04 35.14 
89489 1716 38 148 79 52 276 5 15.83 16.12 
89662 2079 36 105 64 42 209 0 20.59 15.81 
89835 2118 36 102 63 41 204 0 18.68 14.45 
0008 2044 39 112 68 43 221 8 25.89 26.43 
90182 1736 41 150 81 51 279 0 26.47 14.47 
90356 1685 42 162 85 53 297 0 18.05 16.44 
90529 1660 40 161 83 52 292 0 16.78 25.28 
90703 1693 43 165 87 55 302 0 18.68 16.75 
90876 1675 42 163 85 53 298 0 16.47 9.74 
91049 1955 40 126 74 48 243 0 18.99 9.40 
91222 1983 33 109 64 44 212 0 23.31 10.40 
91395 2758 43 94 68 46 206 0 20.26 9.74 
91568 2759 44 93 68 45 204 0 22.15 8.06 
91741 3212 41 70 58 38 166 32 22.15 8.06 
91914 3472 41 65 57 38 159 0 15.83 6.77 
92086 3615 54 65 66 39 169 0 16.13 8.04 
92259 3685 79 77 88 47 212 6 15.50 9.74 
92432 3646 76 75 85 45 204 0 15.83 8.04 
92605 3682 87 79 94 48 221 0 14.14 7.09 
92777 3748 112 88 115 55 260 0 15.50 8.72 
92950 3748 112 88 115 55 261 0 15.50 8.74 
93123 3748 112 88 115 55 261 0 15.50 8.74 
93296 3727 113 89 116 55 261 0 10.42 7.09 
93468 3708 107 85 110 52 250 0 10.44 9.06 
93640 3715 104 83 107 51 244 9 10.44 6.77 
93812 3715 104 83 107 51 244 0 10.42 6.77 
93984 3693 105 84 108 51 245 0 10.44 6.78 
94156 3729 105 84 108 52 245 4 10.44 6.78 
94328 3729 105 84 108 52 245 0 10.10 7.09 
94500 3714 103 83 106 51 242 0 10.10 5.81 
94672 3689 86 74 91 45 212 0 10.10 5.81 
94844 3691 88 74 92 45 212 0 16.15 6.77 
95017 3691 88 74 92 45 213 0 19.31 8.06 
95190 3743 107 85 110 53 250 5 18.68 10.42 
95363 3734 110 87 113 54 257 0 18.36 10.74 
95536 3734 110 87 113 54 257 0 18.04 9.40 
95709 3734 110 87 113 54 257 5 15.83 9.06 
95882 3748 112 88 115 55 261 0 15.83 7.09 
96055 3740 116 90 118 56 266 0 18.99 9.40 
96228 3740 116 90 118 56 266 0 18.99 5.81 
96401 3740 116 90 118 56 266 0 18.99 5.80 
96574 3740 116 90 118 56 266 8 19.94 5.81 
96747 3728 115 89 117 55 264 0 21.20 5.81 
96920 3682 87 79 94 48 222 0 15.83 5.81 
97092 3708 63 71 75 44 189 5 20.26 5.81 
97265 3672 64 72 76 44 192 0 20.26 5.81 
97438 3672 64 72 76 44 192 0 20.26 6.77 
97611 3672 64 72 76 44 192 0 20.26 5.80 
97784 3672 64 72 76 44 192 0 20.25 5.81 
97957 3672 64 72 76 44 192 5 20.26 5.81 
98130 3672 64 72 76 44 192 0 19.64 5.81 
98303 3616 65 72 76 43 192 0 19.64 5.81 
98476 3735 68 72 79 45 197 6 19.64 5.81 
98649 3721 70 74 81 46 202 0 15.83 5.81 
98821 3721 70 74 81 46 202 0 15.83 5.81 
98993 3721 70 74 81 46 202 1 15.83 5.81 
99165 3721 70 74 81 46 202 0 19.62 18.65 
99338 3721 70 74 81 46 203 0 19.31 5.81 
99511 3724 85 79 93 49 222 0 19.31 5.80 
99684 3624 81 76 88 45 213 0 19.30 5.81 
99857 3624 81 76 88 45 213 3 19.30 5.81 
100030 3624 81 76 88 45 213 0 19.31 5.80 
100203 3624 81 76 88 45 213 0 19.31 5.81 
100376 3624 81 76 88 45 213 5 19.31 5.81 
100549 3624 81 76 88 45 213 0 18.05 5.81 
100722 3624 81 76 88 45 214 0 18.04 5.81 
100895 3624 81 76 88 45 215 0 18.05 5.81 
101068 3624 81 76 88 45 215 0 18.04 5.81 
101241 3624 81 76 88 45 215 6 19.31 5.81 
101414 3624 81 76 88 45 215 0 16.46 5.81 
101586 3624 81 76 88 45 215 0 9.08 5.81 
101758 3624 81 76 88 45 215 9 20.59 19.28 
101932 3624 81 76 88 45 215 0 16.46 6.77 
102105 3624 81 76 88 45 215 0 16.46 12.10 
102278 3624 81 76 88 45 215 0 16.46 9.74 
102451 3624 81 76 88 45 215 0 16.46 13.45 
102624 3624 81 76 88 45 215 8 17.73 11.76 
102797 3624 81 76 88 45 215 0 9.44 11.76 
102969 3624 81 76 88 45 215 0 16.15 6.77 
103142 3624 81 76 88 45 215 7 19.64 6.78 
103315 3624 81 76 88 45 215 0 9.42 6.78 
103487 3624 81 76 88 45 215 0 9.08 8.36 
103659 3680 86 79 93 48 224 5 9.08 8.36 
103831 3714 99 86 105 53 245 0 9.08 8.36 
104003 3729 99 87 106 54 248 0 9.08 8.38 
104175 3729 99 87 106 54 248 7 19.31 6.78 
104348 3729 99 87 106 54 248 0 9.08 6.77 
104520 3719 105 86 109 53 249 0 10.76 6.77 
104692 3734 110 87 113 54 257 6 14.82 15.81 
104865 3712 110 88 113 54 257 0 14.14 6.77 
105037 3712 110 88 113 54 257 0 15.83 6.77 
105209 3712 110 88 113 54 257 2 16.13 6.77 
105382 3712 110 88 113 54 257 0 15.50 6.77 
105554 3712 110 88 113 54 258 0 15.50 6.77 
105726 3712 110 88 113 54 258 0 15.83 5.81 
105898 3712 110 88 113 54 258 0 15.50 15.79 
106071 3712 110 88 113 54 258 0 15.50 15.81 
106244 3712 110 88 113 54 258 0 15.50 15.79 
106417 3712 110 88 113 54 258 0 15.50 15.79 
106590 3712 110 88 113 54 258 8 14.82 12.78 
106763 3713 111 88 114 54 258 0 11.10 9.74 
106935 3751 102 83 106 52 244 0 11.44 11.10 
107107 3712 110 88 113 54 258 9 11.78 10.42 
107279 3731 117 92 120 57 272 0 11.10 8.06 
107451 3700 118 92 120 56 271 0 8.74 6.77 
107623 3719 117 91 119 56 270 9 7.75 13.79 
107795 3727 113 89 116 55 263 0 6.46 9.06 
107967 3727 113 89 116 55 263 0 6.46 9.40 
108139 3713 82 73 88 45 208 7 6.14 5.49 
108311 3698 83 72 88 44 207 0 6.46 6.46 
108483 3716 85 73 90 45 211 0 6.46 6.44 
108655 3716 95 78 99 48 227 2 6.46 6.44 
108827 3692 97 79 100 48 230 0 6.46 6.44 
108999 3692 97 79 100 48 230 2 6.46 6.46 
109171 3692 97 79 100 48 230 0 6.46 6.46 
109343 3692 97 79 100 48 230 0 6.46 6.46 
109515 3692 97 79 100 48 230 0 6.46 7.41 
109687 3694 98 79 101 48 231 0 6.46 7.41 
109859 3732 97 79 101 49 231 11 6.46 7.41 
110031 3732 97 79 101 49 231 0 6.46 7.41 
110203 3732 97 79 101 49 231 0 6.46 7.41 
110375 3707 97 80 101 49 231 0 9.08 8.38 
110547 3732 97 79 101 49 231 0 6.46 4.52 
110719 3707 97 80 101 49 231 6 7.43 9.74 
110891 3707 97 80 101 49 231 0 8.38 5.49 
111063 3707 97 80 101 49 231 0 8.06 5.49 
111235 3707 97 80 101 49 232 0 9.08 5.81 
111407 3707 97 80 101 49 232 3 9.76 5.49 
111579 3707 97 80 101 49 232 0 15.83 10.42 
111752 3716 85 73 90 45 211 0 17.41 6.77 
111925 3705 104 85 108 52 247 0 21.84 5.81 
112098 3732 51 67 66 42 180 0 27.61 5.81 
112271 2199 36 96 61 39 197 9 31.84 5.81 
112444 3632 67 67 75 40 183 0 35.44 41.31 
112620 3755 91 78 97 49 225 0 36.14 58.00 
112797 3739 66 64 74 40 180 0 31.59 5.81 
112970 3729 93 79 98 49 228 9 31.60 9.74 
113144 3752 60 62 69 39 170 0 34.44 43.81 
113320 3742 79 72 86 45 205 5 34.68 42.82 
113496 3745 95 80 100 50 232 0 34.70 6.77 
113670 3745 95 80 100 50 233 9 34.94 6.77 
113844 3720 96 81 101 50 234 0 35.68 9.74 
114018 3771 94 79 99 50 230 0 34.17 6.77 
114192 3771 94 79 99 50 230 0 34.15 6.78 
114366 3748 83 75 90 47 213 0 76.87 5.80 
114542 3746 70 67 78 42 187 0 72.05 6.78 
114718 3631 71 72 80 43 195 3 72.06 58.68 
114897 3100 46 74 62 38 176 0 70.31 5.49 
115073 2328 42 101 67 42 209 0 26.47 6.46 
115246 1787 38 136 75 49 257 0 77.15 69.04 
115426 6305 91 96 125 102 324 0 69.92 61.63 
115605 6816 127 124 173 144 444 0 66.88 9.74 
115781 6763 118 117 161 134 415 0 67.73 6.44 
115957 6410 90 95 124 102 324 0 56.42 6.46 
116132 6267 86 92 119 97 312 0 61.15 6.44 
116307 6799 122 119 166 138 427 0 15.83 6.44 
116479 5789 84 106 121 99 325 0 12.12 15.79 
116652 1678 24 138 72 60 264 10 13.48 18.63 
116825 2573 120 177 142 63 386 0 19.30 50.95 
117000 2606 111 167 134 62 368 8 55.86 5.49 
117175 1639 23 141 72 60 267 0 56.00 6.46 
117350 1624 21 150 74 64 281 14 56.01 6.44 
117525 5246 71 104 107 87 297 0 52.72 49.45 
117702 5219 71 106 108 88 301 0 51.03 5.49 
117876 1630 23 144 73 61 272 0 48.64 43.21 
118053 2572 138 197 160 68 431 0 35.92 15.81 
118227 2548 143 206 166 70 448 0 16.76 5.49 
118399 4061 104 143 141 98 385 8 15.83 15.79 
118572 3944 161 235 223 156 618 0 16.78 7.74 
118745 1664 15 156 81 84 316 0 22.73 19.28 
118919 7046 94 124 145 129 402 9 16.46 16.75 
119092 7301 106 129 160 142 435 0 15.50 5.49 
119264 1909 32 131 74 57 258 8 18.68 6.43 
119437 1690 26 174 81 61 309 0 18.68 6.44 
119610 1768 24 172 78 58 302 0 9.08 5.49 
119782 1782 24 172 78 59 303 7 7.43 4.20 
119954 1808 23 173 78 59 303 0 14.14 4.54 
120126 1808 23 173 78 59 303 0 9.08 4.20 
120298 1808 23 173 78 59 303 9 9.08 4.20 
120470 1808 23 173 78 59 304 0 12.46 4.22 
120642 1808 23 173 78 59 304 0 16.15 4.54 
120814 1808 23 173 78 59 304 8 17.73 9.40 
120987 1745 25 173 79 59 304 0 15.83 16.12 
121160 1845 32 135 75 57 262 0 18.68 15.79 
121333 6573 81 126 133 119 380 0 45.07 43.20 
121509 3757 142 204 192 129 439 0 46.85 45.19 
121686 2745 87 120 102 47 273 0 46.65 44.20 
121862 2812 84 113 98 46 262 8 46.65 30.77 
122038 2805 85 114 99 46 264 0 46.65 44.20 
122214 2805 85 114 99 46 264 0 46.65 30.77 
122390 2805 85 114 99 46 264 0 46.65 30.77 
122566 2805 85 114 99 46 264 0 46.65 30.77 
122742 2805 85 114 99 46 264 0 39.78 29.50 
122917 2805 85 114 99 46 264 0 46.65 30.79 
123093 2805 85 114 99 46 264 0 46.67 30.77 
123269 2805 85 114 99 46 264 0 46.65 30.77 
123445 2805 85 114 99 46 264 10 46.65 29.48 
123621 2805 85 114 99 46 264 0 46.65 30.79 
123797 2805 85 114 99 46 264 0 46.65 30.77 
123973 2805 85 114 99 46 264 0 46.67 44.20 
124150 2805 85 114 99 46 264 0 46.65 30.77 
124326 2805 85 114 99 46 264 4 46.65 44.20 
