=~=~=~=~=~=~=~=~=~=~=~= PuTTY log 2025.11.28 18:07:56 =~=~=~=~=~=~=~=~=~=~=~=
50.46 
ets Jul 29 2019 12:21:46

rst:0x1 (POWERON_RESET),boot:0x13 (SPI_FAST_FLASH_BOOT)
configsip: 0, SPIWP:0xee
clk_drv:0x00,q_drv:0x00,d_drv:0x00,cs0_drv:0x00,hd_drv:0x00,wp_drv:0x00
mode:DIO, clock div:1
load:0x3fff0030,len:4980
load:0x40078000,len:16612
load:0x40080400,len:3480
entry 0x400805b4
E (7) i2c.master: I2C hardware timeout detected
E (7) i2c.master: probe device timeout. Please check if xfer_timeout_ms and pull-ups are correctly set up
No TCS34725 found ... check your connections
Milis - ColorTemp - Lux - R - G - B - C - Pot - UsensA - UsensB

412 3920 29 44 41 29 115 1 83.96 84.12 
593 3920 29 44 41 29 115 0 83.93 55.64 
772 3920 29 44 41 29 115 0 83.95 83.67 
953 3920 29 44 41 29 115 0 83.93 55.62 
1132 3920 29 44 41 29 115 0 83.93 55.64 
1311 3920 29 44 41 29 115 0 83.93 55.64 
1490 3920 29 44 41 29 115 2 83.95 84.10 
1671 3920 29 44 41 29 115 0 83.89 55.64 
1850 3920 29 44 41 29 115 0 83.88 55.66 
2029 3920 29 44 41 29 115 0 83.88 55.66 
2208 3920 29 44 41 29 115 0 83.96 56.49 
2387 3920 29 44 41 29 115 0 83.89 55.67 
2566 3920 29 44 41 29 115 0 83.96 84.12 
2747 3920 29 44 41 29 115 0 83.89 55.66 
2926 3920 29 44 41 29 115 0 83.96 84.10 
3107 3920 29 44 41 29 115 0 83.96 83.69 
3288 3920 29 44 41 29 115 0 83.88 55.66 
3467 3920 29 44 41 29 115 0 83.91 55.64 
3646 3920 29 44 41 29 115 0 83.89 51.80 
3825 3920 29 44 41 29 115 0 83.98 84.10 
4006 3920 29 44 41 29 115 0 83.91 55.64 
4185 3920 29 44 41 29 115 0 83.89 50.97 
4364 3920 29 44 41 29 115 0 83.89 55.66 
4543 3920 29 44 41 29 115 3 83.89 55.66 
4722 3920 29 44 41 29 115 0 83.95 83.69 
4903 3920 29 44 41 29 115 0 83.96 56.07 
5082 3920 29 44 41 29 115 0 83.89 55.66 
5261 3920 29 44 41 29 115 0 83.89 55.66 
5440 3920 29 44 41 29 115 0 83.98 84.08 
5621 3920 29 44 41 29 115 0 83.88 55.64 
5800 3920 29 44 41 29 115 0 83.89 50.95 
5979 3920 29 44 41 29 115 0 83.89 55.64 
6158 3920 29 44 41 29 115 0 84.00 59.55 
6338 3920 29 44 41 29 115 0 83.91 55.64 
6517 3920 29 44 41 29 115 0 83.98 84.12 
6698 3920 29 44 41 29 115 0 83.88 55.64 
6877 3920 29 44 41 29 115 0 83.89 55.66 
7056 3920 29 44 41 29 115 0 83.91 50.95 
7235 3920 29 44 41 29 115 4 83.89 51.80 
7414 3920 29 44 41 29 115 0 83.89 55.67 
7593 3920 29 44 41 29 115 0 83.89 55.66 
7772 3920 29 44 41 29 115 0 83.89 50.95 
7951 3920 29 44 41 29 115 4 83.96 84.10 
8132 3920 29 44 41 29 115 0 83.98 59.57 
8312 3920 29 44 41 29 115 0 83.96 84.12 
8493 3920 29 44 41 29 115 0 83.89 50.97 
8672 3920 29 44 41 29 115 0 83.98 84.12 
8853 3920 29 44 41 29 115 0 83.89 55.66 
9032 3920 29 44 41 29 115 1 83.91 55.64 
9211 3920 29 44 41 29 115 0 83.89 55.64 
9390 3920 29 44 41 29 115 0 83.89 56.08 
9569 3920 29 44 41 29 115 0 83.96 59.13 
9749 3920 29 44 41 29 115 1 83.89 55.66 
9928 3920 29 44 41 29 115 0 83.88 50.97 
10107 3920 29 44 41 29 115 0 83.96 84.12 
10288 3920 29 44 41 29 115 0 83.96 84.03 
10469 3920 29 44 41 29 115 0 83.88 51.80 
10648 3920 29 44 41 29 115 2 83.88 51.80 
10827 3920 29 44 41 29 115 0 83.88 50.95 
11006 3920 29 44 41 29 115 0 83.89 55.66 
11185 3920 29 44 41 29 115 0 83.88 55.66 
11364 3920 29 44 41 29 115 2 83.88 55.66 
11543 3920 29 44 41 29 115 4 83.88 55.66 
11722 3920 29 44 41 29 115 0 83.89 55.67 
11901 3920 29 44 41 29 115 0 83.98 55.96 
12080 3920 29 44 41 29 115 2 83.88 50.95 
12259 3920 29 44 41 29 115 0 83.89 56.49 
12438 3920 29 44 41 29 115 0 83.95 50.46 
12617 3920 29 44 41 29 115 0 83.98 55.93 
12796 3920 29 44 41 29 115 2 83.98 84.12 
12977 3920 29 44 41 29 115 0 83.96 84.12 
13158 3920 29 44 41 29 115 0 83.96 84.10 
13339 3920 29 44 41 29 115 0 83.96 84.10 
13520 3920 29 44 41 29 115 0 83.95 63.02 
13700 3920 29 44 41 29 115 0 83.98 83.76 
13881 3920 29 44 41 29 115 0 83.98 83.69 
14062 3920 29 44 41 29 115 1 83.98 83.72 
14243 3920 29 44 41 29 115 0 83.98 83.74 
14424 3920 29 44 41 29 115 0 83.96 83.72 
14605 3920 29 44 41 29 115 0 83.98 84.08 
14786 3920 29 44 41 29 115 0 83.98 51.31 
14965 3920 29 44 41 29 115 0 83.98 84.10 
15146 3920 29 44 41 29 115 0 83.98 50.46 
15325 3920 29 44 41 29 115 0 83.96 62.19 
15505 3920 29 44 41 29 115 0 84.07 83.76 
15686 3920 29 44 41 29 115 0 83.96 83.76 
15867 3920 29 44 41 29 115 0 63.12 58.85 
16045 3920 29 44 41 29 115 2 84.00 55.93 
16224 3920 29 44 41 29 115 0 83.89 53.48 
16403 3920 29 44 41 29 115 5 59.11 63.58 
16581 3920 29 44 41 29 115 0 58.67 55.78 
16759 3920 29 44 41 29 114 0 57.83 54.01 
16937 3780 29 44 41 28 114 0 59.08 55.01 
17115 3920 29 44 41 29 114 0 83.96 55.78 
17294 3920 29 44 41 29 115 14 83.96 55.93 
17473 3920 29 44 41 29 114 0 83.98 83.72 
17654 3920 29 44 41 29 115 0 70.50 58.99 
17833 3920 29 44 41 29 115 0 64.40 62.92 
18012 3920 29 44 41 29 115 0 83.96 57.75 
18191 3920 29 44 41 29 115 0 84.10 59.40 
18371 3920 29 44 41 29 115 0 84.07 55.51 
18550 3920 29 44 41 29 115 0 84.15 58.04 
18730 3920 29 44 41 29 115 0 84.08 58.14 
18910 3920 29 44 41 29 115 3 84.08 59.01 
19090 3920 29 44 41 29 115 0 82.55 57.75 
19269 3828 30 45 42 29 117 0 69.07 70.57 
19448 2488 155 226 179 73 488 0 80.22 66.79 
19628 2450 189 275 216 85 589 0 65.91 57.05 
19806 2455 192 278 219 86 596 0 63.53 53.82 
19984 2461 192 279 220 87 599 0 63.95 69.09 
20163 2444 185 271 212 84 579 0 63.55 61.79 
20342 2447 161 242 188 77 515 2 63.41 49.27 
20520 2508 132 198 156 67 428 0 59.92 46.19 
20697 4658 28 45 43 34 123 0 56.15 59.01 
20875 4650 30 46 45 35 127 2 55.59 54.35 
21053 3895 64 93 88 61 245 0 55.59 66.52 
21231 4018 30 46 43 31 120 0 65.76 66.37 
21410 3880 29 46 42 30 118 0 64.94 62.76 
21589 3969 29 45 42 30 117 0 61.73 61.23 
21767 3880 29 46 42 30 118 0 60.20 60.11 
21945 3830 28 45 41 29 116 0 59.09 60.23 
22123 3830 28 45 41 29 115 2 59.09 60.11 
22301 3830 28 45 41 29 116 0 58.82 59.98 
22479 3830 28 45 41 29 116 0 57.95 58.58 
22657 3920 29 44 41 29 115 1 54.26 54.16 
22835 3920 29 44 41 29 115 0 52.90 53.84 
23012 4127 28 45 42 31 118 0 51.88 53.14 
23189 3830 28 45 41 29 115 3 51.54 52.80 
23366 3830 28 45 41 29 116 0 49.01 50.29 
23543 3932 36 56 52 37 146 0 47.85 47.01 
23720 3795 48 72 67 46 187 0 43.88 44.61 
23896 3779 28 44 40 28 113 0 41.38 40.87 
24072 5689 29 46 47 40 134 5 39.34 40.19 
24248 24600 34 59 74 86 221 0 39.12 39.75 
24424 28550 35 60 77 91 229 0 38.66 39.73 
24600 28550 35 60 77 91 230 0 38.20 39.03 
24776 28550 35 60 77 91 230 0 36.14 38.81 
24952 29095 34 59 76 90 227 0 78.39 41.79 
25130 28991 34 60 76 90 227 0 63.82 66.25 
25309 26747 34 59 75 88 224 0 74.75 44.22 
25487 24335 35 59 75 87 222 3 61.44 41.11 
25664 26401 35 59 76 89 225 0 37.28 37.01 
25840 26401 35 59 76 89 225 0 31.59 31.55 
26015 5827 85 125 132 112 374 0 30.31 63.90 
26192 26282 35 60 76 89 227 0 51.37 64.68 
26370 16779 33 56 67 74 198 2 64.09 64.02 
26549 5211 29 45 45 37 128 0 96.83 65.65 
26730 3870 28 43 40 28 112 0 64.51 48.18 
26908 3875 27 43 39 28 110 0 93.81 94.38 
27090 3870 28 43 40 28 111 0 58.28 60.23 
27268 3870 28 43 40 28 111 0 89.20 72.85 
27449 3996 59 80 79 54 217 0 87.19 72.86 
27630 3771 83 126 116 80 328 0 86.89 72.35 
27811 4638 33 50 49 38 138 0 73.15 99.93 
27992 9658 30 51 56 56 163 0 73.95 99.57 
28173 15583 32 55 65 71 193 0 95.86 95.44 
28355 13335 32 54 63 67 185 0 93.19 92.07 
28537 4658 28 45 43 34 123 0 89.23 59.69 
28717 3779 28 44 40 28 112 0 86.63 59.89 
28897 3830 28 45 41 29 115 0 81.65 57.58 
29076 3830 28 45 41 29 116 0 78.05 57.87 
29255 3830 28 45 41 29 116 0 75.55 57.60 
29434 7018 30 49 51 47 148 2 71.62 62.20 
29613 14327 32 55 64 69 190 0 62.58 72.42 
29792 12306 34 55 64 67 188 0 72.71 55.66 
29971 6559 49 73 79 70 226 0 70.84 59.40 
30150 3691 120 174 162 108 450 2 69.60 60.25 
30329 3629 86 131 119 80 336 0 69.68 70.70 
30508 3924 36 53 50 35 139 0 69.51 70.06 
30687 4024 27 43 40 29 113 0 71.28 58.74 
30866 4765 28 44 43 34 122 1 68.29 69.58 
31045 5002 27 44 43 35 123 0 67.01 69.33 
31224 4836 27 44 42 34 121 0 65.48 67.46 
31403 7125 29 47 50 46 146 0 60.20 62.59 
31581 25655 37 60 78 91 231 0 56.71 57.88 
31759 25253 37 61 79 92 234 0 55.86 57.03 
31937 27177 37 62 80 94 238 0 53.57 57.03 
32115 24986 38 61 80 93 236 2 51.87 56.92 
32293 23726 36 60 77 89 228 0 50.90 55.93 
32470 5611 33 51 52 44 149 0 49.54 59.70 
32648 3863 92 129 124 84 343 2 49.37 55.93 
32825 3652 80 122 111 75 310 0 48.48 55.91 
33002 3680 60 92 84 57 236 0 50.05 55.79 
33179 3696 64 98 89 61 250 0 54.45 59.28 
33357 3957 88 126 121 84 337 0 84.30 62.88 
33537 27646 36 61 79 93 235 0 68.31 67.35 
33716 24986 38 61 80 93 236 0 65.94 68.97 
33895 9793 31 51 57 57 167 0 86.21 65.69 
34075 4076 28 44 41 30 116 0 59.81 62.47 
34253 18182 34 56 69 77 204 0 59.77 61.64 
34431 27284 37 61 80 94 236 1 59.64 61.63 
34609 27284 37 61 80 94 236 0 62.85 62.07 
34787 27284 37 61 80 94 236 0 104.48 71.20 
34968 27646 36 61 79 93 234 0 70.14 68.97 
35147 24986 38 61 80 93 236 0 68.00 69.24 
35326 24986 38 61 80 93 236 0 66.89 138.09 
35509 25253 37 61 79 92 234 0 244.36 62.75 
35698 8158 67 100 113 107 324 0 252.71 107.49 
35890 9927 55 87 99 99 288 0 252.84 61.78 
36080 23830 35 61 76 88 225 2 252.50 238.70 
36280 12189 31 54 61 64 180 0 247.67 55.91 
36469 3870 28 43 40 28 112 0 277.03 96.51 
36662 9658 30 51 56 56 164 1 243.66 60.37 
36851 26628 34 60 75 88 225 0 243.17 61.35 
37040 26628 34 60 75 88 225 0 242.74 60.94 
37229 29463 33 60 75 89 225 2 243.83 61.37 
37418 26747 34 59 75 88 223 0 247.25 56.92 
37607 23208 33 58 71 82 213 0 285.01 62.46 
37799 3928 27 44 40 29 113 0 247.33 68.46 
37989 8673 45 74 80 78 234 0 71.45 71.62 
38169 12396 52 78 95 99 276 0 76.18 75.07 
38349 12453 34 54 64 67 187 0 76.42 75.62 
38529 3828 30 45 42 29 116 0 75.97 74.71 
38709 3830 28 45 41 29 115 0 76.52 75.50 
38889 3920 29 44 41 29 115 0 76.96 75.92 
39069 3830 28 45 41 29 115 0 76.50 76.74 
39249 3830 28 45 41 29 115 0 75.70 76.31 
39429 3920 29 44 41 29 115 0 76.13 75.89 
39609 3920 29 44 41 29 115 0 76.67 75.41 
39789 3920 29 44 41 29 115 0 72.61 72.68 
39969 3920 29 44 41 29 115 0 72.79 71.94 
40149 9019 31 51 56 55 164 0 72.78 71.98 
40329 11521 34 54 63 65 183 0 73.59 71.96 
40509 10772 35 54 63 64 183 0 71.21 70.21 
40688 12453 34 54 64 67 187 0 69.17 70.36 
40867 20701 35 59 73 83 216 0 245.92 246.93 
41067 27284 37 61 80 94 237 0 796.23 117.86 
41292 24619 38 62 81 94 239 0 116.52 115.80 
41477 6206 82 119 128 111 364 1 796.30 117.52 
41702 7959 66 102 112 106 324 0 115.62 98.70 
41886 7959 66 102 112 106 324 0 239.07 62.46 
42075 15736 43 72 86 94 255 0 240.23 61.78 
42264 26162 35 61 76 89 227 0 239.19 62.63 
42453 23830 35 61 76 88 226 0 796.31 117.86 
42678 23830 35 61 76 88 227 0 106.83 117.67 
42862 4814 29 45 44 35 125 0 108.36 110.23 
43046 4076 28 44 41 30 116 0 114.21 105.37 
43230 4076 28 44 41 30 115 0 246.36 114.50 
43422 3779 28 44 40 28 112 0 105.43 55.64 
43603 3779 28 44 40 28 112 0 227.41 52.63 
43791 3779 28 44 40 28 113 0 226.41 55.79 
43979 3779 28 44 40 28 113 0 107.47 96.51 
44162 3779 28 44 40 28 112 0 110.25 79.68 
44344 3779 28 44 40 28 113 0 110.47 100.96 
44528 3830 28 45 41 29 114 0 101.27 77.54 
44710 3830 28 45 41 29 116 0 96.03 94.91 
44892 3791 66 94 89 60 247 0 216.14 71.62 
45080 3746 31 46 43 29 120 0 215.68 73.93 
45268 3830 28 45 41 29 115 0 212.84 43.84 
45454 3920 29 44 41 29 115 0 212.69 44.22 
45640 3920 29 44 41 29 115 0 211.80 210.22 
45836 3920 29 44 41 29 114 0 209.29 64.16 
46023 3920 29 44 41 29 114 10 796.30 63.02 
46245 3830 28 45 41 29 115 0 209.64 64.82 
46432 3830 28 45 41 29 116 0 83.32 65.25 
46612 3828 30 45 42 29 117 0 207.33 63.44 
46799 3880 29 46 42 30 118 0 36.82 133.14 
46980 3880 29 46 42 30 119 0 82.19 36.09 
47158 3830 28 45 41 29 117 4 73.34 67.32 
47337 3969 29 45 42 30 118 0 73.44 60.26 
47516 3929 29 47 43 31 122 0 41.40 43.64 
47692 3953 49 69 67 46 186 0 44.28 67.49 
47870 3916 70 100 96 66 268 0 67.03 67.07 
48049 4257 55 80 78 57 218 0 66.47 67.07 
48228 5588 47 70 73 61 207 0 67.73 81.04 
48408 5416 48 70 73 60 206 0 49.35 44.79 
48585 3908 80 117 111 77 310 0 49.18 45.58 
48762 3779 28 44 40 28 112 0 49.18 46.00 
48939 3779 28 44 40 28 112 0 49.20 46.00 
49116 3779 28 44 40 28 112 0 81.48 45.41 
49295 3779 28 44 40 28 112 0 44.06 42.43 
49471 3830 28 45 41 29 114 0 44.08 42.43 
49647 3860 59 83 80 54 221 0 44.08 42.42 
49823 3847 81 111 108 72 294 17 44.08 44.20 
49999 3847 81 111 108 72 295 0 44.08 42.42 
50175 3847 81 111 108 72 295 0 75.02 44.61 
50353 3847 81 111 108 72 295 0 49.16 49.78 
50530 3925 38 56 53 37 146 0 52.05 53.48 
50707 2653 26 67 46 33 145 0 52.89 53.99 
50884 1790 23 162 73 54 284 0 52.39 54.01 
51061 1824 23 168 75 55 294 0 52.04 54.01 
51238 1824 23 168 75 55 294 4 52.39 53.99 
51415 1824 23 168 75 55 294 0 52.90 53.99 
51592 1824 23 168 75 55 294 0 52.89 54.01 
51769 1824 23 168 75 55 294 0 52.39 54.31 
51946 1910 22 168 74 55 293 0 52.39 53.50 
52123 1876 22 167 74 55 292 13 52.39 55.66 
52301 1876 22 167 74 55 292 0 52.39 55.18 
52478 1876 22 167 74 55 292 0 52.38 54.33 
52655 1876 22 167 74 55 292 2 52.38 54.35 
52832 1876 22 167 74 55 292 0 52.38 55.18 
53009 1876 22 167 74 55 292 0 52.39 54.35 
53186 1876 22 167 74 55 292 0 52.38 54.33 
53363 1876 22 167 74 55 292 2 52.38 55.64 
53541 1876 22 167 74 55 292 0 52.39 54.35 
53718 1876 22 167 74 55 293 0 52.39 54.33 
53895 1876 22 167 74 55 292 0 52.38 54.37 
54072 1876 22 167 74 55 292 0 52.38 55.64 
54250 1876 22 167 74 55 292 0 52.38 55.64 
54428 1876 22 167 74 55 292 0 52.38 55.66 
54606 1876 22 167 74 55 292 0 52.38 53.50 
54783 1876 22 167 74 55 292 3 52.38 53.50 
54960 1876 22 167 74 55 292 0 52.38 54.35 
55137 1876 22 167 74 55 292 1 52.38 55.64 
55315 1876 22 167 74 55 292 0 52.39 54.35 
55492 1876 22 167 74 55 292 0 52.38 54.33 
55669 1876 22 167 74 55 292 3 51.88 53.82 
55846 1876 22 167 74 55 292 0 50.69 55.79 
56023 1876 22 167 74 55 291 3 51.54 52.31 
56200 1826 23 166 74 54 289 0 51.54 53.18 
56377 1845 22 166 74 55 290 0 51.54 55.79 
56554 1845 22 166 74 55 290 7 51.54 54.50 
56731 1845 22 166 74 55 290 0 51.54 53.65 
56908 1845 22 166 74 55 290 0 51.54 52.82 
57085 1845 22 166 74 55 290 3 51.54 52.82 
57262 1845 22 166 74 55 290 0 51.54 54.50 
57439 1845 22 166 74 55 290 0 51.54 51.49 
57616 1845 22 166 74 55 290 0 51.54 55.81 
57793 1845 22 166 74 55 290 0 53.40 55.67 
57971 1826 23 166 74 54 290 0 55.74 61.08 
58149 1876 22 167 74 55 291 0 57.99 83.39 
58328 1845 22 166 74 55 291 0 55.74 58.04 
58506 1816 22 165 74 55 290 0 53.40 55.95 
58684 1876 22 167 74 55 292 17 48.84 56.76 
58861 1847 22 164 73 54 287 0 72.17 68.60 
59040 3446 27 51 42 30 123 0 69.89 77.37 
59220 1792 36 144 79 57 278 0 68.83 37.69 
59397 3638 156 265 229 163 667 0 69.33 36.09 
59574 4212 205 296 288 209 806 0 69.68 36.09 
59751 4198 203 291 284 205 794 3 68.15 36.53 
59928 4208 202 292 284 206 795 0 67.86 36.33 
60105 4205 204 292 285 206 797 0 68.70 36.31 
60282 4109 203 291 282 201 788 0 68.70 35.87 
60459 4058 202 290 280 198 782 0 69.14 38.83 
60637 4058 202 290 280 198 781 0 69.14 39.29 
60815 4134 199 285 277 198 773 0 68.29 39.27 
60992 4204 199 288 280 203 783 0 68.70 67.90 
61171 4212 200 289 281 204 787 0 68.71 39.73 
61349 4212 200 289 281 204 787 0 70.29 66.37 
61528 4158 196 287 276 200 775 0 71.55 72.79 
61708 3014 115 231 177 121 534 0 71.89 76.99 
61888 2766 99 213 155 104 475 0 71.37 69.14 
62067 2792 100 215 157 106 480 0 71.37 69.16 
62246 2830 103 217 160 108 488 0 43.47 69.12 
62424 2565 86 206 142 96 446 0 46.46 48.94 
62601 1631 25 125 63 46 232 0 76.98 57.87 
62780 3779 28 44 40 28 112 0 72.62 69.46 
62960 3875 27 43 39 28 110 0 72.18 69.92 
63140 3875 27 43 39 28 111 0 72.20 70.29 
63320 3875 27 43 39 28 110 0 72.20 70.72 
63500 3875 27 43 39 28 110 1 72.18 69.94 
63680 3875 27 43 39 28 110 0 72.61 69.84 
63860 3875 27 43 39 28 110 0 48.82 60.23 
64038 3875 27 43 39 28 110 0 48.86 49.28 
64215 3830 28 45 41 29 116 2 64.40 79.80 
64395 3880 29 46 42 30 117 0 64.23 76.25 
64574 3880 29 46 42 30 118 0 55.88 77.21 
64753 3830 28 45 41 29 116 0 51.53 55.66 
64930 1623 23 130 63 46 236 0 53.06 79.95 
65109 1750 21 149 68 51 264 0 71.98 55.78 
65288 1790 23 162 73 54 284 0 72.78 56.59 
65467 1817 22 163 73 54 286 0 58.38 89.42 
65647 1903 21 165 73 55 289 0 58.65 55.78 
65825 1876 22 167 74 55 292 0 59.50 55.78 
66003 1843 22 168 75 56 294 0 62.13 80.48 
66183 1937 21 168 74 56 293 0 78.03 91.26 
66364 1691 26 170 79 59 305 0 78.03 92.06 
66545 1726 25 170 78 58 303 0 90.97 80.04 
66726 1726 25 170 78 58 302 0 93.11 57.58 
66906 1629 34 173 87 64 321 0 94.78 55.79 
67086 2830 100 214 157 107 481 0 93.72 55.79 
67266 3117 123 227 181 121 533 2 93.65 57.46 
67446 3119 125 229 183 122 538 0 92.28 59.55 
67626 3121 122 228 181 122 535 0 57.83 55.67 
67804 1844 47 179 100 72 349 0 56.00 81.35 
67983 1876 22 167 74 55 292 11 53.23 80.22 
68162 1843 22 168 75 56 295 0 53.23 80.24 
68341 1764 23 163 74 55 287 0 55.88 55.81 
68519 1721 24 159 73 54 282 0 57.82 98.80 
68699 3830 28 45 41 29 116 0 57.83 58.74 
68877 3880 33 49 46 32 128 0 61.44 61.35 
69055 3742 76 108 102 68 282 0 62.27 63.73 
69234 3920 29 44 41 29 114 0 62.27 63.31 
69413 3830 28 45 41 29 115 0 62.83 62.47 
69592 3830 28 45 41 29 115 0 62.41 61.63 
69770 3830 28 45 41 29 115 0 65.21 66.23 
69949 3920 29 44 41 29 114 1 69.77 69.60 
70128 3830 28 45 41 29 116 0 71.62 87.28 
70309 3920 29 44 41 29 114 0 86.96 88.09 
70490 3830 28 45 41 29 116 0 85.20 87.46 
70671 3830 28 45 41 29 116 0 85.36 86.68 
70852 3880 29 46 42 30 119 0 85.71 87.06 
71033 3875 30 46 43 30 119 1 91.36 83.33 
71214 3880 29 46 42 30 118 0 93.89 91.99 
71396 3830 28 45 41 29 115 0 91.94 89.86 
71578 3880 29 46 42 30 118 0 90.00 38.59 
71757 3830 28 45 41 29 116 0 90.36 39.05 
71936 3920 29 44 41 29 114 0 90.10 37.89 
72115 3830 28 45 41 29 115 0 89.81 36.29 
72294 3830 28 45 41 29 116 0 86.26 57.60 
72474 3880 29 46 42 30 118 0 86.07 86.85 
72655 3830 28 45 41 29 116 0 86.00 72.96 
72836 3830 28 45 41 29 116 0 85.99 72.54 
73016 3830 28 45 41 29 116 1 86.07 73.39 
73197 3830 28 45 41 29 116 0 88.03 37.89 
73376 3830 28 45 41 29 116 0 88.59 37.43 
73555 3830 28 45 41 29 115 0 90.30 38.13 
73734 3830 28 45 41 29 117 3 92.84 40.63 
73913 3741 28 46 41 29 117 0 93.19 40.17 
74092 3626 30 49 43 30 122 0 93.02 95.78 
74274 3545 29 50 43 30 124 0 122.60 81.02 
74457 1621 23 129 63 47 236 0 180.29 179.91 
74649 1767 23 157 71 52 276 0 180.44 180.27 
74841 1839 21 161 72 54 283 0 180.01 179.33 
75033 1871 22 171 76 57 300 0 178.52 177.23 
75225 1876 22 167 74 55 292 0 178.72 177.02 
75417 1817 22 163 73 54 285 0 178.33 177.50 
75609 1845 22 166 74 55 291 0 178.35 116.25 
75797 1876 22 167 74 55 292 0 177.09 117.15 
75985 1845 22 166 74 55 291 0 176.90 115.09 
76173 2402 27 79 51 37 166 0 181.02 179.69 
76365 2473 27 76 50 36 161 0 183.67 182.19 
76558 1797 23 167 75 55 293 0 187.46 123.18 
76747 1643 26 158 75 55 285 0 187.60 172.35 
76939 1620 32 175 86 63 321 0 187.03 173.54 
77131 2248 65 189 119 83 392 0 187.20 186.17 
77324 2369 72 197 128 89 415 0 177.11 174.62 
77516 2644 88 208 145 100 455 0 176.31 126.33 
77705 2042 61 202 120 85 409 0 192.22 189.14 
77899 2328 76 210 135 94 443 0 192.18 175.88 
78092 3519 187 278 252 164 706 0 255.73 103.94 
78284 3499 193 282 257 165 716 0 98.72 100.06 
78467 3434 180 256 235 146 649 0 94.08 69.53 
78648 3366 184 267 241 149 669 0 69.29 96.53 
78829 3267 162 255 220 139 623 0 67.56 66.95 
79008 3245 151 243 207 132 589 0 94.23 55.79 
79188 3174 140 236 196 126 564 1 93.99 56.07 
79368 2847 107 218 163 108 491 0 93.98 55.52 
79548 2456 77 200 133 92 425 0 90.80 78.79 
79729 2651 80 189 132 91 411 0 88.76 64.14 
79909 3584 117 176 160 106 444 0 88.21 63.46 
80089 3579 136 203 185 122 515 0 87.43 62.05 
80269 3559 139 206 188 123 522 0 85.22 61.22 
80449 3533 148 221 200 131 559 0 61.03 57.05 
80627 3541 141 212 192 126 535 0 60.88 55.93 
80805 3605 109 165 150 100 417 2 65.62 65.13 
80984 3712 79 120 110 75 306 0 62.99 60.66 
81162 3711 88 125 118 78 325 0 59.64 59.13 
81340 3698 60 90 83 56 233 0 55.86 55.51 
81518 3920 29 44 41 29 115 0 55.61 66.08 
81696 3920 29 44 41 29 115 0 49.67 61.51 
81874 3880 29 46 42 30 118 0 49.18 117.37 
82055 3830 28 45 41 29 116 1 140.20 55.93 
82238 3830 28 45 41 29 116 0 63.80 58.74 
82416 3880 29 46 42 30 119 0 56.29 53.84 
82594 3820 82 115 110 74 305 0 113.15 54.18 
82775 3747 43 65 60 41 168 0 77.66 29.75 
82952 3779 28 44 40 28 113 0 115.38 36.31 
83132 3779 28 44 40 28 114 0 98.87 55.81 
83312 3925 38 56 53 37 148 0 112.88 60.67 
83493 3757 140 204 191 129 531 0 96.73 97.94 
83676 3744 119 173 162 109 452 0 129.22 88.35 
83860 3882 54 78 74 51 205 0 151.64 66.20 
84044 3835 46 54 57 35 148 0 135.32 95.68 
84229 3835 46 54 57 35 148 0 109.33 112.46 
84413 3867 38 49 49 32 132 0 109.51 104.94 
84597 3828 30 45 42 29 117 0 113.24 106.52 
84781 3833 34 48 46 31 125 0 116.99 96.93 
84965 3682 111 91 115 55 265 0 99.84 76.58 
85147 3655 114 94 118 56 272 0 97.80 83.45 
85329 3655 114 94 118 56 273 0 83.35 63.87 
85509 3687 125 118 137 72 333 0 81.04 58.72 
85688 3584 162 219 209 131 568 0 81.40 79.95 
85869 3588 167 227 216 136 588 0 93.19 91.70 
86051 3574 165 220 211 131 572 0 92.02 91.65 
86233 3683 114 135 139 83 365 0 248.42 113.90 
86425 3836 32 48 45 31 126 0 796.06 109.60 
86649 3828 30 45 42 29 117 0 120.05 55.93 
86831 3830 28 45 41 29 117 0 115.77 55.93 
87012 3810 50 56 60 36 153 0 103.73 77.93 
87194 3702 108 90 113 55 262 0 109.41 55.67 
87375 3686 90 79 96 48 226 2 796.25 69.97 
87597 3875 30 46 43 30 120 0 92.21 65.40 
87777 3708 74 109 101 68 282 0 69.70 61.39 
87956 3761 39 60 55 38 155 0 91.66 65.14 
88136 3870 28 43 40 28 112 0 66.04 67.05 
88315 3825 32 45 43 29 118 0 64.82 68.32 
88494 3804 47 53 57 34 145 0 68.27 69.79 
88673 3782 70 66 78 42 189 0 90.80 62.75 
88853 3714 92 78 97 48 226 0 60.49 61.64 
89031 3698 108 87 111 53 254 0 57.41 58.16 
89209 3698 108 87 111 53 254 1 54.76 55.35 
89387 3704 112 90 115 55 264 0 15.83 16.44 
89560 3701 131 130 147 80 363 5 15.83 52.33 
89735 3709 114 93 118 57 273 0 15.83 52.29 
89910 3695 112 92 116 56 268 2 15.83 52.31 
90085 3695 112 92 116 56 268 0 15.83 52.33 
90260 3695 112 92 116 56 268 2 15.83 53.16 
90435 3695 112 92 116 56 268 0 52.53 55.81 
90613 3695 112 92 116 56 268 0 54.38 55.79 
90791 3675 113 93 117 56 271 0 57.12 65.26 
90969 3759 125 108 133 68 316 0 198.51 66.52 
91156 3654 178 237 229 145 625 0 198.13 66.52 
91343 3593 193 271 254 163 703 0 198.51 66.50 
91530 3593 193 271 254 163 702 0 67.00 65.26 
91709 3593 193 271 254 163 703 0 55.73 56.35 
91887 3709 174 225 222 140 601 0 55.71 55.93 
92065 3831 137 134 155 87 384 0 55.57 55.79 
243 3839 137 132 154 86 380 0 55.86 55.93 
92421 3816 135 127 150 82 369 0 55.88 63.44 
92599 3776 121 104 129 66 305 0 55.88 55.62 
92777 3765 122 103 129 65 303 0 55.73 55.79 
92955 3776 121 104 129 66 305 0 55.71 55.78 
93133 3762 126 122 141 77 348 0 57.26 57.88 
93311 3601 145 182 180 109 478 0 62.41 60.94 
93489 3742 115 104 125 65 299 0 62.42 63.72 
93668 3705 104 85 108 52 248 0 62.44 63.73 
93847 3770 60 60 68 38 168 0 62.44 64.16 
94026 3809 51 56 61 36 155 0 60.74 61.20 
94204 3747 72 67 79 42 190 0 60.06 60.96 
94382 3670 111 90 114 54 261 0 58.51 59.13 
94560 3682 111 91 115 55 265 0 57.83 58.97 
94738 3762 126 122 141 77 345 0 55.86 59.42 
94916 3691 144 164 172 101 445 0 55.73 55.66 
95094 3827 135 117 145 76 347 0 51.70 84.57 
95273 3754 172 214 216 135 577 0 50.20 55.78 
95450 3769 110 98 119 62 284 0 55.74 52.99 
95628 3702 108 90 113 55 262 0 56.01 51.97 
95806 3861 54 58 64 38 163 0 56.01 52.00 
95984 3863 48 55 59 36 152 2 56.01 51.97 
96162 3863 48 55 59 36 153 0 56.01 51.97 
96340 3863 48 55 59 36 153 0 55.86 53.86 
96518 3809 51 56 61 36 156 0 55.45 55.79 
96696 3767 71 68 79 43 192 2 57.83 55.81 
96874 3865 56 61 67 40 171 0 59.91 59.30 
97052 3745 133 192 180 121 501 0 59.76 56.63 
97230 3930 52 74 71 49 198 2 58.67 55.79 
97408 3928 27 44 40 29 114 0 56.01 54.84 
97586 3933 41 62 58 41 163 0 55.27 53.33 
97764 3833 109 158 149 102 415 17 51.54 50.64 
97941 3989 48 70 67 47 187 0 48.82 49.11 
98118 3742 79 72 86 45 207 0 44.06 43.83 
98294 3729 113 92 117 57 271 0 41.82 39.93 
98470 3709 114 93 118 57 273 0 76.33 66.93 
98650 3703 110 90 114 55 264 0 72.61 65.01 
98829 3876 65 84 84 55 229 1 74.63 75.24 
99009 3608 93 137 126 83 351 0 75.62 60.67 
99188 3731 58 86 80 54 224 0 90.41 80.67 
99369 3553 114 171 155 102 433 0 90.42 58.14 
99549 3619 143 209 193 127 535 0 90.32 81.63 
99730 3619 147 214 198 130 549 1 87.75 88.28 
99912 3601 121 177 163 107 453 0 85.54 86.84 
100093 3830 28 45 41 29 116 0 83.15 84.64 
100274 3928 27 44 40 29 114 0 81.19 82.86 
100455 3126 48 71 62 36 170 0 81.38 82.96 
100636 2469 166 246 193 79 527 0 81.38 82.98 
100817 2469 166 246 193 79 528 0 81.38 82.94 
100998 2462 165 244 191 78 522 0 81.40 82.98 
101179 2462 165 244 191 78 522 0 81.29 82.96 
101360 2462 165 244 191 78 522 0 81.33 83.35 
101541 2459 169 249 195 79 533 0 81.38 82.96 
101722 2469 166 246 193 79 527 0 81.29 82.89 
101903 2469 166 246 193 79 527 0 81.29 82.94 
102084 2469 166 246 193 79 527 0 81.28 82.96 
102265 2469 166 246 193 79 527 0 81.29 82.94 
102446 2469 166 246 193 79 527 1 81.29 82.96 
102627 2469 166 246 193 79 527 0 81.29 82.94 
102808 2469 166 246 193 79 527 0 81.29 82.94 
