=~=~=~=~=~=~=~=~=~=~=~= PuTTY log 2025.11.28 20:24:55 =~=~=~=~=~=~=~=~=~=~=~=
ets Jul 29 2019 12:21:46

rst:0x1 (POWERON_RESET),boot:0x13 (SPI_FAST_FLASH_BOOT)
configsip: 0, SPIWP:0xee
clk_drv:0x00,q_drv:0x00,d_drv:0x00,cs0_drv:0x00,hd_drv:0x00,wp_drv:0x00
mode:DIO, clock div:1
load:0x3fff0030,len:4980
load:0x40078000,len:16612
load:0x40080400,len:3480
entry 0x400805b4
Found sensor
Milis - ColorTemp - Lux - R - G - B - C - Pot - UsensA - UsensB

399 6393 56 57 76 62 196 10 3.26 3.25 
571 6393 56 57 76 62 196 8 3.25 3.25 
743 6393 56 57 76 62 196 0 3.25 3.25 
915 6393 56 57 76 62 196 0 3.26 3.25 
1087 6393 56 57 76 62 196 4 3.25 3.25 
1259 6393 56 57 76 62 196 7 3.25 58.68 
1434 6393 56 57 76 62 196 0 3.26 3.25 
1606 6393 56 57 76 62 196 6 3.25 55.66 
1781 6393 56 57 76 62 196 0 3.26 3.25 
1953 6393 56 57 76 62 196 1 3.26 57.32 
2128 6393 56 57 76 62 196 0 3.26 58.14 
2303 6393 56 57 76 62 196 0 3.26 58.56 
2478 6393 56 57 76 62 196 0 3.26 3.25 
2650 6393 56 57 76 62 196 0 3.26 3.25 
2822 6393 56 57 76 62 196 8 3.26 3.25 
2994 6393 56 57 76 62 196 0 3.25 3.25 
3166 6393 56 57 76 62 196 0 3.25 3.25 
3338 6393 56 57 76 62 196 10 3.26 3.25 
3510 6393 56 57 76 62 196 0 3.25 3.25 
3682 6393 56 57 76 62 196 0 3.26 3.25 
3854 6393 56 57 76 62 196 9 3.26 3.25 
4026 6393 56 57 76 62 196 0 3.26 3.25 
4198 6393 56 57 76 62 196 0 3.26 3.25 
4370 6393 56 57 76 62 196 7 3.26 3.25 
4542 6393 56 57 76 62 196 0 3.25 3.25 
4714 6393 56 57 76 62 196 0 3.26 3.25 
4886 6393 56 57 76 62 196 2 3.25 3.25 
5058 6393 56 57 76 62 196 0 3.25 3.25 
5230 6393 56 57 76 62 196 0 3.26 3.25 
5402 6393 56 57 76 62 196 0 3.26 3.25 
5574 6393 56 57 76 62 196 0 3.26 3.25 
5746 6393 56 57 76 62 196 0 3.25 3.25 
5918 6393 56 57 76 62 196 0 3.26 3.25 
6090 6393 56 57 76 62 196 0 3.25 3.25 
6262 6393 56 57 76 62 196 0 3.25 3.25 
6434 6393 56 57 76 62 196 0 3.25 3.25 
6606 6393 56 57 76 62 196 1 3.26 3.25 
6778 6393 56 57 76 62 196 0 3.25 3.25 
6950 6393 56 57 76 62 196 0 3.26 3.25 
7122 6393 56 57 76 62 196 3 3.26 3.25 
7294 6393 56 57 76 62 196 0 3.25 3.25 
7466 6393 56 57 76 62 196 0 3.26 3.25 
7638 6393 56 57 76 62 196 5 3.26 3.25 
7810 6393 56 57 76 62 196 0 3.25 3.25 
7982 6393 56 57 76 62 196 0 3.25 3.25 
8154 6393 56 57 76 62 196 9 3.26 3.25 
8326 6393 56 57 76 62 196 0 3.26 3.25 
8498 6393 56 57 76 62 196 0 3.25 3.25 
8670 6393 56 57 76 62 196 9 3.26 3.25 
8842 6393 56 57 76 62 196 0 3.25 3.25 
9014 6393 56 57 76 62 196 0 3.25 3.25 
9186 6393 56 57 76 62 196 9 3.26 3.25 
9358 6393 56 57 76 62 196 0 3.25 3.25 
9530 6393 56 57 76 62 196 0 3.25 3.25 
9702 6393 56 57 76 62 196 6 3.26 3.25 
9874 6393 56 57 76 62 196 0 3.25 3.25 
10046 6393 56 57 76 62 196 0 3.25 3.25 
10218 6393 56 57 76 62 196 2 3.25 3.25 
10390 6393 56 57 76 62 196 0 3.25 3.25 
10562 6393 56 57 76 62 196 0 3.25 3.25 
10734 6393 56 57 76 62 196 0 3.26 3.25 
10906 6393 56 57 76 62 196 0 3.25 3.25 
11078 6393 56 57 76 62 196 0 3.25 3.25 
11250 6393 56 57 76 62 196 0 3.26 3.25 
11422 6393 56 57 76 62 196 0 3.26 3.25 
11594 6393 56 57 76 62 196 0 3.26 3.25 
11766 6393 56 57 76 62 196 0 3.25 3.25 
11938 6393 56 57 76 62 196 0 3.26 3.25 
12110 6393 56 57 76 62 196 0 3.25 3.25 
12282 6393 56 57 76 62 196 0 3.26 3.25 
12454 6393 56 57 76 62 196 1 3.25 3.25 
12626 6393 56 57 76 62 196 0 3.25 3.25 
12798 6393 56 57 76 62 196 0 3.25 3.25 
12970 6393 56 57 76 62 196 4 3.26 3.25 
13142 6393 56 57 76 62 196 0 3.26 3.25 
13314 6393 56 57 76 62 196 0 3.26 3.25 
13486 6393 56 57 76 62 196 6 3.25 3.25 
13658 6393 56 57 76 62 196 0 3.25 3.25 
13830 6393 56 57 76 62 196 0 3.26 3.25 
14002 6393 56 57 76 62 196 8 3.26 3.25 
14174 6393 56 57 76 62 196 0 3.26 3.25 
14346 6393 56 57 76 62 196 0 3.25 3.25 
14518 6393 56 57 76 62 196 10 3.26 3.25 
14690 6393 56 57 76 62 196 0 3.25 3.25 
14862 6393 56 57 76 62 196 0 3.25 3.25 
15034 6393 56 57 76 62 196 9 3.25 3.25 
15206 6393 56 57 76 62 196 0 3.26 3.25 
15378 6393 56 57 76 62 196 0 3.25 3.25 
15550 6393 56 57 76 62 196 6 3.26 3.25 
15722 6393 56 57 76 62 196 0 3.26 3.25 
15894 6393 56 57 76 62 196 0 3.25 3.25 
16066 6393 56 57 76 62 196 2 3.26 3.25 
16238 6393 56 57 76 62 196 0 3.25 3.25 
16410 6393 56 57 76 62 196 0 3.26 3.25 
16582 6393 56 57 76 62 196 0 3.26 3.25 
16754 6393 56 57 76 62 196 0 3.25 3.25 
16926 6393 56 57 76 62 196 0 3.25 3.25 
17098 6393 56 57 76 62 196 0 3.25 3.25 
17270 6393 56 57 76 62 196 0 3.25 3.25 
17442 6393 56 57 76 62 196 0 3.25 3.25 
17614 6393 56 57 76 62 196 0 3.26 3.25 
17786 6393 56 57 76 62 196 11 3.25 3.25 
17958 6393 56 57 76 62 196 0 3.26 3.25 
18130 6393 56 57 76 62 196 0 3.25 3.25 
18302 6393 56 57 76 62 196 13 3.25 3.25 
18474 6393 56 57 76 62 196 0 3.25 3.25 
18646 6393 56 57 76 62 195 0 3.25 3.25 
18818 6393 56 57 76 62 196 6 3.25 3.25 
18990 6393 56 57 76 62 196 0 3.25 3.25 
19162 6393 56 57 76 62 196 0 3.26 3.25 
19334 6393 56 57 76 62 196 7 3.25 3.25 
19506 6393 56 57 76 62 196 0 3.26 3.25 
19678 6393 56 57 76 62 196 0 3.25 3.25 
19850 6393 56 57 76 62 196 9 3.26 3.25 
20022 6393 56 57 76 62 196 0 3.26 3.25 
20194 6393 56 57 76 62 196 0 3.25 3.25 
20366 6393 56 57 76 62 196 10 3.26 3.25 
20538 6393 56 57 76 62 196 0 3.26 3.25 
20710 6393 56 57 76 62 196 0 3.25 3.25 
20882 6393 56 57 76 62 196 8 3.25 3.25 
21054 6393 56 57 76 62 196 0 3.25 3.25 
21226 6393 56 57 76 62 196 0 3.26 3.25 
21398 6393 56 57 76 62 196 6 3.25 3.25 
21570 6393 56 57 76 62 196 0 3.26 3.25 
21742 6393 56 57 76 62 196 0 3.25 3.25 
21914 6393 56 57 76 62 196 3 3.25 3.25 
22086 6393 56 57 76 62 196 0 3.25 3.25 
22258 6393 56 57 76 62 196 0 3.25 3.25 
22430 6393 56 57 76 62 196 0 3.25 3.25 
22602 6393 56 57 76 62 196 0 3.26 3.25 
22774 6393 56 57 76 62 196 0 3.26 3.25 
22946 6393 56 57 76 62 196 0 3.25 3.25 
23118 6393 56 57 76 62 196 0 3.26 3.25 
23290 6393 56 57 76 62 195 0 3.26 3.25 
23462 6393 56 57 76 62 195 0 3.25 3.25 
23634 6393 56 57 76 62 195 0 3.25 3.25 
23806 6393 56 57 76 62 195 0 3.25 3.25 
23978 6393 56 57 76 62 195 0 3.26 3.25 
24150 6393 56 57 76 62 195 2 3.26 3.25 
24322 6393 56 57 76 62 195 0 3.25 3.25 
24494 6393 56 57 76 62 195 0 3.25 3.25 
24666 6393 56 57 76 62 195 4 3.25 3.25 
24838 6393 56 57 76 62 195 0 3.26 3.25 
25010 6393 56 57 76 62 196 0 3.25 3.25 
25182 6393 56 57 76 62 196 7 3.25 3.25 
25354 6407 51 52 70 57 180 0 3.25 3.25 
25526 6465 53 55 73 60 189 0 3.25 3.25 
25698 6446 52 54 72 59 185 10 3.25 3.25 
25870 6571 54 56 75 62 194 0 3.26 3.25 
26042 4930 40 54 57 44 156 0 3.26 3.25 
26214 3483 31 62 50 37 149 9 3.25 3.25 
26386 3127 34 76 57 42 172 0 3.25 3.25 
26558 3121 32 74 55 41 169 0 3.25 3.25 
26730 3167 35 77 58 43 176 8 3.26 3.25 
26902 3230 35 76 58 43 176 0 3.25 3.25 
27074 3150 37 81 61 45 185 0 3.26 9.74 
27246 3056 32 75 55 41 169 5 3.26 4.52 
27418 3035 35 78 58 42 175 0 3.25 3.25 
27590 3428 42 66 58 38 162 0 3.25 4.52 
27762 3360 48 70 63 39 172 0 3.26 49.62 
27936 3360 48 70 63 39 173 0 3.25 3.25 
28108 3224 56 83 73 44 200 0 3.26 3.25 
28280 3214 57 82 73 43 199 8 3.26 3.25 
28452 3224 57 85 75 45 205 0 3.25 3.25 
28624 3346 58 88 78 49 215 0 3.26 3.25 
28796 3309 56 87 76 48 210 3 3.26 3.25 
28968 3297 57 86 76 47 209 0 3.26 3.25 
29140 3297 57 86 76 47 209 0 3.26 3.25 
29312 3297 57 86 76 47 209 0 3.25 3.25 
29484 3297 57 86 76 47 210 0 3.25 3.25 
29656 3297 57 86 76 47 210 0 3.26 3.25 
29828 3297 57 86 76 47 210 0 3.25 3.25 
30000 3297 57 86 76 47 210 0 3.25 3.25 
30172 3297 57 86 76 47 210 0 3.25 3.25 
30344 3297 57 86 76 47 210 0 3.25 3.25 
30516 3297 57 86 76 47 210 0 3.25 3.25 
30688 3297 57 86 76 47 210 0 3.26 3.25 
30860 3297 57 86 76 47 210 0 3.25 3.25 
31032 3297 57 86 76 47 210 3 3.26 3.25 
31204 3297 57 86 76 47 210 0 3.26 3.25 
31376 3297 57 86 76 47 210 0 3.26 3.25 
31548 3297 57 86 76 47 210 6 3.25 3.25 
31720 3297 57 86 76 47 210 0 3.25 3.25 
31892 3297 57 86 76 47 210 0 3.26 3.25 
32064 3297 57 86 76 47 210 9 3.25 3.25 
32236 3249 56 84 74 45 202 0 3.25 3.25 
32408 3198 53 80 70 42 192 0 3.26 3.25 
32580 3199 55 82 72 43 197 8 3.25 3.25 
32752 3199 55 82 72 43 197 0 3.25 3.25 
32924 3199 55 82 72 43 197 0 3.26 3.25 
33096 3199 55 82 72 43 197 4 3.25 3.25 
33268 3199 55 82 72 43 197 0 3.25 3.25 
33440 3199 55 82 72 43 197 0 3.26 3.25 
33612 3199 55 82 72 43 197 0 3.25 3.25 
33784 3199 55 82 72 43 197 0 3.25 3.25 
33956 3199 55 82 72 43 197 0 3.26 3.25 
34128 3199 55 82 72 43 197 0 3.25 3.25 
34300 3199 55 82 72 43 197 0 3.25 3.25 
34472 3199 55 82 72 43 197 0 3.25 3.25 
34644 3199 55 82 72 43 197 0 3.26 3.25 
34816 3199 55 82 72 43 197 1 3.25 3.25 
34988 3199 55 82 72 43 197 0 3.25 3.25 
35160 3199 55 82 72 43 197 0 3.25 3.25 
35332 3199 55 82 72 43 197 4 3.25 3.25 
35504 3199 55 82 72 43 197 0 3.26 3.25 
35676 3199 55 82 72 43 197 0 3.26 3.25 
35848 3199 55 82 72 43 197 7 3.25 3.25 
36020 3199 55 82 72 43 197 0 3.25 3.25 
36192 3199 55 82 72 43 197 0 3.25 3.25 
36364 3199 55 82 72 43 197 9 3.25 3.25 
36536 3199 55 82 72 43 197 0 3.25 3.25 
36708 3199 55 82 72 43 197 0 3.25 3.25 
36880 3199 55 82 72 43 197 8 3.26 3.25 
37052 3199 55 82 72 43 197 0 3.26 3.25 
37224 3199 55 82 72 43 197 0 3.26 3.25 
37396 3199 55 82 72 43 197 5 3.25 3.25 
37568 3199 55 82 72 43 197 0 3.25 3.25 
37740 3199 55 82 72 43 197 0 3.25 3.25 
37912 3199 55 82 72 43 197 2 3.25 3.25 
38084 3199 55 82 72 43 197 0 3.26 3.25 
38256 3199 55 82 72 43 197 0 3.25 3.25 
38428 3199 55 82 72 43 197 0 3.25 3.25 
38600 3199 55 82 72 43 197 0 3.26 3.25 
38772 3199 55 82 72 43 197 0 3.26 3.25 
38944 3199 55 82 72 43 197 0 3.25 3.25 
39116 3199 55 82 72 43 197 0 3.25 3.25 
39288 3199 55 82 72 43 197 0 3.25 3.25 
39460 3199 55 82 72 43 197 0 3.26 3.25 
39632 3199 55 82 72 43 197 0 3.26 3.25 
39804 3199 55 82 72 43 197 0 3.26 3.25 
39976 3199 55 82 72 43 197 0 3.26 3.25 
40148 3199 55 82 72 43 197 1 3.26 3.25 
40320 3199 55 82 72 43 197 0 3.25 3.25 
40492 3199 55 82 72 43 197 0 3.26 3.25 
40664 3199 55 82 72 43 197 3 3.25 3.25 
40836 3199 55 82 72 43 198 0 3.25 3.25 
41008 3214 57 82 73 43 199 0 3.25 3.25 
41180 3290 53 79 70 43 193 6 3.25 3.25 
41352 3628 51 77 70 47 194 0 3.26 3.25 
41524 4035 68 105 98 71 274 0 3.26 3.25 
41696 3739 30 79 59 50 187 6 3.25 3.25 
41868 7328 42 60 68 62 191 0 3.26 3.25 
42040 5608 40 69 67 58 193 0 3.25 4.54 
42212 2551 33 92 61 45 196 8 3.25 3.25 
42384 2465 32 92 60 44 194 0 3.25 4.54 
42556 3090 46 87 69 46 201 0 3.25 3.25 
42728 3638 121 136 143 82 363 8 3.26 3.25 
42900 3584 137 148 158 87 397 0 3.25 3.25 
43072 3559 157 167 179 97 447 0 3.26 3.25 
43244 3591 114 130 135 77 343 6 3.25 3.25 
43416 3884 74 96 96 63 255 0 3.25 3.25 
43588 3904 68 91 90 60 241 0 3.26 4.52 
43760 3826 71 93 92 60 245 4 3.25 3.25 
43932 3826 71 93 92 60 245 0 3.26 4.54 
44104 3826 71 93 92 60 245 0 3.25 3.25 
44276 3826 71 93 92 60 244 2 3.26 4.52 
44448 3826 71 93 92 60 244 0 3.25 3.25 
44620 3826 71 93 92 60 244 0 3.25 4.52 
44792 3826 71 93 92 60 244 0 3.26 3.25 
44964 3826 71 93 92 60 244 0 3.26 3.25 
45136 3826 71 93 92 60 244 0 3.26 3.25 
45308 3826 71 93 92 60 244 0 3.26 4.52 
45480 3770 71 93 92 59 244 0 3.25 3.25 
45652 3770 71 93 92 59 244 0 3.25 4.52 
45824 3770 71 93 92 59 245 0 3.25 3.25 
45996 3770 71 93 92 59 245 0 3.25 3.25 
46168 3659 104 123 126 75 324 0 3.26 22.69 
46341 3557 148 160 170 93 428 0 3.25 39.95 
46515 3446 101 126 123 71 323 0 3.25 3.25 
46687 2012 31 113 66 49 225 0 3.25 3.25 
46859 8367 53 73 87 82 242 20 3.25 3.25 
47031 6155 39 92 79 75 245 0 3.25 16.12 
47203 3964 71 138 116 91 344 0 3.25 4.54 
47375 3675 84 123 114 76 314 6 3.25 3.25 
47547 3068 49 79 66 40 186 0 3.26 3.25 
47719 3421 36 73 58 43 172 7 3.25 3.25 
47891 3146 35 79 59 44 182 6 3.25 3.25 
48063 2908 63 99 82 46 228 0 3.25 3.25 
48235 2897 73 107 91 48 249 0 3.25 3.25 
48407 3000 63 91 79 43 214 6 3.25 3.25 
48579 3064 58 87 75 43 203 7 3.26 3.25 
48751 3064 58 87 75 43 204 0 3.25 3.25 
48923 3047 59 88 76 43 205 5 3.25 4.52 
49095 3122 59 87 76 44 206 0 3.25 4.54 
49267 4097 105 151 146 104 405 0 3.26 4.52 
49439 4095 127 183 177 126 490 19 3.25 3.25 
49611 4121 126 182 176 126 487 0 3.25 3.25 
49783 4147 124 178 173 124 478 0 3.26 3.25 
49955 4125 124 179 173 124 479 3 3.25 3.25 
50127 4120 125 179 174 124 479 0 3.25 3.25 
50299 4120 125 179 174 124 479 6 3.25 3.25 
50471 4120 125 179 174 124 479 3 3.25 3.25 
50643 4125 124 179 173 124 479 0 3.25 3.25 
50815 4120 125 179 174 124 479 0 3.26 3.25 
50987 4120 125 179 174 124 479 2 3.26 3.25 
51159 4120 125 179 174 124 479 7 3.25 3.25 
51331 4120 125 179 174 124 479 0 3.25 3.25 
51503 4120 125 179 174 124 480 1 3.26 3.25 
51675 4120 125 179 174 124 479 0 3.25 3.25 
51847 4158 125 179 174 125 480 0 3.25 3.25 
52019 4120 125 179 174 124 479 13 3.25 3.25 
52191 4120 125 179 174 124 479 0 3.26 3.25 
52363 4120 125 179 174 124 479 0 3.25 3.25 
52535 4120 125 179 174 124 479 0 3.26 3.25 
52707 4120 125 179 174 124 479 0 3.25 3.25 
52879 4120 125 179 174 124 479 6 3.25 3.25 
53051 4120 125 179 174 124 479 0 3.26 3.25 
53223 4120 125 179 174 124 479 0 3.25 3.25 
53395 4120 125 179 174 124 479 0 3.25 3.25 
53567 4120 125 179 174 124 479 0 3.26 3.25 
53739 4120 125 179 174 124 479 7 3.25 3.25 
53911 4125 124 179 173 124 479 0 3.26 4.54 
54083 4136 124 180 174 125 484 0 3.25 49.44 
54257 4131 126 180 175 125 485 0 3.25 3.25 
54429 4089 122 176 170 121 470 0 3.26 3.25 
54601 4065 121 174 168 119 464 5 3.25 3.25 
54773 4055 121 176 169 120 467 0 3.25 3.25 
54945 4055 121 176 169 120 467 0 3.25 3.25 
55117 4055 121 176 169 120 467 6 3.25 3.25 
55289 4055 121 176 169 120 467 0 3.25 3.25 
55461 4055 121 176 169 120 467 0 3.25 3.25 
55633 4055 121 176 169 120 467 5 3.26 3.25 
55805 4055 121 176 169 120 467 0 3.26 3.25 
55977 4055 121 176 169 120 467 0 3.26 3.25 
56149 4055 121 176 169 120 467 3 3.25 3.25 
56321 4055 121 176 169 120 467 0 3.26 3.25 
56493 4055 121 176 169 120 467 0 3.26 3.25 
56665 4055 121 176 169 120 467 2 3.26 3.25 
56837 4055 121 176 169 120 467 0 3.25 3.25 
57009 4055 121 176 169 120 467 0 3.26 3.25 
57181 4055 121 176 169 120 467 0 3.26 3.25 
57353 4055 121 176 169 120 467 0 3.25 3.25 
57525 4055 121 176 169 120 467 0 3.26 3.25 
57697 4055 121 176 169 120 467 0 3.25 3.25 
57869 4055 121 176 169 120 467 0 3.25 3.25 
58041 4055 121 176 169 120 467 0 3.26 3.25 
58213 4055 121 176 169 120 467 0 3.25 3.25 
58385 4055 121 176 169 120 467 0 3.25 3.25 
58557 4055 121 176 169 120 467 0 3.25 3.25 
58729 4055 121 176 169 120 467 0 3.25 3.25 
58901 4055 121 176 169 120 467 0 3.25 3.25 
59073 4055 121 176 169 120 468 0 3.25 3.25 
59245 4051 123 176 170 120 468 0 3.25 3.25 
59417 4051 123 176 170 120 468 0 3.25 3.25 
59589 4110 125 181 175 125 483 0 3.26 4.52 
59761 4113 123 178 172 123 476 0 3.26 3.25 
59933 4029 106 155 148 105 409 0 3.25 3.25 
60105 3597 29 90 63 56 209 0 3.25 3.25 
60277 3153 22 103 64 62 227 0 3.25 16.12 
60449 3921 97 155 141 102 399 0 3.25 43.42 
60623 3819 81 148 126 95 369 0 3.25 3.25 
60795 2932 18 124 72 75 268 0 3.26 3.25 
60967 11370 72 91 122 123 338 0 3.26 3.25 
61139 2599 34 104 68 53 223 5 3.25 28.70 
61312 3562 145 161 169 94 429 1 3.25 3.25 
61484 3740 115 137 141 86 367 0 3.25 3.25 
61656 8234 46 101 94 94 290 0 3.26 3.25 
61828 8346 48 103 97 97 296 0 3.25 3.25 
62000 8010 49 103 97 96 295 0 3.26 3.25 
62172 8010 49 103 97 96 295 0 3.26 3.25 
62344 8010 49 103 97 96 295 0 3.26 3.25 
62516 8010 49 103 97 96 295 0 3.25 3.25 
62688 8010 49 103 97 96 295 0 3.25 3.25 
62860 8010 49 103 97 96 295 0 3.25 3.25 
63032 8010 49 103 97 96 295 0 3.25 3.25 
63204 8010 49 103 97 96 295 0 3.25 3.25 
63376 8010 49 103 97 96 295 0 3.25 3.25 
63548 8010 49 103 97 96 295 0 3.26 3.25 
63720 8010 49 103 97 96 295 0 3.25 3.25 
63892 8010 49 103 97 96 295 0 3.26 3.25 
64064 8310 45 97 91 91 278 1 3.25 3.25 
64236 3674 111 129 134 79 345 0 3.25 26.71 
64409 3591 128 139 148 82 374 0 3.25 3.25 
64581 2213 32 104 64 47 212 0 3.26 3.25 
64753 10318 61 80 102 101 283 0 3.25 37.71 
64927 6570 37 91 77 75 241 0 3.25 43.83 
65101 4000 77 124 113 83 321 0 3.25 3.25 
65273 3204 119 169 151 88 412 0 3.25 3.25 
65445 2824 77 143 110 68 319 5 3.26 17.07 
65617 2371 32 113 70 56 235 0 3.26 50.63 
65791 2481 37 117 75 58 246 0 3.25 15.79 
65963 2417 34 113 71 56 237 0 3.25 46.21 
66137 2887 46 95 71 48 213 0 3.26 3.25 
66309 2697 113 161 134 62 361 0 3.26 3.25 
66481 2693 118 167 139 64 374 0 3.25 3.25 
66653 2696 121 170 142 65 380 0 3.25 4.54 
66825 2689 122 173 144 66 385 0 3.26 3.25 
66997 2747 101 141 119 56 320 0 3.25 49.44 
67171 2860 78 111 95 48 256 0 3.26 15.81 
67343 2832 97 137 117 58 313 1 3.25 3.25 
67515 2820 99 140 119 59 320 0 3.25 3.25 
67687 2838 99 139 119 59 319 0 3.26 3.25 
67859 2832 100 140 120 59 322 7 3.26 3.25 
68031 2814 100 141 120 59 323 0 3.25 3.25 
68203 2812 94 135 114 57 308 0 3.25 4.52 
68375 2830 79 119 99 52 269 0 3.26 3.25 
68547 2816 85 124 104 53 281 0 3.25 3.25 
68719 2800 95 138 116 58 313 5 3.25 3.25 
68891 2819 96 137 116 58 312 0 3.26 3.25 
69063 2800 95 138 116 58 313 0 3.26 50.61 
69237 2813 97 138 117 58 314 0 3.25 43.42 
69411 2817 88 127 107 54 289 5 3.25 4.52 
69583 2817 92 129 110 54 297 0 3.25 3.25 
69755 2703 114 164 136 64 367 0 3.25 3.25 
69927 2703 114 164 136 64 368 5 3.26 3.25 
70099 2689 115 164 136 63 366 7 3.25 3.25 
70271 2689 115 164 136 63 366 0 3.25 3.25 
70443 2703 118 168 140 65 376 2 3.26 3.25 
70615 2703 118 168 140 65 377 0 3.25 3.25 
70787 2688 118 169 140 65 378 0 3.25 3.25 
70959 2688 118 169 140 65 378 12 3.25 3.25 
71131 2688 118 169 140 65 378 0 3.26 4.52 
71303 2688 118 169 140 65 378 0 3.26 4.54 
71475 2688 118 169 140 65 378 0 3.25 3.25 
71647 2700 120 169 141 65 378 0 3.26 3.25 
71819 2700 120 169 141 65 378 5 3.25 4.52 
71991 2700 120 169 141 65 378 0 3.25 4.54 
72163 2700 120 169 141 65 378 0 3.25 3.25 
72335 2700 120 169 141 65 378 0 3.25 3.25 
72507 2700 120 169 141 65 378 0 3.26 3.25 
72679 2700 120 169 141 65 378 13 3.25 3.25 
72851 2700 120 169 141 65 378 0 3.25 3.25 
73023 2700 120 169 141 65 378 0 3.25 3.25 
73195 2700 120 169 141 65 378 1 3.26 3.25 
73367 2700 120 169 141 65 378 0 3.25 3.25 
73539 2700 120 169 141 65 378 7 3.26 3.25 
73711 2700 120 169 141 65 378 3 3.25 3.25 
73883 2700 120 169 141 65 378 0 3.25 3.25 
74055 2700 120 169 141 65 378 0 3.26 3.25 
74227 2700 120 169 141 65 378 5 3.25 3.25 
74399 2700 120 169 141 65 378 6 3.25 3.25 
74571 2700 120 169 141 65 378 0 3.25 3.25 
74743 2700 120 169 141 65 378 6 3.25 3.25 
74915 2700 120 169 141 65 378 0 3.25 3.25 
75087 2700 120 169 141 65 378 0 3.26 3.25 
75259 2700 120 169 141 65 378 19 3.25 3.25 
75431 2700 120 169 141 65 378 0 3.25 3.25 
75603 2700 120 169 141 65 378 0 3.25 3.25 
75775 2700 120 169 141 65 378 4 3.25 3.25 
75947 2700 120 169 141 65 378 0 3.25 3.25 
76119 2700 120 169 141 65 378 6 3.25 3.25 
76291 2700 120 169 141 65 378 2 3.25 3.25 
76463 2700 120 169 141 65 378 0 3.26 3.25 
76635 2700 120 169 141 65 378 0 3.26 3.25 
76807 2700 120 169 141 65 378 0 3.26 3.25 
76979 2700 120 169 141 65 378 7 3.25 3.25 
77151 2700 120 169 141 65 378 0 3.26 3.25 
77323 2700 120 169 141 65 378 0 3.26 3.25 
77495 2700 120 169 141 65 378 0 3.26 3.25 
77667 2700 120 169 141 65 378 0 3.26 3.25 
77839 2700 120 169 141 65 378 7 3.25 3.25 
78011 2700 120 169 141 65 378 0 3.25 3.25 
78183 2700 120 169 141 65 378 0 3.25 3.25 
78355 2700 120 169 141 65 378 0 3.26 3.25 
78527 2700 120 169 141 65 378 0 3.25 3.25 
78699 2700 120 169 141 65 378 5 3.25 3.25 
78871 2700 120 169 141 65 378 0 3.26 3.25 
79043 2700 120 169 141 65 378 0 3.25 3.25 
79215 2700 120 169 141 65 378 0 3.25 3.25 
79387 2700 120 169 141 65 378 0 3.26 3.25 
79559 2700 120 169 141 65 378 14 3.25 3.25 
79731 2700 120 169 141 65 378 0 3.25 3.25 
79903 2700 120 169 141 65 378 0 3.26 3.25 
80075 2700 120 169 141 65 379 3 3.26 3.25 
80247 2700 120 169 141 65 379 0 3.25 3.25 
80419 2700 120 169 141 65 379 7 3.25 3.25 
80591 2700 120 169 141 65 379 5 3.25 3.25 
80763 2700 120 169 141 65 379 0 3.25 3.25 
80935 2700 120 169 141 65 379 0 3.25 3.25 
81107 2700 120 169 141 65 379 6 3.25 3.25 
81279 2700 120 169 141 65 379 6 3.25 3.25 
81451 2700 120 169 141 65 379 0 3.25 3.25 
81623 2700 120 169 141 65 379 6 3.25 3.25 
81795 2700 120 169 141 65 379 0 3.25 3.25 
81967 2700 120 169 141 65 379 0 3.25 3.25 
82139 2700 120 169 141 65 379 19 3.26 3.25 
82311 2700 120 169 141 65 379 0 3.25 3.25 
82483 2700 120 169 141 65 379 0 3.25 3.25 
82655 2700 120 169 141 65 379 4 3.25 3.25 
82827 2700 120 169 141 65 379 0 3.25 3.25 
82999 2700 120 169 141 65 379 7 3.26 3.25 
83171 2700 120 169 141 65 379 1 3.25 3.25 
83343 2700 120 169 141 65 379 0 3.25 3.25 
83515 2700 120 169 141 65 379 0 3.25 3.25 
83687 2700 120 169 141 65 379 0 3.25 3.25 
83859 2700 120 169 141 65 379 7 3.25 3.25 
84031 2700 120 169 141 65 379 0 3.25 3.25 
84203 2700 120 169 141 65 379 0 3.25 3.25 
84375 2765 100 141 119 57 321 0 3.25 3.25 
84547 3624 56 79 74 48 202 0 3.26 3.25 
84719 4126 53 78 75 54 208 7 3.25 3.25 
84891 4020 55 83 78 56 217 0 3.26 16.12 
85063 2358 32 90 58 41 231 0 3.25 3.25 
85235 5468 78 63 93 66 162 0 3.26 3.25 
85407 4038 63 96 90 65 251 0 3.26 3.25 
85579 4121 91 133 128 92 354 5 3.25 3.25 
85751 4119 101 146 141 101 391 0 3.25 3.25 
85923 4071 129 187 180 128 499 2 3.26 3.25 
86095 4044 132 188 182 128 502 0 3.25 3.25 
86267 4103 130 187 181 129 500 0 3.25 3.25 
86439 4098 125 180 174 124 481 19 3.26 3.25 
86611 4095 98 144 138 99 383 0 3.26 3.25 
86783 3421 26 101 66 62 226 0 3.25 3.25 
86955 3249 23 107 67 65 236 7 3.26 3.25 
87127 3222 24 106 67 64 235 0 3.25 3.25 
87299 3222 24 106 67 64 235 6 3.26 3.25 
87471 3554 25 87 59 54 199 6 3.26 3.25 
87643 3399 25 98 64 60 219 0 3.26 3.25 
87815 3607 26 85 59 53 195 0 3.26 3.25 
87987 3549 27 92 63 57 211 2 3.26 3.25 
88159 3610 28 71 53 44 167 7 3.26 15.79 
88331 3839 30 59 49 38 146 0 3.25 3.25 
88503 3492 28 88 61 54 201 0 3.25 3.25 
88675 3694 27 81 58 51 188 0 3.26 3.25 
88847 9147 47 63 78 75 218 0 3.26 3.25 
89019 10535 62 78 103 102 282 7 3.25 3.25 
89191 2417 32 99 63 48 208 0 3.25 3.25 
89363 2090 32 109 65 48 220 0 3.25 3.25 
89535 3292 71 108 95 59 264 0 3.25 3.25 
89707 3583 189 201 216 118 543 0 3.26 3.25 
89879 3587 182 197 210 116 529 5 3.25 3.25 
90051 3592 184 203 214 120 544 0 3.26 3.25 
90223 3580 185 204 215 120 546 1 3.26 3.25 
90395 3593 185 203 215 120 544 0 3.26 3.25 
90567 3573 184 203 214 119 543 0 3.25 3.25 
90739 3584 183 202 213 119 541 19 3.26 3.25 
90911 3565 184 202 213 118 540 0 3.26 3.25 
91083 3565 184 202 213 118 539 0 3.25 3.25 
91255 3576 182 201 212 118 538 6 3.26 3.25 
91427 3576 182 201 212 118 537 0 3.25 3.25 
91599 3557 183 201 212 117 537 6 3.26 3.25 
91771 3557 183 201 212 117 536 3 3.25 3.25 
91943 3569 182 200 211 117 536 0 3.25 3.25 
92115 3569 182 200 211 117 535 0 3.26 3.25 
92287 3569 182 200 211 117 535 0 3.26 3.25 
92459 3569 182 200 211 117 535 7 3.26 3.25 
92631 3569 182 200 211 117 534 0 3.26 3.25 
92803 3596 184 198 212 117 533 0 3.26 3.25 
92975 3573 160 171 183 100 460 0 3.26 3.25 
93147 3572 144 154 165 90 414 0 3.25 3.25 
93319 3573 148 159 170 93 427 7 3.25 3.25 
93491 3583 149 160 171 94 430 2 3.26 3.25 
93663 3567 148 161 171 94 430 0 3.26 3.25 
93835 3567 148 161 171 94 430 0 3.25 3.25 
94007 3567 148 161 171 94 430 5 3.26 3.25 
94179 3567 148 161 171 94 430 4 3.26 3.25 
94351 3567 148 161 171 94 430 0 3.25 3.25 
94523 3567 148 161 171 94 430 9 3.25 3.25 
94695 3567 148 161 171 94 430 0 3.25 3.25 
94867 3567 148 161 171 94 430 0 3.25 3.25 
95039 3567 148 161 171 94 430 22 3.26 3.25 
95211 3567 148 161 171 94 430 0 3.26 3.25 
95383 3567 148 161 171 94 430 0 3.26 3.25 
