=~=~=~=~=~=~=~=~=~=~=~= PuTTY log 2025.11.28 18:05:18 =~=~=~=~=~=~=~=~=~=~=~=
ets Jul 29 2019 12:21:46

rst:0x1 (POWERON_RESET),boot:0x13 (SPI_FAST_FLASH_BOOT)
configsip: 0, SPIWP:0xee
clk_drv:0x00,q_drv:0x00,d_drv:0x00,cs0_drv:0x00,hd_drv:0x00,wp_drv:0x00
mode:DIO, clock div:1
load:0x3fff0030,len:4980
load:0x40078000,len:16612
load:0x40080400,len:3480
entry 0x400805b4
Found sensor
Milis - ColorTemp - Lux - R - G - B - C - Pot - UsensA - UsensB

399 3198 58 75 70 38 187 0 81.75 59.94 
579 3198 58 75 70 38 188 7 81.68 61.22 
759 3198 58 75 70 38 187 5 81.75 60.67 
939 3235 58 74 70 38 187 5 69.07 71.71 
1118 3235 58 74 70 38 187 0 69.07 72.06 
1297 3198 58 75 70 38 187 2 81.75 60.67 
1477 3235 58 74 70 38 187 0 81.74 59.82 
1656 3235 58 74 70 38 187 0 81.74 60.25 
1836 3235 58 74 70 38 187 0 81.74 60.25 
2016 3235 58 74 70 38 187 0 81.74 60.25 
2196 3198 58 75 70 38 187 3 81.75 60.25 
2376 3198 58 75 70 38 187 0 81.74 59.40 
2555 3198 58 75 70 38 187 0 81.75 59.81 
2734 3235 58 74 70 38 187 0 81.75 60.67 
2914 3235 58 74 70 38 187 0 81.77 60.67 
3094 3235 58 74 70 38 187 0 81.67 81.97 
3275 3198 58 75 70 38 187 0 81.75 60.64 
3455 3198 58 75 70 38 188 0 81.68 62.47 
3635 3198 58 75 70 38 188 0 81.67 60.79 
3815 3198 58 75 70 38 187 0 81.77 59.84 
3994 3235 58 74 70 38 187 3 81.75 61.08 
4174 3235 58 74 70 38 187 0 81.75 60.66 
4354 3235 58 74 70 38 187 0 81.75 60.25 
4534 3235 58 74 70 38 187 0 81.75 60.67 
4714 3198 58 75 70 38 187 0 81.75 60.67 
4894 3198 58 75 70 38 188 3 81.75 62.46 
5074 3198 58 75 70 38 188 0 81.68 60.81 
5254 3198 58 75 70 38 188 0 81.67 60.79 
5434 3198 58 75 70 38 188 0 81.68 61.22 
5614 3198 58 75 70 38 187 0 81.74 60.21 
5794 3235 58 74 70 38 187 1 81.70 62.03 
5974 3235 58 74 70 38 187 0 81.72 59.82 
6153 3235 58 74 70 38 187 0 81.72 59.82 
6332 3235 58 74 70 38 187 0 81.72 59.82 
6511 3235 58 74 70 38 187 0 81.72 62.44 
6691 3235 58 74 70 38 187 1 81.68 61.22 
6871 3235 58 74 70 38 187 0 81.70 60.25 
7051 3235 58 74 70 38 187 0 81.70 62.47 
7231 3235 58 74 70 38 187 0 81.70 81.99 
7412 3235 58 74 70 38 187 0 81.70 61.63 
7592 3235 58 74 70 38 187 2 79.85 69.77 
7772 2781 91 123 106 49 284 0 63.43 57.32 
7950 2458 188 273 215 85 585 0 61.08 71.81 
8129 2796 96 145 120 62 333 0 56.75 57.87 
8307 5013 30 46 46 37 130 3 56.05 55.78 
8485 3725 92 134 125 84 347 0 55.30 56.49 
8663 3792 57 83 78 53 217 0 53.45 54.18 
8840 3875 30 46 43 30 120 2 53.92 53.33 
9017 3830 28 45 41 29 117 0 50.88 45.61 
9194 3830 28 45 41 29 116 0 48.47 48.16 
9371 3920 29 44 41 29 114 0 48.28 47.99 
9548 3928 27 44 40 29 114 0 48.28 48.38 
9725 3870 28 43 40 28 111 0 48.30 48.38 
9902 3870 28 43 40 28 111 0 48.28 47.97 
10079 3870 28 43 40 28 111 0 47.85 47.96 
10256 3870 28 43 40 28 111 3 47.85 47.97 
10433 3870 28 43 40 28 111 0 46.87 48.77 
10610 3870 28 43 40 28 111 0 44.68 48.38 
10787 3875 27 43 39 28 111 0 54.42 55.18 
10965 8293 30 49 53 51 153 0 53.43 54.84 
11143 24883 33 59 73 85 218 0 53.06 54.86 
11321 26628 34 60 75 88 225 2 51.39 51.99 
11498 23830 35 61 76 88 227 0 49.01 50.12 
11675 13299 46 71 86 91 250 0 48.84 49.64 
11852 7252 67 95 108 98 304 0 47.24 48.77 
12029 6119 80 117 125 108 354 0 47.07 48.18 
12206 18783 42 66 84 94 246 0 44.47 44.61 
12382 25959 36 60 77 90 229 0 42.89 43.81 
12558 4862 29 46 45 36 127 0 41.85 42.82 
12734 3920 29 44 41 29 114 0 41.85 42.43 
12910 3779 28 44 40 28 113 0 40.70 42.81 
13086 3779 28 44 40 28 113 3 37.52 38.37 
13262 3870 28 43 40 28 111 0 36.14 37.67 
13437 3870 28 43 40 28 111 1 35.46 36.77 
13612 3875 27 43 39 28 111 0 35.46 36.75 
13787 3870 28 43 40 28 111 0 35.92 36.31 
13962 3870 28 43 40 28 111 0 34.94 37.01 
14137 3870 28 43 40 28 111 0 35.21 36.31 
14312 3779 28 44 40 28 113 0 37.28 36.77 
14488 3870 28 43 40 28 111 0 37.28 37.21 
14664 3875 27 43 39 28 110 0 66.88 35.41 
14841 3875 27 43 39 28 110 0 796.30 30.51 
15061 3830 28 45 41 29 116 0 60.89 32.32 
15238 3685 97 142 132 88 368 0 59.36 36.07 
15415 3838 31 48 44 31 124 0 56.73 54.67 
15593 3870 28 43 40 28 112 0 56.05 53.14 
15771 3870 28 43 40 28 112 0 56.15 55.90 
15949 4076 28 44 41 30 116 0 115.23 111.54 
16133 4454 29 45 43 33 122 1 102.07 108.89 
16317 4658 28 45 43 34 122 1 77.32 78.51 
16497 3875 27 43 39 28 111 0 56.01 76.99 
16676 3875 27 43 39 28 111 0 42.70 55.91 
16853 3821 26 42 38 27 108 0 42.31 55.93 
17030 3830 28 45 41 29 115 0 67.86 68.19 
17209 3984 75 101 100 68 276 0 67.03 66.78 
17388 4295 119 179 172 128 485 0 65.36 65.94 
17567 21115 37 64 78 89 233 2 66.20 63.04 
17746 29463 33 60 75 89 225 0 64.94 67.90 
17925 29463 33 60 75 89 226 0 57.82 61.49 
18103 26628 34 60 75 88 225 0 56.58 59.96 
18281 30074 33 59 74 88 223 0 56.44 61.61 
18459 30074 33 59 74 88 223 0 73.86 58.31 
18638 30074 33 59 74 88 223 0 73.86 71.18 
18818 27117 33 59 74 87 221 0 85.92 62.87 
18998 27633 33 58 73 86 219 3 85.93 61.93 
19178 27117 33 59 74 87 221 0 85.93 61.93 
19358 26628 34 60 75 88 224 0 85.92 62.47 
19538 27117 33 59 74 87 223 0 72.44 62.88 
19717 30074 33 59 74 88 223 0 56.00 55.91 
19895 29463 33 60 75 89 226 0 48.84 55.66 
20072 4862 29 46 45 36 128 0 42.48 57.61 
20249 3732 52 78 72 49 201 0 43.28 62.05 
20426 4247 43 65 62 46 175 0 43.49 56.20 
20603 7176 31 49 52 48 149 0 43.69 64.43 
20781 6202 30 47 49 43 140 1 42.48 61.08 
20958 4454 29 45 43 33 122 0 42.50 61.49 
21135 4059 30 44 42 30 117 0 44.28 60.11 
21312 4076 28 44 41 30 116 3 55.74 69.56 
21491 3928 27 44 40 29 113 0 62.71 66.91 
21670 3920 29 44 41 29 114 0 71.72 57.21 
21849 3921 31 47 44 31 123 0 69.87 58.97 
22028 3836 32 48 45 31 126 2 69.79 59.40 
22207 3967 32 48 45 32 126 0 69.87 58.99 
22386 3921 31 47 44 31 124 0 69.85 58.99 
22565 3921 31 47 44 31 124 0 63.82 65.38 
22744 3836 32 48 45 31 125 2 69.77 60.79 
22923 3921 31 47 44 31 124 0 70.40 58.58 
23102 3921 31 47 44 31 123 0 64.80 64.16 
23281 3880 33 49 46 32 128 0 69.75 59.40 
23460 3923 33 50 47 33 131 2 69.68 58.70 
23639 3969 29 45 42 30 117 3 63.10 61.06 
23817 3928 27 44 40 29 113 0 56.58 58.84 
23995 3928 27 44 40 29 113 0 56.01 61.10 
24173 3928 27 44 40 29 113 0 61.03 55.64 
24351 3779 28 44 40 28 113 0 58.24 63.46 
24529 3779 28 44 40 28 112 0 67.44 57.72 
24708 3870 28 43 40 28 111 0 73.68 58.55 
24887 3689 43 66 60 41 169 0 76.87 58.16 
25066 3857 38 57 53 37 149 0 77.33 56.46 
25245 3875 27 43 39 28 111 0 77.33 55.93 
25424 3779 28 44 40 28 112 3 76.52 55.91 
25603 3779 28 44 40 28 112 0 75.02 62.03 
25782 3875 27 43 39 28 110 0 88.42 78.88 
25963 3875 27 43 39 28 111 0 85.93 124.92 
26147 3875 27 43 39 28 111 0 82.38 80.73 
26328 3779 28 44 40 28 112 0 82.28 79.85 
26509 3801 51 75 70 48 195 0 81.38 79.64 
26690 3563 132 191 176 114 488 1 78.39 74.19 
26870 3586 130 188 174 113 481 0 79.97 70.29 
27050 7018 60 90 98 89 281 0 63.26 67.08 
27229 25655 37 60 78 91 231 0 61.46 64.97 
27408 25655 37 60 78 91 231 0 61.17 65.55 
27587 25253 37 61 79 92 233 0 61.18 65.54 
27766 25253 37 61 79 92 234 0 61.46 65.82 
27945 25253 37 61 79 92 234 0 58.80 62.61 
28123 25369 37 60 79 92 233 0 54.93 59.96 
28301 5883 86 125 133 113 376 0 49.84 52.65 
28478 10333 31 53 58 59 171 0 49.52 52.82 
28655 3980 28 45 41 30 116 0 52.41 58.16 
28833 3920 29 44 41 29 114 0 55.88 77.11 
29012 9645 31 52 57 57 168 0 60.20 65.13 
29191 5730 84 126 131 111 373 0 62.15 67.61 
29370 22682 39 62 81 93 239 0 61.46 103.60 
29551 25253 37 61 79 92 234 0 59.23 63.73 
29729 25253 37 61 79 92 234 0 56.58 96.31 
29909 5433 93 135 141 116 399 0 57.39 88.35 
30089 8713 57 90 100 97 290 0 57.41 64.14 
30267 13075 45 73 86 91 253 2 56.98 109.26 
30448 13075 45 73 86 91 254 0 255.66 108.80 
30641 18030 38 64 78 87 232 0 252.59 62.32 
30831 27117 33 59 74 87 221 0 254.34 58.72 
31021 9793 31 51 57 57 166 0 238.27 60.79 
31210 3779 28 44 40 28 112 0 796.30 794.92 
31475 3779 28 44 40 28 113 0 796.20 795.04 
31740 3779 28 44 40 28 113 0 796.35 226.12 
31971 3779 28 44 40 28 113 0 227.99 77.37 
32160 5730 30 47 48 41 136 0 226.88 76.23 
32349 16446 34 58 69 76 204 0 226.85 76.25 
32538 13178 32 55 63 67 185 0 226.61 77.18 
32727 13178 32 55 63 67 186 0 226.24 77.30 
32916 16779 33 56 67 74 199 0 224.54 226.42 
33114 25318 33 58 72 84 216 2 796.21 795.11 
33379 27117 33 59 74 87 222 13 796.14 794.95 
33644 25840 35 61 77 90 229 0 796.13 188.36 
33873 25840 35 61 77 90 229 0 214.40 215.99 
34069 8233 62 94 105 100 302 0 213.18 164.75 
34262 6654 31 50 52 47 149 0 225.88 36.53 
34449 8470 33 53 58 56 167 0 36.60 34.90 
34624 13234 34 56 66 70 193 0 35.44 35.41 
34799 16446 34 58 69 76 204 0 35.46 35.41 
34974 15200 35 58 69 75 203 0 35.46 34.90 
35149 15200 35 58 69 75 203 0 152.59 33.10 
35331 14160 34 57 67 72 197 0 72.98 69.43 
35511 5452 31 47 48 40 136 2 69.41 59.84 
35690 4503 29 46 44 34 125 0 0.00 76.38 
36863 2857 27 64 46 33 144 0 0.00 76.67 
38036 3920 29 44 41 29 114 0 0.00 80.41 
39210 1631 23 119 60 44 221 0 0.00 70.65 
40383 2319 76 214 137 96 449 0 0.00 64.14 
41556 19831 41 68 85 96 251 0 0.00 61.08 
42729 3268 121 186 162 101 457 0 65.48 59.55 
42908 3577 139 208 189 125 531 0 69.14 59.53 
43087 5044 130 189 193 154 545 0 7.92 35.14 
43261 10999 44 80 86 89 257 0 0.00 71.52 
44434 3612 148 216 199 131 554 1 0.00 71.54 
45607 3612 148 216 199 131 554 0 0.00 71.94 
46780 3612 148 216 199 131 554 0 0.00 71.52 
47953 3612 148 216 199 131 554 0 0.00 71.33 
49126 3610 146 216 198 131 553 0 0.00 70.04 
50299 4053 55 76 75 52 208 0 0.00 70.46 
51472 4053 55 76 75 52 208 0 0.00 70.02 
52645 4053 55 76 75 52 209 0 0.00 70.45 
53818 3998 56 77 76 52 210 0 0.00 70.01 
54991 3998 56 77 76 52 210 0 0.00 65.94 
56164 2880 71 181 127 96 408 0 0.00 43.21 
57335 1814 23 167 75 56 294 0 0.00 49.61 
58507 3830 28 45 41 29 116 0 0.00 55.93 
59679 3779 28 44 40 28 112 0 0.00 87.33 
60853 2183 66 197 122 85 404 0 0.00 88.25 
62027 1788 23 164 74 55 289 0 0.00 23.56 
63197 3932 39 59 55 39 156 0 0.00 88.09 
64371 3850 204 293 278 190 775 0 0.00 75.34 
65544 3959 194 279 267 186 746 0 77.76 70.65 
65724 3486 124 235 192 140 575 0 81.11 80.53 
65905 1785 23 168 76 57 297 0 80.50 81.00 
66086 1749 24 165 75 55 291 0 83.06 85.22 
66267 3000 28 62 46 33 141 0 84.92 87.29 
66448 3830 28 45 41 29 116 0 87.60 88.98 
66630 3830 28 45 41 29 115 0 94.32 42.62 
66809 3741 28 46 41 29 116 0 35.68 23.85 
66984 1625 24 124 62 45 227 0 38.64 49.11 
67160 1629 35 175 88 64 324 0 36.82 28.71 
67335 3067 118 224 176 118 523 0 100.28 103.79 
67518 3159 125 225 182 121 533 0 100.35 103.11 
67701 3382 127 207 178 118 507 0 173.62 183.11 
67893 3378 130 211 182 120 518 0 137.09 72.86 
68077 3505 131 202 180 119 506 0 135.68 181.83 
68267 3603 132 195 179 118 497 0 183.46 181.54 
68460 2891 109 224 168 113 510 0 182.12 180.44 
68652 1895 54 193 110 77 380 0 182.09 180.49 
68844 1645 29 175 83 61 316 0 179.79 118.03 
69033 1708 25 169 78 58 302 0 178.99 175.37 
69225 1716 25 109 58 42 208 0 178.65 114.75 
69413 3779 28 44 40 28 113 0 181.37 170.99 
69605 3305 28 53 43 30 126 0 182.15 121.77 
69794 1659 27 166 78 57 299 0 184.89 184.08 
69987 2341 74 203 131 91 426 0 187.51 187.19 
70180 3714 65 96 89 60 246 0 60.47 88.98 
70360 3627 112 161 150 98 414 0 60.89 57.44 
70538 3686 109 155 146 96 404 1 188.77 188.33 
70731 3678 111 157 148 97 407 0 256.12 107.85 
70924 3644 101 147 136 90 377 0 101.52 42.42 
71104 3838 31 48 44 31 124 4 102.95 60.54 
71285 3880 29 46 42 30 118 0 71.55 71.01 
71465 3952 51 72 70 48 194 0 74.02 102.08 
71647 2860 92 193 143 97 435 0 98.48 55.66 
71827 1764 23 163 74 55 289 0 98.07 55.49 
72007 1764 23 163 74 55 288 0 95.06 49.27 
72187 1729 24 164 75 55 290 1 92.29 49.08 
72366 1953 53 183 106 75 363 0 91.51 48.93 
72545 1903 21 165 73 55 289 0 88.40 68.87 
72725 1736 22 151 69 51 268 0 65.76 60.66 
72904 3507 45 79 67 47 194 0 62.85 60.66 
73082 3555 148 218 199 130 553 0 64.51 58.72 
73260 3588 159 231 213 139 593 0 80.60 85.82 
73441 3714 54 80 74 50 205 0 78.18 70.11 
73621 3880 29 46 42 30 118 0 76.16 54.35 
73800 3665 89 133 122 82 340 0 55.73 49.95 
73977 3340 160 238 212 132 590 0 55.73 49.78 
74154 3330 161 239 213 132 595 0 55.86 48.94 
74331 3345 160 236 211 131 587 0 79.80 46.78 
74510 3723 56 83 77 52 215 0 61.44 78.42 
74689 3830 28 45 41 29 115 0 63.80 67.47 
74868 3828 30 45 42 29 117 0 58.11 61.22 
75046 3860 41 49 51 32 134 0 57.14 56.63 
75224 3711 98 83 103 51 241 0 57.12 55.79 
75402 3696 105 87 109 53 254 0 56.00 55.78 
75580 3728 91 79 97 49 229 0 55.88 56.49 
75758 3724 109 89 113 55 261 0 68.71 70.14 
75937 3696 105 87 109 53 253 0 50.69 85.76 
76116 3797 91 89 103 57 254 0 55.08 56.49 
76294 3692 105 106 119 65 295 0 55.59 48.93 
76471 3691 111 89 114 54 262 0 116.40 55.91 
76652 3705 113 90 116 55 265 0 116.67 55.64 
76833 3679 110 88 113 53 258 0 115.07 111.20 
77017 3720 106 86 110 53 253 0 116.23 109.00 
77201 3883 104 87 111 58 257 0 112.25 49.10 
77382 3724 109 89 113 55 261 0 115.16 70.01 
77564 3713 71 68 79 42 191 0 100.35 55.79 
77744 3813 64 95 89 61 247 0 97.89 94.10 
77926 3885 31 49 45 32 126 0 113.83 55.79 
78107 3748 44 54 55 34 144 0 99.21 87.11 
78289 3682 111 91 115 55 265 0 92.75 93.18 
78471 3643 114 93 117 55 270 0 90.88 74.21 
78652 3685 113 127 134 78 344 0 86.79 84.46 
78833 3791 30 47 43 30 121 0 126.55 116.77 
79018 3717 102 86 107 53 249 0 115.63 76.38 
79200 3689 158 196 197 121 523 0 129.81 78.86 
79383 4023 147 175 185 120 491 0 80.77 75.85 
79563 4033 147 176 186 121 494 0 79.97 75.04 
79743 3996 144 172 181 117 480 0 79.95 75.50 
79923 3994 145 172 182 117 481 0 112.34 79.15 
80105 3994 145 172 182 117 481 0 112.34 75.99 
80287 4179 187 268 261 188 730 0 125.36 122.65 
80473 4110 194 281 271 194 759 0 218.67 86.48 
80662 3851 191 276 261 179 729 0 126.06 55.64 
80844 4107 189 274 264 189 740 0 215.75 86.77 
81033 4162 190 275 266 192 746 0 215.15 85.51 
81222 4195 189 273 265 192 743 0 211.41 85.76 
81411 4176 181 258 252 181 703 0 210.77 84.90 
81600 3800 164 214 212 137 574 0 274.72 206.11 
81799 3661 167 214 211 131 567 0 274.69 330.96 
82006 3685 107 86 110 52 251 0 272.83 329.15 
82213 3685 107 86 110 52 253 0 272.78 126.87 
82408 3735 75 69 82 43 197 0 272.78 329.20 
82615 3781 51 55 60 35 152 0 274.40 64.70 
82806 3781 51 55 60 35 152 0 332.25 124.49 
83004 3773 45 52 55 33 143 0 59.36 124.13 
83186 3866 34 46 45 30 122 0 59.79 60.54 
83364 3779 28 44 40 28 112 0 57.54 58.99 
83542 3870 28 43 40 28 111 0 53.07 55.64 
83720 3727 93 123 120 77 326 0 111.13 49.62 
83901 3727 116 100 123 62 290 0 52.39 52.14 
84078 3794 118 111 131 71 317 0 55.74 56.35 
84256 3687 114 105 124 64 298 0 272.58 121.46 
84450 3770 74 104 99 66 274 0 109.67 59.82 
84631 3689 101 84 105 51 244 0 214.46 86.05 
84820 3833 160 201 203 130 545 0 122.09 55.95 
85002 4182 181 264 255 185 716 0 121.84 55.91 
85184 4188 193 279 271 196 759 0 212.77 87.64 
85373 4181 193 278 270 195 756 0 211.70 87.28 
85562 4201 184 267 259 188 726 0 212.28 87.19 
85751 4184 190 275 267 193 749 0 212.19 86.33 
85940 4177 191 277 268 194 752 0 212.26 86.33 
86129 4177 191 277 268 194 752 0 212.24 86.29 
86318 4177 191 277 268 194 752 0 213.18 86.22 
86507 4177 191 277 268 194 752 0 217.24 85.71 
86696 4201 184 267 259 188 727 0 126.99 56.20 
86878 4205 182 264 256 186 719 0 130.87 110.57 
87063 4064 194 281 270 192 756 0 112.27 74.61 
87245 4222 193 280 272 198 763 0 112.59 75.04 
87427 4203 194 281 273 198 765 0 113.51 85.36 
87610 4200 197 284 276 200 773 0 114.29 70.31 
87792 4200 197 284 276 200 774 0 113.47 73.30 
87974 4226 196 284 276 201 774 0 128.04 110.48 
88159 4188 193 279 271 196 759 0 124.85 61.08 
88341 4163 194 279 271 195 758 0 124.59 78.29 
88524 3703 195 281 263 175 732 0 124.15 59.69 
88706 3665 197 281 263 173 730 0 124.56 60.93 
88888 3684 196 281 263 174 730 0 124.54 60.93 
89070 3684 196 281 263 174 730 0 122.35 59.69 
89252 3844 193 278 263 180 734 0 216.70 88.25 
89441 4195 189 273 265 192 743 0 120.82 55.93 
89623 4198 186 270 262 190 734 0 213.37 85.00 
89812 4198 186 270 262 190 734 0 212.30 85.70 
90001 4201 184 267 259 188 727 0 277.88 135.69 
90196 4194 183 266 258 187 723 0 277.44 135.17 
90391 4206 187 271 263 191 738 0 277.64 133.35 
90586 4209 189 272 265 192 742 0 130.61 88.88 
90770 4199 191 277 269 195 755 0 130.71 71.08 
90953 4198 186 270 262 190 735 0 130.97 71.43 
91136 4206 187 271 263 191 738 0 130.53 71.45 
91319 4195 189 273 265 192 742 0 130.97 71.43 
91502 4195 189 273 265 192 742 0 70.65 70.53 
91681 4195 189 273 265 192 743 0 71.11 71.89 
91861 4195 189 273 265 192 744 0 130.56 72.69 
92044 4195 189 273 265 192 744 0 70.21 70.09 
92223 4195 189 273 265 192 744 0 70.04 68.46 
92402 4195 189 273 265 192 742 0 124.30 63.73 
92584 4057 190 274 264 187 738 0 124.24 64.41 
92766 3680 123 112 133 68 319 0 124.22 64.00 
92948 3690 117 94 120 57 275 0 127.60 69.21 
93131 3683 143 155 167 95 425 0 74.02 74.02 
93311 4175 197 281 274 197 766 0 217.75 86.05 
93500 4198 200 290 281 204 789 0 220.76 88.69 
93689 3047 189 272 237 132 654 0 93.57 74.29 
93870 2712 161 233 193 92 528 0 221.14 77.54 
94059 11682 49 77 91 94 265 14 221.15 221.93 
94256 18720 41 67 83 93 246 0 75.09 75.26 
94436 18720 41 67 83 93 246 0 74.63 74.73 
94616 18720 41 67 83 93 246 0 76.33 84.92 
94797 18720 41 67 83 93 246 0 74.21 73.03 
94977 18720 41 67 83 93 246 0 78.01 76.48 
95157 18720 41 67 83 93 246 0 62.97 63.02 
95336 18720 41 67 83 93 246 0 63.12 60.50 
95514 2466 187 271 214 85 583 0 62.70 60.55 
95692 2459 185 271 213 85 581 0 62.97 61.34 
95870 2459 185 271 213 85 582 0 62.54 61.34 
96048 2467 186 270 213 85 581 0 69.75 64.26 
96227 2468 183 268 211 85 576 0 225.52 87.57 
96417 8522 51 81 89 86 259 0 82.28 81.87 
96598 23959 36 60 76 88 226 0 81.67 82.67 
96779 23257 37 62 78 90 233 0 83.25 83.25 
96960 23129 36 63 78 90 233 0 97.00 92.33 
97142 5611 77 115 119 100 339 0 99.94 93.38 
97325 3969 29 45 42 30 117 0 99.03 93.82 
97507 3875 27 43 39 28 111 0 99.28 57.60 
97687 3779 28 44 40 28 113 0 83.95 88.06 
97868 3920 29 44 41 29 114 0 78.56 80.00 
98048 4312 64 93 91 67 254 0 73.42 75.24 
98228 8962 50 79 88 86 256 0 213.04 66.78 
98416 2461 185 269 212 84 578 0 208.32 67.35 
98603 4215 198 286 278 202 779 0 133.76 58.16 
98785 3972 202 290 278 194 777 0 130.71 131.87 
98972 4049 161 210 212 144 576 0 129.98 131.05 
99159 3700 176 243 232 151 637 0 128.74 131.04 
99345 3667 181 255 240 157 662 0 129.18 86.41 
99529 3667 181 255 240 157 662 0 129.61 131.46 
99716 3667 181 255 240 157 662 0 129.17 131.48 
99902 3667 181 255 240 157 662 0 129.56 29.50 
100083 3667 181 255 240 157 662 0 130.42 27.00 
100263 3667 181 255 240 157 663 0 129.56 25.57 
100443 3667 181 255 240 157 663 0 129.57 26.42 
100623 3667 181 255 240 157 663 0 129.20 28.14 
100803 3667 181 255 240 157 663 0 129.64 28.44 
100983 3667 181 255 240 157 663 4 129.57 26.13 
101163 3667 181 255 240 157 663 0 129.64 25.28 
101343 3667 181 255 240 157 663 0 24.23 65.94 
101519 3667 181 255 240 157 663 0 129.62 131.44 
101706 3667 181 255 240 157 662 0 129.18 131.43 
101892 3667 181 255 240 157 662 0 129.56 131.43 
102079 3667 181 255 240 157 663 0 129.56 131.10 
102265 3667 181 255 240 157 663 0 130.00 131.09 
102452 3667 181 255 240 157 663 0 128.74 131.53 
102638 3667 181 255 240 157 663 0 129.13 7.74 
102817 3667 181 255 240 157 663 0 129.10 9.08 
102996 3667 181 255 240 157 663 0 129.18 88.11 
103180 3667 181 255 240 157 663 0 129.17 131.05 
103366 3667 181 255 240 157 663 0 129.18 131.05 
103552 3667 181 255 240 157 663 0 128.71 131.05 
103738 3667 181 255 240 157 663 0 128.76 131.00 
103924 3667 181 255 240 157 663 0 128.64 130.87 
104110 3667 181 255 240 157 663 0 126.11 114.15 
104295 3671 157 194 195 119 516 0 58.36 58.85 
104473 3737 63 64 72 40 178 0 56.58 58.43 
104651 3828 30 45 42 29 117 0 56.58 58.02 
104829 3830 44 51 54 33 140 0 58.11 60.67 
105007 3831 42 51 53 33 139 0 63.41 65.40 
105186 3830 28 45 41 29 116 0 130.61 110.81 
105371 3695 74 89 91 55 239 0 133.55 85.37 
105555 3746 120 118 135 74 334 0 133.47 87.46 
105739 3727 101 84 106 52 247 0 133.47 86.61 
105923 3719 105 86 109 53 252 0 133.47 101.75 
106108 3719 105 86 109 53 253 0 133.11 70.65 
106291 3696 105 87 109 53 253 0 92.65 91.73 
106473 3726 100 84 105 52 245 0 97.99 73.10 
106654 3771 146 186 186 118 498 0 86.80 57.60 
106834 3723 107 89 112 55 260 0 58.26 15.79 
107010 3709 114 93 118 57 272 0 61.46 57.19 
107188 3652 143 149 163 90 411 0 61.57 59.69 
107366 3524 201 287 265 169 736 0 61.59 60.23 
107544 3541 200 287 265 170 737 0 61.57 59.69 
107722 3541 200 287 265 170 738 0 60.33 58.72 
107900 3574 198 284 263 170 731 0 59.64 57.32 
108078 3982 189 273 261 183 729 0 58.65 56.61 
108256 4107 189 274 264 189 739 0 83.61 56.47 
108435 4199 191 277 269 195 755 0 83.62 55.66 
108614 4216 203 293 285 207 798 0 83.61 55.66 
108793 4212 204 293 286 207 800 0 83.44 70.74 
108973 4223 203 294 286 208 801 0 82.19 70.97 
109153 4223 203 294 286 208 802 0 82.16 71.50 
109333 4191 203 293 285 206 798 0 80.77 55.64 
109512 4191 203 293 285 206 798 0 55.73 50.46 
109689 4023 167 214 218 146 590 0 50.18 49.10 
109866 3729 119 100 125 62 293 0 49.01 49.11 
110043 3709 114 93 118 57 272 2 49.18 49.28 
110220 3707 112 93 117 57 271 0 0.00 84.46 
111394 3920 29 44 41 29 115 0 0.00 77.20 
112567 3880 29 46 42 30 118 0 72.33 55.79 
112746 3791 64 94 88 60 246 0 68.14 63.58 
112925 3880 29 46 42 30 118 4 68.83 21.50 
113101 2986 59 82 72 38 196 0 68.83 21.49 
113277 2558 131 186 151 63 408 7 68.82 21.50 
113453 2560 130 185 150 63 407 0 68.83 21.50 
113629 2560 130 185 150 63 407 0 68.82 21.50 
113805 2560 130 185 150 63 407 7 68.83 21.50 
113981 2560 130 185 150 63 407 0 37.09 48.18 
114157 2560 130 185 150 63 407 4 0.00 68.56 
115330 2561 129 184 149 63 405 0 0.00 68.61 
116503 2561 129 184 149 63 405 13 0.00 69.04 
117676 2561 129 184 149 63 404 0 69.17 21.49 
117852 2549 129 185 149 63 405 4 69.16 67.75 
118031 2560 130 185 150 63 406 0 69.16 21.49 
118207 2560 130 185 150 63 406 0 69.17 21.49 
118383 2560 130 185 150 63 406 1 68.85 21.50 
118559 2560 130 185 150 63 406 0 68.82 21.50 
118735 2560 130 185 150 63 406 0 69.17 21.50 
