=~=~=~=~=~=~=~=~=~=~=~= PuTTY log 2025.11.28 19:10:11 =~=~=~=~=~=~=~=~=~=~=~=
ets Jul 29 2019 12:21:46

rst:0x1 (POWERON_RESET),boot:0x13 (SPI_FAST_FLASH_BOOT)
configsip: 0, SPIWP:0xee
clk_drv:0x00,q_drv:0x00,d_drv:0x00,cs0_drv:0x00,hd_drv:0x00,wp_drv:0x00
mode:DIO, clock div:1
load:0x3fff0030,len:4980
load:0x40078000,len:16612
load:0x40080400,len:3480
entry 0x400805b4
Found sensor
Milis - ColorTemp - Lux - R - G - B - C - Pot - UsensA - UsensB

399 3201 34 67 53 37 156 0 61.90 60.52 
577 3201 34 67 53 37 156 11 61.91 61.35 
755 3201 34 67 53 37 156 0 61.90 61.35 
933 3126 35 67 53 36 156 0 61.90 61.35 
1111 3201 34 67 53 37 156 16 61.90 61.79 
1289 3201 34 67 53 37 156 0 61.90 61.35 
1467 3201 34 67 53 37 156 0 61.90 61.35 
1645 3201 34 67 53 37 156 19 62.03 61.35 
1823 3201 34 67 53 37 156 0 61.90 61.34 
2001 3201 34 67 53 37 156 0 61.90 60.93 
2179 3201 34 67 53 37 156 20 61.90 61.35 
2357 3201 34 67 53 37 156 0 61.88 60.83 
2535 3201 34 67 53 37 156 0 61.91 61.34 
2713 3201 34 67 53 37 156 16 61.90 61.23 
2891 3201 34 67 53 37 156 0 61.91 61.34 
3069 3201 34 67 53 37 156 0 61.90 61.35 
3247 3201 34 67 53 37 156 14 62.03 61.35 
3425 3201 34 67 53 37 156 0 61.91 61.35 
3603 3201 34 67 53 37 156 0 61.90 61.35 
3781 3201 34 67 53 37 156 3 62.02 61.34 
3959 3201 34 67 53 37 156 0 61.90 61.35 
4137 3201 34 67 53 37 156 0 61.90 61.35 
4315 3201 34 67 53 37 156 0 61.59 61.35 
4493 3201 34 67 53 37 156 0 61.57 61.35 
4671 3201 34 67 53 37 156 0 61.57 61.35 
4849 3201 34 67 53 37 156 0 61.57 61.35 
5027 3201 34 67 53 37 156 2 61.59 61.34 
5205 3201 34 67 53 37 156 0 61.57 61.35 
5383 3201 34 67 53 37 156 0 61.59 61.37 
5561 3201 34 67 53 37 156 7 61.57 61.35 
5739 3201 34 67 53 37 156 0 61.57 61.35 
5917 3201 34 67 53 37 156 0 61.59 61.37 
6095 3201 34 67 53 37 156 10 61.57 61.34 
6273 3201 34 67 53 37 156 0 61.57 61.35 
6451 3201 34 67 53 37 156 0 62.02 61.37 
6629 3201 34 67 53 37 156 12 61.57 61.35 
6807 3201 34 67 53 37 156 0 61.57 61.34 
6985 3201 34 67 53 37 156 0 61.90 61.35 
7163 3201 34 67 53 37 156 11 61.59 61.37 
7341 3201 34 67 53 37 156 0 61.57 61.35 
7519 3201 34 67 53 37 156 0 61.57 61.35 
7697 3201 34 67 53 37 156 9 61.57 61.34 
7875 3201 34 67 53 37 156 0 61.57 61.35 
8053 3201 34 67 53 37 156 0 61.57 61.35 
8231 3201 34 67 53 37 156 7 61.57 61.37 
8409 3201 34 67 53 37 156 0 61.59 61.37 
8587 3201 34 67 53 37 156 0 61.59 61.35 
8765 3201 34 67 53 37 156 3 61.59 61.37 
8943 3201 34 67 53 37 156 0 61.59 61.34 
9121 3201 34 67 53 37 156 0 61.59 61.35 
9299 3201 34 67 53 37 156 0 61.59 61.35 
9477 3201 34 67 53 37 156 0 61.59 61.37 
9655 3201 34 67 53 37 156 0 61.59 61.35 
9833 3201 34 67 53 37 156 0 61.59 61.37 
10011 3201 34 67 53 37 156 0 61.59 61.35 
10189 3201 34 67 53 37 156 0 62.02 61.34 
10367 3201 34 67 53 37 156 0 61.57 61.37 
10545 3201 34 67 53 37 156 5 61.59 61.37 
10723 3201 34 67 53 37 156 0 61.57 61.34 
10901 3201 34 67 53 37 156 0 61.57 61.35 
11079 3201 34 67 53 37 156 9 61.59 61.37 
11257 3201 34 67 53 37 156 0 61.57 61.35 
11435 3201 34 67 53 37 156 0 61.59 61.35 
11613 3201 34 67 53 37 156 11 61.57 61.35 
11791 3201 34 67 53 37 156 0 61.57 61.35 
11969 3201 34 67 53 37 156 0 61.57 61.34 
12147 3201 34 67 53 37 156 12 61.59 61.35 
12325 3201 34 67 53 37 156 0 62.02 61.35 
12503 3201 34 67 53 37 156 0 61.57 61.37 
12681 3201 34 67 53 37 156 10 61.59 61.35 
12859 3201 34 67 53 37 156 0 61.59 61.35 
13037 3201 34 67 53 37 156 0 61.59 61.35 
13215 3201 34 67 53 37 156 9 62.02 61.34 
13393 3201 34 67 53 37 156 0 61.59 61.34 
13571 3201 34 67 53 37 156 0 61.88 60.94 
13749 3201 34 67 53 37 156 4 62.00 61.35 
13927 3201 34 67 53 37 157 0 62.00 61.35 
14105 3201 34 67 53 37 157 0 62.00 61.37 
14283 3201 34 67 53 37 157 1 62.00 61.35 
14461 3201 34 67 53 37 157 0 61.57 61.34 
14639 3201 34 67 53 37 157 0 61.57 61.35 
14817 3201 34 67 53 37 157 0 61.59 61.34 
14995 3201 34 67 53 37 157 0 62.00 61.78 
15173 3165 36 68 54 37 158 0 62.00 61.78 
15351 3144 36 70 55 38 161 4 61.73 58.43 
15529 3144 36 70 55 38 161 0 61.73 59.67 
15707 3106 35 69 54 37 160 0 61.73 59.70 
15885 3106 35 69 54 37 160 1 61.73 52.82 
16063 3106 35 69 54 37 160 0 61.73 60.93 
16241 3075 37 70 55 37 161 0 61.73 61.34 
16419 3132 37 69 55 37 160 0 61.71 59.26 
16597 3132 37 69 55 37 161 2 61.73 59.28 
16775 3132 37 69 55 37 160 0 61.73 60.93 
16953 3132 37 69 55 37 161 0 61.71 60.93 
17131 3132 37 69 55 37 161 5 62.03 52.97 
17309 3106 35 69 54 37 160 0 61.86 59.13 
17487 3106 35 69 54 37 159 0 61.73 55.52 
17665 3206 33 62 50 34 145 5 61.30 60.10 
17843 3290 33 62 50 35 147 0 60.60 55.66 
18021 3393 31 57 47 33 136 0 60.45 55.64 
18199 3347 31 56 46 32 133 22 59.91 45.59 
18376 4905 38 50 54 41 145 0 59.64 47.40 
18553 5599 44 51 61 48 159 0 59.50 49.13 
18731 5805 46 51 63 50 164 0 58.94 48.77 
18908 5906 47 51 64 51 165 0 58.38 49.62 
19086 5931 47 52 65 52 169 6 57.80 50.80 
19264 6029 48 52 66 53 171 0 57.12 22.69 
19440 5805 46 51 63 50 164 0 57.41 22.69 
19616 5779 45 50 62 49 162 6 57.39 54.01 
19794 4718 35 50 51 39 140 0 58.24 19.91 
19970 4464 34 50 49 37 137 5 59.06 19.60 
20146 3209 31 69 52 39 158 0 60.20 18.00 
20322 3101 32 71 53 39 162 0 61.17 18.65 
20498 3035 31 72 53 39 162 0 61.17 19.92 
20674 3229 33 74 56 42 167 0 61.17 18.97 
20850 3229 33 74 56 42 166 7 52.55 15.49 
21025 3229 33 74 56 42 169 0 52.22 15.49 
21200 3149 34 74 56 41 169 0 52.21 15.79 
21375 3333 33 63 51 36 149 0 50.86 14.47 
21550 3442 34 63 52 37 152 4 50.54 14.13 
21725 3238 55 81 72 43 197 0 50.69 14.13 
21900 3224 56 83 73 44 201 0 48.25 11.10 
22075 3249 56 84 74 45 204 0 46.65 9.74 
22249 3224 56 83 73 44 200 0 46.67 9.40 
22423 3505 42 63 57 37 157 0 46.65 9.40 
22597 3459 40 62 55 36 153 0 46.65 9.74 
22771 3471 41 62 56 36 154 8 46.65 9.40 
22945 3471 41 62 56 36 154 0 46.65 9.40 
23119 3471 41 62 56 36 154 13 46.65 9.40 
23293 3471 41 62 56 36 154 0 47.84 16.12 
23468 3441 43 66 59 38 164 0 13.82 17.07 
23641 3441 43 66 59 38 164 0 13.80 15.79 
23814 3411 39 58 52 33 143 0 14.14 47.97 
23989 3425 40 58 53 33 144 10 14.16 45.59 
24164 3471 41 62 56 36 154 0 14.14 45.99 
24339 3338 44 65 58 36 159 27 45.66 44.40 
24515 3429 43 63 57 36 156 0 46.26 43.60 
24691 3505 44 68 61 40 169 0 10.78 43.42 
24865 3483 42 65 58 38 161 0 45.27 15.79 
25040 3471 41 62 56 36 153 9 10.44 17.07 
25213 3576 40 60 55 36 151 0 9.08 42.64 
25387 3593 39 58 53 35 146 5 43.08 8.06 
25561 3969 39 60 56 40 155 0 43.08 8.04 
25735 3897 40 61 57 40 158 0 9.08 10.08 
25907 3897 40 61 57 40 158 7 9.08 6.77 
26079 4031 45 68 64 46 177 0 9.08 8.04 
26251 3971 47 72 67 48 187 0 40.70 6.77 
26425 4027 47 71 67 48 186 2 9.08 39.25 
26599 3934 48 71 67 47 184 1 9.08 39.73 
26773 4126 46 71 67 49 187 12 9.08 39.73 
26947 4157 47 72 68 50 191 0 9.08 39.73 
27121 4099 47 73 68 50 191 0 9.08 39.71 
27295 4099 47 73 68 50 191 0 9.08 39.73 
27469 4099 47 73 68 50 191 0 9.08 39.73 
27643 4099 47 73 68 50 191 0 9.08 39.73 
27817 4099 47 73 68 50 191 0 9.08 39.71 
27991 4099 47 73 68 50 191 8 40.70 39.27 
28167 4099 47 73 68 50 191 0 41.14 8.72 
28341 4099 47 73 68 50 191 9 41.14 8.72 
28515 4099 47 73 68 50 191 0 9.08 39.73 
28689 4099 47 73 68 50 191 4 40.70 39.73 
28865 4099 47 73 68 50 191 0 9.08 39.73 
29039 4099 47 73 68 50 191 2 41.22 39.73 
29215 4099 47 73 68 50 191 0 41.16 6.77 
29389 4099 47 73 68 50 191 2 41.22 39.73 
29565 4088 48 73 69 50 191 0 41.16 5.49 
29739 4088 48 73 69 50 191 14 41.22 39.73 
29915 4088 48 73 69 50 191 0 41.16 39.29 
30091 4088 48 73 69 50 191 11 41.16 39.71 
30267 4088 48 73 69 50 191 0 41.16 39.73 
30443 4088 48 73 69 50 191 5 41.14 39.73 
30619 4088 48 73 69 50 191 1 41.16 39.73 
30795 4088 48 73 69 50 191 0 41.24 39.71 
30971 4088 48 73 69 50 191 0 40.46 38.81 
31147 4088 48 73 69 50 191 0 42.06 6.77 
31321 4032 48 74 69 50 192 0 42.28 37.21 
31497 3804 43 75 65 48 186 0 39.78 6.78 
31671 3575 33 75 58 46 177 0 39.56 36.53 
31847 3635 31 85 62 53 198 0 43.67 5.49 
32021 3539 32 91 65 56 201 0 67.85 32.57 
32198 3427 30 86 61 52 196 0 65.48 5.49 
32373 4974 35 65 59 50 173 0 59.77 53.50 
32551 8039 36 50 59 55 164 0 62.42 5.49 
32726 7239 39 55 63 57 175 13 55.86 38.61 
32903 5530 37 51 55 45 152 0 52.55 6.78 
33078 7628 43 58 69 63 190 10 52.72 39.97 
33255 6630 37 53 59 52 163 0 20.59 6.77 
33428 3121 32 74 55 41 169 9 18.68 50.30 
33603 2489 38 103 68 49 217 0 17.10 7.09 
33776 2607 34 90 61 44 192 5 16.46 6.77 
33949 2173 31 102 62 46 207 0 15.83 46.78 
34124 2258 31 100 62 46 204 0 16.13 7.09 
34297 2312 31 97 61 45 199 6 15.83 43.81 
34472 2261 30 97 60 45 200 0 41.84 6.77 
34646 2642 29 80 54 40 172 6 42.06 43.21 
34822 2684 30 81 55 41 175 0 41.84 5.49 
34996 2277 31 96 60 44 197 8 42.30 40.87 
35172 3391 74 138 113 80 329 0 39.78 39.29 
35348 3701 83 144 124 90 354 0 9.42 6.78 
35520 3580 67 103 93 62 260 0 12.12 5.81 
35692 3589 102 115 120 68 309 0 10.42 5.81 
35864 3590 106 120 125 71 320 5 36.58 5.81 
36038 3589 102 115 120 68 308 0 36.82 9.40 
36212 3651 49 67 64 41 173 12 36.58 6.78 
36386 3594 39 69 59 42 171 0 29.26 44.01 
36561 3236 36 73 57 41 171 6 28.76 5.81 
36734 2165 32 107 65 48 216 0 29.51 23.83 
36908 2166 34 110 67 49 222 0 36.36 6.77 
37082 2150 33 111 67 50 224 2 39.78 43.42 
37258 2245 33 105 65 48 213 0 39.78 43.42 
37434 2329 34 103 65 48 211 0 42.06 5.81 
37608 2329 34 103 65 48 211 0 28.19 50.78 
37784 2272 32 105 65 49 215 0 27.90 9.40 
37957 2341 40 120 76 56 249 0 27.90 5.81 
38130 3352 41 86 67 50 197 18 29.02 5.81 
38303 4063 40 68 61 46 170 0 28.75 25.86 
38477 3034 41 99 72 54 222 0 28.76 5.81 
38650 2408 45 130 84 61 271 11 27.03 5.80 
38823 2373 44 130 83 61 270 0 27.34 5.81 
38996 2203 35 112 69 50 227 25 24.16 20.86 
39170 2166 34 110 67 49 223 4 23.00 20.55 
39344 2242 34 108 67 49 221 20 21.22 5.81 
39517 2277 33 106 66 49 217 32 18.05 5.81 
39690 3302 49 81 69 45 195 0 18.99 15.79 
ets Jul 29 2019 12:21:46

rst:0x1 (POWERON_RESET),boot:0x13 (SPI_FAST_FLASH_BOOT)
configsip: 0, SPIWP:0xee
clk_drv:0x00,q_drv:0x00,d_drv:0x00,cs0_drv:0x00,hd_drv:0x00,wp_drv:0x00
mode:DIO, clock div:1
load:0x3fff0030,len:4980
load:0x40078000,len:16612
load:0x40080400,len:3480
entry 0x400805b4
Found sensor
Milis - ColorTemp - Lux - R - G - B - C - Pot - UsensA - UsensB

399 3544 131 145 152 84 383 0 16.15 5.81 
572 3549 129 143 150 83 378 1 16.15 5.81 
744 3531 129 144 150 83 379 0 16.15 5.81 
916 3531 129 144 150 83 380 25 16.15 5.81 
1088 3534 130 144 151 83 380 1 15.83 7.09 
1261 3544 131 145 152 84 383 0 43.88 5.81 
1435 3647 78 97 97 59 254 19 19.30 16.44 
1608 4685 40 63 61 48 173 0 15.83 15.81 
1781 11404 28 65 62 66 193 0 17.08 5.81 
1954 13935 25 63 60 66 189 14 34.44 5.81 
2128 12818 26 62 60 65 187 0 33.13 5.49 
2301 12716 26 62 59 64 186 24 30.55 8.72 
2474 7186 28 59 55 53 166 0 30.31 34.12 
2649 5395 32 61 56 49 165 0 28.48 5.81 
2822 4099 40 88 71 59 219 5 21.22 7.11 
2995 3185 54 149 105 86 339 0 22.15 9.08 
3168 3126 64 177 124 101 400 43 22.15 7.74 
3341 3112 61 172 120 98 387 148 22.15 9.06 
3514 3089 61 171 119 97 384 0 22.17 7.74 
3687 3089 61 171 119 97 384 55 22.15 7.74 
3860 3089 61 171 119 97 384 0 22.15 7.74 
4033 3089 61 171 119 97 385 0 22.15 7.74 
4206 3089 61 171 119 97 385 22 22.15 7.74 
4379 3089 61 171 119 97 385 4 22.15 7.74 
4552 3089 61 171 119 97 385 31 20.89 15.79 
4725 3089 61 171 119 97 385 0 20.89 9.06 
4898 3089 61 171 119 97 386 0 20.89 9.06 
5071 3089 61 171 119 97 386 30 22.15 7.41 
5244 3089 61 171 119 97 386 0 22.15 7.41 
5417 3089 61 171 119 97 386 0 22.15 7.41 
5590 3089 61 171 119 97 386 6 22.15 7.41 
5763 3089 61 171 119 97 386 0 24.45 7.74 
5936 3089 61 171 119 97 386 17 9.08 6.78 
6108 3108 60 170 118 97 382 0 29.00 8.06 
6281 3209 51 132 95 76 302 0 15.16 15.79 
6454 3817 45 114 86 73 272 14 14.82 15.15 
6627 10282 29 68 64 67 198 0 16.76 17.07 
6800 6354 28 54 51 47 153 0 20.25 14.47 
6973 12624 26 63 60 65 188 4 35.68 16.44 
7147 6561 31 60 57 53 170 0 39.56 22.98 
7322 4578 39 60 58 45 164 9 29.27 28.71 
7497 3624 101 115 120 69 306 0 52.05 33.35 
7673 3607 95 109 113 65 290 5 48.99 53.16 
7850 2823 35 79 57 40 174 0 43.06 40.41 
8026 2510 34 92 61 44 194 0 48.99 43.62 
8203 2541 32 87 58 42 185 9 56.81 47.38 
8380 5862 38 54 58 49 160 0 56.29 48.77 
8557 6722 43 59 67 59 184 29 54.91 15.81 
8732 6354 43 59 66 57 182 0 55.42 55.78 
8910 3954 34 59 52 39 150 13 54.57 15.79 
9085 3113 32 63 49 34 146 0 22.15 48.77 
9260 3197 31 63 49 35 146 0 50.00 49.62 
9437 2501 33 93 61 45 197 8 49.67 55.67 
9614 2462 33 93 61 44 197 0 49.67 55.66 
9791 2506 35 93 62 44 198 6 50.18 49.62 
9968 2472 34 92 61 43 194 0 51.53 35.62 
10144 2860 33 76 55 39 169 0 42.06 38.35 
10320 3325 31 69 53 40 161 0 40.68 38.37 
10496 6630 37 53 59 52 163 0 46.26 41.99 
10672 8068 43 57 69 64 190 14 51.03 48.18 
10849 7323 39 53 62 56 172 0 57.82 51.83 
11027 3641 29 77 57 48 179 3 61.73 51.12 
11205 3751 29 71 54 45 170 36 60.74 47.40 
11383 3777 29 66 52 42 159 0 59.04 55.51 
11561 3866 29 76 57 49 181 7 58.07 46.21 
11738 3708 31 70 55 44 167 24 58.09 50.93 
11916 3612 29 82 59 51 191 0 57.83 57.29 
12094 3800 28 83 60 53 192 7 57.53 50.29 
12271 3592 30 87 62 54 200 14 57.54 50.29 
12449 3439 28 84 59 51 192 0 54.08 53.65 
12626 3439 28 84 59 51 192 17 52.38 50.44 
12803 3632 28 77 56 48 181 0 49.67 49.78 
12980 3531 27 89 61 55 204 0 48.47 21.81 
13155 3595 25 85 58 53 194 14 48.25 21.18 
13330 3508 25 75 53 46 173 0 46.85 18.65 
13505 3582 26 68 50 42 159 4 45.46 18.65 
13680 3319 24 91 60 55 204 0 44.28 16.44 
13855 3379 25 92 61 56 207 0 43.49 16.44 
14030 3351 23 92 60 56 205 0 18.04 14.81 
14203 3306 25 82 56 49 185 0 59.48 14.47 
14379 3759 25 74 53 47 173 12 15.83 14.79 
14552 3877 26 76 55 49 179 0 15.83 15.79 
14725 3681 24 81 56 51 187 28 49.50 16.13 
14900 3309 25 110 70 67 245 0 59.35 42.42 
15077 3740 27 115 75 73 258 8 59.77 42.42 
15254 3287 23 105 66 64 232 0 41.60 9.40 
15428 3183 22 106 66 64 232 13 40.02 12.10 
15602 3257 26 106 68 64 231 0 40.00 12.10 
15776 3006 25 106 67 62 229 18 42.69 6.77 
15950 3189 24 94 61 56 207 0 42.48 10.42 
16124 3605 25 74 53 46 171 16 36.82 6.77 
16298 3508 25 75 53 46 172 0 35.68 6.78 
16472 3171 19 102 62 62 222 0 9.42 6.77 
16644 3171 19 102 62 62 222 6 37.72 8.38 
16818 3122 20 109 66 66 239 0 40.26 8.38 
16992 3147 19 110 66 67 239 14 9.08 6.77 
17164 3065 18 109 65 66 237 0 53.06 6.77 
17339 3122 20 109 66 66 238 6 55.88 6.78 
17514 3147 19 110 66 67 240 0 6.46 30.77 
17687 3109 18 107 64 65 233 0 35.68 31.79 
17862 3086 19 106 64 64 231 0 35.68 31.81 
18037 3109 18 107 64 65 233 0 35.68 31.77 
18212 3109 18 107 64 65 233 1 35.67 31.81 
18387 3109 18 107 64 65 233 0 35.68 30.51 
18562 3109 18 107 64 65 233 2 6.14 30.28 
18735 3007 19 105 63 63 229 0 6.14 31.04 
18908 3172 22 95 60 57 209 4 6.14 30.53 
19081 3121 21 100 62 60 218 0 6.14 31.02 
19254 3121 21 100 62 60 219 0 6.14 31.02 
19427 3121 21 100 62 60 219 10 6.14 31.04 
19600 3121 21 100 62 60 219 0 6.14 31.02 
19773 3121 21 100 62 60 219 0 6.14 31.02 
19946 3013 21 101 62 60 219 2 6.46 29.75 
20119 3013 21 101 62 60 219 0 6.46 29.73 
20292 3013 21 101 62 60 219 2 6.14 31.02 
20465 3013 21 101 62 60 219 0 6.14 31.02 
20638 3013 21 101 62 60 219 0 6.46 29.75 
20811 3013 21 101 62 60 219 12 6.14 31.02 
20984 3013 21 101 62 60 220 0 6.14 31.02 
21157 3013 21 101 62 60 220 0 6.14 30.53 
21330 3013 21 101 62 60 220 2 6.14 31.02 
21503 3013 21 101 62 60 220 0 9.08 6.77 
21675 3013 21 101 62 60 220 0 9.08 30.53 
21848 3013 21 101 62 60 220 0 35.44 5.49 
22022 3013 21 101 62 60 220 0 35.44 6.78 
22196 3013 21 101 62 60 220 10 34.68 5.81 
22370 3013 21 101 62 60 220 0 34.68 5.81 
22544 3013 21 101 62 60 220 5 34.68 5.81 
22718 3013 21 101 62 60 220 0 33.64 5.81 
22891 3013 21 101 62 60 220 0 29.78 5.81 
23064 3279 22 94 60 57 208 4 29.27 5.81 
23237 7469 44 62 71 65 200 0 43.08 30.51 
23412 7491 48 63 75 68 207 16 18.99 5.81 
23585 11891 76 92 127 129 350 0 14.48 17.37 
23758 5417 46 92 82 73 245 0 7.75 5.81 
23930 2359 45 129 83 59 269 33 19.94 7.09 
24103 3594 143 162 169 96 430 0 17.73 6.78 
24276 3605 192 212 224 126 567 0 18.36 5.81 
24449 3665 120 144 147 88 383 32 15.83 5.81 
24621 11528 38 91 85 91 267 0 18.04 15.79 
24794 12450 37 90 85 92 266 10 19.31 15.79 
24967 12311 37 91 85 92 267 17 19.31 15.81 
25140 12450 37 90 85 92 267 0 19.31 15.81 
25313 12450 37 90 85 92 267 47 18.05 15.81 
25486 12450 37 90 85 92 267 0 19.31 15.79 
25659 12450 37 90 85 92 267 0 9.08 27.28 
25832 12450 37 90 85 92 267 33 19.31 15.81 
26005 12450 37 90 85 92 267 0 19.31 15.81 
26178 12450 37 90 85 92 267 9 19.31 15.81 
26351 12450 37 90 85 92 267 15 9.76 9.06 
26523 12450 37 90 85 92 267 0 11.44 17.07 
26696 11528 38 91 85 91 267 13 17.73 18.65 
26869 3664 123 141 147 86 377 0 37.28 22.12 
27044 3223 83 126 110 67 304 0 35.44 28.71 
27219 3088 37 101 71 57 225 15 37.96 45.80 
27395 11528 61 75 102 103 281 0 57.82 42.99 
27572 3528 27 86 60 53 198 0 50.01 48.77 
27749 4078 75 111 106 76 294 24 55.86 54.15 
27927 3837 63 96 89 62 248 0 59.64 55.79 
28105 3133 60 90 78 46 215 0 63.68 49.78 
28283 3262 58 84 75 45 204 82 57.12 55.78 
28461 3224 57 85 75 45 206 0 19.31 58.87 
28637 3264 52 78 69 42 189 8 17.41 56.90 
28813 3150 63 92 81 47 219 0 23.58 54.99 
28989 3061 68 100 87 49 237 0 59.08 19.60 
29165 3125 61 89 78 45 214 28 62.83 36.52 
29342 2959 79 113 98 52 264 0 61.57 18.65 
29518 2957 81 117 101 54 274 11 56.15 14.13 
29693 2971 83 117 102 54 274 0 51.88 14.11 
29868 3221 48 75 65 40 181 26 51.53 12.77 
30043 2971 32 78 56 42 175 0 50.20 15.79 
30218 2417 32 105 66 52 219 24 53.91 11.76 
30393 2500 34 106 68 53 223 0 49.01 10.08 
30568 2507 31 98 63 49 208 21 47.04 10.08 
30743 2681 37 110 73 57 237 0 51.20 9.74 
30918 2431 29 95 60 47 199 37 9.08 44.01 
31092 2574 27 95 60 50 202 0 7.43 8.06 
31264 2703 29 86 57 45 185 14 7.43 6.77 
31436 2894 29 78 54 42 172 5 9.76 41.79 
31610 2894 29 78 54 42 172 0 7.74 41.99 
31784 2474 28 95 60 48 200 21 7.75 42.23 
31958 2511 30 97 62 49 203 0 7.74 15.81 
32131 2298 27 100 61 49 207 11 42.28 39.95 
32307 2134 24 99 58 48 201 0 42.69 39.95 
32483 2134 24 99 58 48 201 27 7.43 9.42 
32655 2134 24 99 58 48 201 0 42.67 39.97 
32831 2134 24 99 58 48 201 14 6.14 39.95 
33005 2134 24 99 58 48 202 0 6.14 39.97 
33179 2134 24 99 58 48 202 3 6.14 40.41 
33353 2134 24 99 58 48 202 8 7.43 39.95 
33527 2134 24 99 58 48 202 0 46.83 39.95 
33703 2134 24 99 58 48 202 4 47.24 39.97 
33879 2134 24 99 58 48 202 0 7.43 40.43 
34053 2134 24 99 58 48 202 9 6.14 6.77 
34225 2134 24 99 58 48 202 0 6.14 5.49 
34397 2134 24 99 58 48 202 0 43.08 6.77 
34571 2134 24 99 58 48 202 0 42.69 5.81 
34745 2134 24 99 58 48 202 0 42.67 39.93 
34921 2134 24 99 58 48 202 0 42.67 5.81 
35095 2134 24 99 58 48 202 0 42.67 5.81 
35269 2134 24 99 58 48 202 13 41.21 37.91 
35445 2275 25 94 57 46 194 0 37.28 34.39 
35620 5666 61 74 86 69 230 2 30.29 28.97 
35795 6888 101 95 136 113 346 0 27.61 28.71 
35969 6998 120 111 162 135 411 15 21.84 21.18 
36143 6760 112 109 152 126 391 0 17.41 6.77 
36316 6658 120 121 164 136 423 13 16.15 6.78 
36489 6650 131 131 179 148 461 0 17.08 6.78 
36662 6686 132 131 180 149 463 0 24.21 24.99 
36836 6593 117 118 160 132 411 6 29.53 30.26 
37011 6778 104 101 141 117 361 0 32.11 31.53 
37186 6647 88 86 119 98 305 6 30.55 6.78 
37359 6853 99 91 132 109 333 0 29.53 51.61 
37535 6533 83 84 113 93 292 7 36.36 56.47 
37712 6946 114 106 154 128 390 0 68.97 6.77 
37888 6965 120 112 162 135 412 0 62.15 42.62 
38065 6270 89 93 122 99 315 10 58.92 49.78 
38243 6795 125 121 170 141 435 0 58.09 50.29 
38421 6852 124 121 169 141 433 10 55.10 49.27 
38598 6606 109 111 150 124 386 11 49.18 47.58 
38775 1948 29 133 75 62 266 0 45.08 42.62 
38951 2833 92 136 114 59 314 49 36.14 43.03 
39127 2696 105 147 123 56 326 0 29.78 37.45 
39302 3734 132 191 179 120 494 14 30.82 32.33 
39477 3692 88 179 145 112 436 0 16.78 6.77 
39650 6758 55 124 110 106 339 15 15.50 5.49 
39822 5184 62 119 107 93 318 0 15.83 6.78 
39994 1636 27 140 71 53 259 0 17.41 5.49 
40167 1635 28 142 72 54 262 22 27.90 48.93 
40343 2073 32 119 70 54 240 0 29.27 7.09 
40516 7793 87 108 134 122 366 18 29.27 7.09 
40689 8412 99 121 155 144 422 0 73.42 5.49 
40865 8455 100 120 155 144 421 0 37.96 7.72 
41039 8591 103 121 159 148 431 9 73.92 62.59 
41218 7355 78 95 118 105 322 16 24.74 28.71 
41392 7824 85 104 131 119 358 0 14.82 8.06 
41564 5223 57 100 94 80 274 0 11.78 17.70 
41737 1644 28 141 72 54 261 0 29.02 15.79 
41911 2075 38 131 78 57 262 0 9.08 10.76 
42083 3600 132 156 159 93 410 13 26.47 9.74 
42256 3566 176 195 205 114 517 0 26.47 9.74 
42429 3567 173 193 202 113 513 0 26.18 8.04 
42602 3561 174 192 202 112 507 8 22.15 23.56 
42776 3577 180 196 208 115 523 0 22.73 16.76 
42949 4279 78 110 109 79 298 9 21.84 7.09 
43122 9174 36 82 76 78 236 0 21.84 7.09 
43295 8778 36 80 75 76 231 0 21.84 7.11 
43468 8778 36 80 75 76 231 15 21.83 7.09 
43641 8778 36 80 75 76 231 0 21.84 7.11 
43814 8778 36 80 75 76 231 0 23.02 15.49 
43987 8778 36 80 75 76 231 0 21.84 7.09 
44160 8778 36 80 75 76 231 0 19.31 5.49 
44333 8778 36 80 75 76 231 5 19.31 5.49 
44506 8778 36 80 75 76 231 0 18.36 5.49 
44679 8778 36 80 75 76 231 7 19.62 5.49 
44852 8778 36 80 75 76 231 13 21.84 5.49 
45025 8778 36 80 75 76 231 0 20.57 12.10 
45198 8303 37 80 75 75 230 0 9.08 15.81 
45371 3659 129 151 156 92 402 0 15.83 16.12 
45544 3391 104 140 131 78 350 0 35.44 20.86 
45718 2322 31 101 63 48 209 10 37.04 24.70 
45893 11831 73 91 124 126 342 0 37.94 26.42 
46068 9781 67 84 109 106 299 11 37.96 26.42 
46243 9416 66 83 107 103 293 0 37.96 26.42 
46418 9416 66 83 107 103 293 11 37.96 25.57 
46593 9416 66 83 107 103 293 0 37.50 25.57 
46768 9416 66 83 107 103 293 12 37.94 25.57 
46943 9416 66 83 107 103 293 0 37.50 25.57 
47118 9416 66 83 107 103 293 12 37.96 25.55 
47293 9416 66 83 107 103 293 0 37.94 25.57 
47468 9416 66 83 107 103 293 10 37.52 25.57 
47643 9416 66 83 107 103 293 0 37.94 25.57 
47818 9416 66 83 107 103 293 10 37.94 26.42 
47993 9416 66 83 107 103 293 0 37.50 26.42 
48168 9416 66 83 107 103 293 11 37.52 25.55 
48343 9416 66 83 107 103 292 0 37.50 26.42 
