=~=~=~=~=~=~=~=~=~=~=~= PuTTY log 2025.11.28 21:53:16 =~=~=~=~=~=~=~=~=~=~=~=
ets Jul 29 2019 12:21:46

rst:0x1 (POWERON_RESET),boot:0x13 (SPI_FAST_FLASH_BOOT)
configsip: 0, SPIWP:0xee
clk_drv:0x00,q_drv:0x00,d_drv:0x00,cs0_drv:0x00,hd_drv:0x00,wp_drv:0x00
mode:DIO, clock div:1
load:0x3fff0030,len:4980
load:0x40078000,len:16612
load:0x40080400,len:3480
entry 0x400805b4
Found sensor
Milis - ColorTemp - Lux - R - G - B - C - Pot - UsensA - UsensB

399 7528 62 57 85 73 216 0 4.86 4.84 
571 7311 62 57 85 72 216 0 4.86 4.86 
743 7311 62 57 85 72 216 0 4.86 4.84 
915 7311 62 57 85 72 216 8 4.86 4.84 
1087 7311 62 57 85 72 216 0 4.86 4.84 
1259 7311 62 57 85 72 216 6 4.86 4.84 
1431 7311 62 57 85 72 216 5 4.86 4.84 
1603 7311 62 57 85 72 216 0 4.86 4.84 
1775 7311 62 57 85 72 216 0 4.86 4.84 
1947 7528 62 57 85 73 216 0 4.86 4.84 
2119 7528 62 57 85 73 216 9 4.86 4.84 
2291 7311 62 57 85 72 216 0 4.86 4.84 
2463 7311 62 57 85 72 216 0 4.86 4.84 
2635 7311 62 57 85 72 216 0 4.86 4.84 
2807 7311 62 57 85 72 216 0 4.86 4.84 
2979 7311 62 57 85 72 216 7 4.86 4.84 
3151 7311 62 57 85 72 216 1 4.86 4.84 
3323 7311 62 57 85 72 216 0 4.86 4.84 
3495 7528 62 57 85 73 216 0 4.86 4.84 
3667 7311 62 57 85 72 216 4 4.86 4.84 
3839 7311 62 57 85 72 216 0 4.86 4.84 
4011 7528 62 57 85 73 216 0 4.86 4.84 
4183 7528 62 57 85 73 216 6 4.86 4.84 
4355 7311 62 57 85 72 216 0 4.86 4.84 
4527 7311 62 57 85 72 216 0 4.86 4.84 
4699 7528 62 57 85 73 216 23 4.86 4.84 
4871 7528 62 57 85 73 216 0 4.86 4.84 
5043 7528 62 57 85 73 217 0 4.86 18.97 
5216 7311 62 57 85 72 215 6 4.86 6.12 
5388 7045 63 58 85 71 215 0 4.86 4.86 
5560 7248 62 58 85 72 215 0 4.86 6.14 
5732 7248 62 58 85 72 215 6 4.84 6.12 
5904 7248 62 58 85 72 215 0 4.86 6.12 
6076 7248 62 58 85 72 215 0 4.86 6.14 
6248 7248 62 58 85 72 215 3 4.86 6.14 
6420 7248 62 58 85 72 215 0 4.86 6.14 
6592 7248 62 58 85 72 215 0 4.86 6.14 
6764 7248 62 58 85 72 215 0 4.86 4.84 
6936 7248 62 58 85 72 215 0 4.86 6.12 
7108 7248 62 58 85 72 215 0 4.86 6.12 
7280 7248 62 58 85 72 215 0 4.86 6.14 
7452 7248 62 58 85 72 215 0 4.86 4.84 
7624 7248 62 58 85 72 215 0 4.86 6.14 
7796 7248 62 58 85 72 215 0 4.86 4.84 
7968 7248 62 58 85 72 215 0 4.86 4.84 
8140 7248 62 58 85 72 215 0 4.86 4.84 
8312 7248 62 58 85 72 215 0 4.86 4.84 
8484 7248 62 58 85 72 215 4 4.86 6.12 
8656 7248 62 58 85 72 215 0 4.86 4.84 
8828 7248 62 58 85 72 215 0 4.86 4.84 
9000 7311 62 57 85 72 215 7 4.86 4.84 
9172 7311 62 57 85 72 215 0 4.86 4.84 
9344 7311 62 57 85 72 215 0 4.86 4.84 
9516 7311 62 57 85 72 215 10 4.86 4.84 
9688 7311 62 57 85 72 215 0 4.86 4.84 
9860 7311 62 57 85 72 215 0 4.86 4.86 
10032 7248 62 58 85 72 215 9 4.84 4.84 
10204 7107 63 57 85 71 214 0 4.54 4.84 
10376 7248 62 58 85 72 215 0 4.54 4.84 
10548 6921 62 60 85 71 217 8 4.86 16.10 
10720 6346 68 71 93 76 241 0 4.86 6.14 
10892 6263 69 71 94 76 242 0 4.86 4.84 
11064 6835 65 62 88 73 223 0 4.86 4.84 
11236 6658 66 62 88 72 223 0 4.86 4.84 
11408 6658 66 62 88 72 223 0 4.86 4.84 
11580 6658 66 62 88 72 223 0 4.86 4.84 
11752 6658 66 62 88 72 223 0 4.86 4.84 
11924 6658 66 62 88 72 222 0 4.86 5.81 
12096 6658 66 62 88 72 222 0 4.86 4.84 
12268 6790 65 64 89 74 227 0 4.86 4.84 
12440 6790 65 64 89 74 227 0 4.54 6.14 
12612 6862 66 64 90 75 229 0 4.54 4.84 
12784 7155 65 61 89 75 226 1 4.54 4.84 
12956 7417 65 60 89 76 224 0 4.54 6.14 
13128 7407 64 59 88 75 221 0 4.86 4.52 
13300 7538 62 58 86 74 217 4 4.84 4.54 
13472 5427 44 56 63 50 168 0 4.54 8.72 
13644 4738 39 55 56 43 153 0 4.54 4.84 
13816 3076 33 78 57 43 175 6 4.54 6.14 
13988 2966 35 87 62 47 193 0 4.86 5.80 
14160 3063 36 87 63 48 193 0 4.86 14.81 
14332 3011 42 95 70 51 213 6 4.54 14.47 
14504 3477 50 88 74 52 216 0 4.54 4.84 
14676 3372 56 90 78 51 220 0 4.54 3.57 
14848 3072 65 97 84 48 229 4 4.54 6.14 
15020 3072 65 97 84 48 228 0 4.54 4.52 
15192 3072 65 97 84 48 228 0 4.54 2.28 
15364 3072 65 97 84 48 229 1 4.54 3.57 
15536 3339 56 83 74 46 203 0 4.54 16.44 
15708 4098 56 86 81 59 227 0 4.54 6.14 
15880 4079 66 101 95 69 265 0 4.54 6.12 
16052 3950 39 76 64 50 190 0 4.54 6.12 
16224 3699 29 81 59 51 189 0 4.54 6.12 
16396 3699 29 81 59 51 189 0 5.81 6.12 
16568 3699 29 81 59 51 190 0 5.83 16.44 
16740 3737 28 68 52 43 162 0 4.54 6.14 
16912 3655 27 72 53 45 168 0 4.54 6.12 
17084 5649 33 52 53 45 150 0 4.54 6.14 
17256 5787 34 52 54 46 153 0 4.54 6.14 
17428 8209 40 55 65 61 182 0 4.54 6.12 
17600 9155 46 60 75 72 208 3 4.54 16.44 
17772 9155 46 60 75 72 208 0 4.54 4.84 
17944 7628 43 58 69 63 190 0 5.81 4.84 
18116 6630 37 53 59 52 165 6 4.54 4.52 
18288 9152 46 61 76 73 211 0 4.86 3.25 
18460 10528 53 66 88 87 242 0 4.86 4.52 
18632 10915 52 66 87 87 241 8 4.86 4.52 
18804 10915 52 66 87 87 241 0 4.86 4.52 
18976 10528 53 66 88 87 242 0 6.78 9.06 
19148 10915 52 66 87 87 241 6 4.86 15.81 
19320 9943 53 67 87 85 240 0 4.86 5.81 
19492 11022 64 79 106 106 291 0 4.54 4.84 
19664 11003 64 80 107 107 292 2 4.54 6.14 
19836 10401 57 74 96 95 265 0 4.54 6.12 
20008 11900 67 83 113 115 312 0 4.54 6.12 
20180 8940 53 70 87 83 240 0 4.54 6.14 
20352 8012 50 66 80 74 221 0 5.81 6.14 
20524 7919 49 66 79 73 219 0 4.54 12.10 
20696 10608 68 85 113 112 313 0 4.54 15.47 
20868 11880 72 89 122 124 336 0 4.86 4.52 
21040 11836 72 89 121 123 335 0 4.86 4.52 
21212 11855 73 90 123 125 340 0 4.86 4.54 
21384 8522 53 69 85 80 234 0 4.86 4.54 
21556 8857 53 71 87 83 240 0 4.86 4.54 
21728 8612 55 71 88 83 242 0 4.86 4.52 
21900 11928 66 82 112 114 309 3 4.86 4.52 
22072 10072 60 75 98 96 269 0 4.86 4.52 
22244 5741 38 58 60 51 169 0 4.86 4.52 
22416 2688 31 80 55 40 173 7 4.86 5.81 
22588 2844 35 82 59 42 181 0 4.86 5.80 
22760 3016 33 70 53 37 159 0 4.86 5.81 
22932 3266 33 64 51 36 150 7 4.86 5.80 
23104 3001 38 83 62 44 188 0 4.86 6.12 
23276 2716 37 92 64 46 201 0 4.86 23.26 
23449 2471 36 99 65 47 207 6 4.54 4.84 
23621 2403 30 87 56 41 181 0 4.54 37.65 
23795 2308 30 96 60 45 198 0 4.86 5.81 
23967 2282 35 107 67 49 220 2 4.86 5.80 
24139 2360 33 97 62 45 201 0 4.86 5.81 
24311 2312 31 97 61 45 199 0 4.86 5.81 
24483 2358 32 96 61 45 199 5 4.86 5.81 
24655 3404 34 73 57 43 171 0 4.86 5.81 
24827 6135 40 55 61 52 168 0 4.86 4.52 
24999 5367 35 50 53 43 147 21 4.54 6.14 
25171 4861 34 49 50 39 139 0 4.54 6.14 
25343 4686 33 48 48 37 134 0 4.54 6.12 
25515 5765 36 51 55 46 153 6 4.86 4.52 
25687 5925 37 52 57 48 156 0 4.86 4.54 
25859 5530 37 51 55 45 151 6 4.86 4.54 
26031 4503 32 50 48 37 134 2 4.86 4.52 
26203 3777 29 66 52 42 159 0 4.86 5.81 
26375 3802 30 61 50 39 150 0 4.86 5.81 
26547 3973 31 59 50 39 145 0 4.86 32.56 
26720 3864 30 65 52 42 157 0 4.86 5.80 
26892 3864 30 65 52 42 159 0 5.81 6.14 
27064 3887 30 60 50 39 148 0 4.54 17.37 
27236 4861 34 49 50 39 138 0 5.81 18.65 
27409 5063 33 49 50 40 140 0 4.86 18.65 
27582 4506 31 47 46 35 129 5 4.86 17.39 
27754 4366 30 47 45 34 127 0 5.81 16.12 
27926 4643 32 47 47 36 131 0 4.54 14.81 
28098 4787 37 55 55 43 151 5 4.54 14.79 
28270 4660 38 56 56 43 154 0 4.54 14.81 
28442 4660 38 56 56 43 154 0 4.54 14.81 
28614 4660 38 56 56 43 154 0 4.54 6.12 
28786 3655 34 63 53 39 154 0 4.54 6.12 
28958 2882 32 75 54 39 167 0 4.54 6.14 
29130 2794 29 69 49 35 153 0 4.54 6.12 
29302 2794 29 69 49 35 154 0 4.54 6.12 
29474 2818 30 72 51 37 159 0 5.81 6.14 
29646 2997 34 77 57 41 174 0 4.54 6.14 
29818 3507 39 61 54 36 151 0 4.54 6.12 
29990 3650 43 62 58 38 158 0 5.81 4.84 
30162 3656 56 72 71 44 186 0 4.54 4.52 
30334 3646 59 74 74 45 193 4 4.54 4.52 
30506 6792 28 55 52 49 156 0 4.54 4.86 
30678 8411 27 58 55 55 168 0 5.81 6.78 
30850 5535 30 58 53 47 158 6 4.54 4.84 
31022 3427 37 95 70 57 221 0 5.81 4.84 
31194 3365 47 126 91 75 290 0 4.54 5.17 
31366 3227 43 117 83 68 267 7 4.54 4.84 
31538 3223 45 124 88 72 283 0 5.51 8.36 
31710 3268 53 145 103 85 331 0 6.78 6.44 
31882 3163 54 159 110 92 359 5 5.81 11.42 
32054 3179 56 159 111 92 360 0 5.81 12.78 
32226 3179 56 159 111 92 360 0 5.81 12.80 
32398 3163 54 159 110 92 360 2 4.54 11.76 
32570 3163 54 159 110 92 360 0 4.54 11.42 
32742 3217 51 138 98 80 315 0 4.54 6.14 
32914 3139 56 151 107 86 343 0 4.54 9.06 
33086 3139 56 151 107 86 342 0 4.54 4.86 
33258 3139 56 151 107 86 343 0 4.54 6.12 
33430 3101 56 152 107 86 343 0 4.54 6.12 
33602 3147 55 152 107 87 344 0 4.54 6.14 
33774 3164 57 152 108 87 344 0 4.86 5.80 
33946 3297 52 130 95 76 299 0 4.84 4.52 
34118 3154 55 158 110 91 357 3 4.86 4.54 
34290 3165 56 161 112 93 366 0 4.86 4.52 
34462 3165 56 161 112 93 366 0 4.86 4.52 
34634 3165 56 161 112 93 365 6 4.86 16.42 
34806 3453 47 121 89 73 282 0 4.86 4.52 
34978 11459 27 64 61 65 190 0 4.86 5.81 
35150 13565 27 66 63 69 198 7 4.86 5.80 
35322 13565 27 66 63 69 198 0 4.86 5.81 
35494 13565 27 66 63 69 197 0 4.86 17.07 
35666 7945 32 65 62 61 187 7 4.86 4.52 
35838 3715 81 98 100 61 260 0 4.86 5.81 
36010 3499 66 88 84 51 224 0 4.86 5.81 
36182 2769 33 81 57 41 178 4 5.81 16.44 
36354 5693 39 56 60 50 166 0 5.81 6.14 
36526 5397 40 57 60 49 166 0 5.81 6.14 
36698 6163 40 56 62 53 169 0 5.81 6.14 
36870 4235 37 63 57 44 163 0 5.81 6.12 
37042 2621 34 88 60 43 189 0 5.81 6.12 
37214 2984 33 75 55 40 168 0 5.81 6.14 
37386 2844 35 82 59 42 181 0 5.81 6.14 
37558 2765 37 91 64 46 198 0 4.86 4.52 
37730 3136 35 73 56 40 167 0 4.86 5.81 
37902 2896 38 85 62 44 189 0 4.86 5.81 
38074 3027 36 77 58 41 175 0 4.86 4.52 
38246 3410 32 60 49 35 144 0 4.54 5.81 
38418 3036 34 73 55 39 165 0 5.81 35.62 
38592 2972 37 83 61 44 185 0 4.86 4.52 
38764 2720 34 87 60 44 189 0 4.86 4.52 
38936 2347 32 98 62 46 203 0 4.86 5.81 
39108 2374 35 103 66 48 216 0 4.54 39.49 
39282 2264 35 111 69 51 228 1 4.54 4.84 
39454 2255 35 113 70 52 235 0 4.54 5.80 
39626 2156 31 106 64 48 214 0 4.54 4.84 
39798 2164 31 104 63 47 215 0 5.81 6.12 
39970 2164 31 104 63 47 213 0 5.81 6.14 
40142 2416 40 118 76 56 248 0 4.54 4.86 
40314 2572 39 108 72 53 230 0 4.54 4.84 
40486 4132 43 117 88 78 274 0 4.54 4.84 
40658 4802 44 119 92 85 283 0 4.54 4.84 
40830 4802 44 119 92 85 282 0 4.54 4.84 
41002 4802 44 119 92 85 282 0 4.54 4.84 
41174 4758 45 119 93 85 281 0 4.86 5.81 
41346 3301 41 112 80 66 247 0 4.86 5.80 
41518 2205 33 106 65 48 215 1 4.86 4.52 
41690 2392 31 90 58 42 187 0 4.86 4.52 
41862 2242 34 108 67 49 222 0 4.86 5.81 
42034 6250 41 63 66 58 186 3 4.86 4.52 
42206 6341 38 53 59 51 164 0 4.86 4.52 
42378 4446 32 60 53 43 156 0 4.86 4.52 
42550 3803 28 61 49 39 150 6 4.86 4.52 
42722 3803 28 61 49 39 150 0 4.54 6.14 
42894 3803 28 61 49 39 149 0 5.81 6.12 
43066 3699 28 70 53 44 165 6 5.81 15.47 
43238 3531 27 89 61 55 203 0 5.81 6.12 
43410 3439 27 87 60 53 198 0 5.81 6.14 
43582 3694 27 70 52 44 165 4 4.54 6.12 
43754 3826 31 56 48 36 139 0 5.81 6.14 
43926 3767 32 63 52 40 156 0 5.81 6.12 
44098 3726 49 100 81 63 242 0 5.81 6.12 
44270 3699 29 81 59 51 189 0 4.54 6.12 
44442 3860 31 65 53 42 159 0 4.54 6.12 
44614 3630 33 68 55 42 163 0 4.54 6.14 
44786 3638 35 68 56 42 164 0 4.54 6.12 
44958 3763 29 74 56 47 175 0 4.54 18.65 
45131 3507 30 85 61 52 197 0 4.54 55.78 
45306 3602 31 87 63 54 201 0 4.54 55.78 
45481 3555 31 86 62 53 198 0 4.54 18.63 
45654 3555 31 86 62 53 198 0 4.86 4.52 
45826 3555 31 86 62 53 200 0 4.86 4.52 
45998 3610 28 71 53 44 167 0 4.86 4.52 
46170 3883 28 57 47 37 142 0 4.84 5.81 
46342 3717 30 62 50 39 151 0 4.84 5.80 
46514 3851 40 90 71 58 214 0 4.86 5.80 
46686 3794 42 94 74 60 222 0 4.84 5.81 
46858 3767 34 74 59 47 178 0 4.86 10.42 
47030 4000 53 82 76 55 213 0 5.81 6.12 
47202 3965 58 87 82 58 227 0 4.86 5.81 
47374 4095 79 118 112 81 313 0 4.54 4.84 
47546 4113 79 119 113 82 315 0 4.86 5.80 
47718 4043 72 106 101 72 280 2 4.54 6.14 
47890 4069 55 82 78 56 217 0 4.54 4.84 
48062 3571 68 97 90 58 248 0 4.54 6.14 
48234 2818 94 133 113 56 304 5 4.54 4.84 
48406 2838 96 136 116 58 312 0 4.84 4.52 
48578 2838 96 136 116 58 312 0 4.86 4.52 
48750 2890 84 120 103 53 277 5 4.86 4.54 
48922 2973 76 108 94 50 253 0 4.86 5.81 
49094 3365 57 81 74 45 201 0 4.86 4.52 
49266 3647 47 67 63 41 173 2 4.86 4.52 
49438 3602 48 68 64 41 175 0 4.86 4.52 
49610 2902 78 112 96 50 259 0 4.86 4.52 
49782 2830 86 124 105 53 283 0 4.86 4.52 
49954 2830 86 124 105 53 283 0 4.86 4.54 
50126 2830 86 124 105 53 283 0 4.54 4.86 
50298 2830 86 124 105 53 283 0 4.54 20.54 
50471 2902 78 112 96 50 258 0 4.54 20.55 
50644 3052 64 91 80 44 216 0 4.86 4.52 
50816 3073 65 92 81 45 218 0 4.84 5.80 
50988 2859 85 122 104 53 279 0 4.86 5.80 
51160 2825 92 132 112 56 301 0 4.86 4.54 
51332 2825 92 132 112 56 301 0 4.86 5.81 
51504 2825 95 135 115 57 310 0 4.86 5.80 
51676 2832 100 140 120 59 321 0 4.84 10.08 
51848 2825 98 138 118 58 316 0 4.54 8.72 
52020 2845 84 122 103 53 279 0 4.84 5.80 
52192 2947 69 100 86 46 233 0 4.54 6.12 
52364 2919 69 101 86 46 235 0 4.54 11.44 
52536 2754 108 152 128 61 344 2 4.86 10.74 
52708 2704 115 163 136 63 363 0 4.54 8.72 
52880 2728 119 168 141 66 375 0 4.54 13.79 
53052 2830 80 118 99 51 270 5 4.54 10.08 
53224 3368 35 66 54 38 157 0 4.86 5.81 
53396 3241 35 68 54 38 160 0 4.86 5.81 
53568 3264 35 66 53 37 157 3 4.86 4.54 
53740 3030 62 94 80 46 221 0 4.86 4.52 
53912 2957 81 117 101 54 270 0 4.86 4.52 
54084 2931 82 117 101 53 269 0 4.86 5.80 
54256 2931 82 117 101 53 269 0 4.86 5.81 
54428 3015 62 90 78 43 212 0 4.86 4.52 
54600 2988 49 72 62 34 170 0 4.86 4.52 
54772 3054 54 78 68 38 186 0 4.86 4.52 
54944 3195 50 76 66 40 182 0 4.86 4.52 
55116 3250 49 76 66 41 183 0 4.86 4.52 
55288 3250 49 76 66 41 183 1 4.86 5.81 
55460 3250 49 76 66 41 183 0 4.86 4.52 
55632 3177 48 76 65 40 180 0 4.86 5.81 
55804 3177 48 76 65 40 181 5 7.11 4.52 
55976 3097 48 75 64 38 178 0 9.76 5.81 
56148 3149 48 75 64 39 177 0 4.54 5.81 
56320 3106 52 79 68 40 188 6 4.54 37.43 
56494 3034 48 72 62 35 170 0 6.14 7.09 
56666 3041 50 74 64 36 175 0 3.57 5.81 
56838 3124 49 76 65 39 181 5 4.86 5.81 
57010 2893 39 84 62 43 188 0 4.86 4.52 
57182 2551 33 92 61 45 194 0 4.86 4.52 
57354 2286 28 102 62 50 210 6 4.86 4.52 
57526 2322 27 102 62 51 211 0 4.86 4.54 
57698 2280 29 105 64 51 215 0 4.54 11.76 
57870 2247 27 101 61 49 207 5 4.84 5.81 
58042 2236 27 103 62 50 212 0 4.86 4.52 
58214 2390 27 93 58 46 193 0 4.86 15.15 
58386 1993 26 112 64 52 225 1 4.86 5.81 
58558 1757 23 123 66 55 240 0 4.86 5.81 
58730 1643 21 125 64 53 237 0 4.86 5.81 
58902 1643 21 125 64 53 238 0 4.86 5.81 
59074 1642 20 125 64 54 238 0 4.86 4.84 
59246 1632 20 126 64 54 238 0 4.54 4.52 
59418 1701 24 133 70 59 256 0 7.74 5.81 
59590 2300 31 111 68 54 230 1 4.86 4.52 
59762 1848 25 116 64 52 230 0 4.86 5.81 
59934 1848 25 116 64 52 229 0 4.84 4.52 
60106 1848 25 116 64 52 230 6 4.86 5.80 
60278 1780 25 122 66 54 239 0 5.18 6.77 
60450 1636 21 158 77 66 294 0 4.86 4.52 
60622 1628 22 161 79 68 300 6 4.84 4.54 
60794 1625 24 161 79 66 298 0 5.18 4.52 
60966 1626 23 161 79 67 299 0 4.86 4.54 
61138 1689 19 157 75 65 291 1 4.86 4.52 
61310 1680 20 157 75 64 289 0 4.86 4.52 
61482 1740 18 157 74 64 289 0 4.84 5.80 
61654 1669 20 156 75 65 290 0 4.86 5.81 
61826 1623 22 152 75 64 286 0 4.86 5.80 
61998 1628 25 156 79 67 295 0 4.86 5.80 
62170 1623 24 157 79 67 296 0 4.86 5.81 
62342 1623 24 157 79 67 297 0 4.86 4.52 
62514 1659 25 147 76 64 281 0 4.54 5.81 
62686 2629 30 88 58 45 188 0 4.54 5.80 
62858 2891 33 86 60 46 189 4 4.54 5.80 
63030 2958 32 86 60 47 189 0 4.54 5.81 
63202 2958 32 86 60 47 190 0 4.86 4.52 
63374 2916 31 85 59 46 187 6 4.84 4.52 
63546 2471 29 96 61 48 203 0 4.54 5.81 
63718 5800 80 95 113 91 297 0 4.54 5.81 
63890 6142 96 105 133 108 344 2 4.86 5.81 
64062 6142 96 105 133 108 344 0 4.86 4.52 
64234 5733 76 91 107 86 282 0 4.86 4.52 
64406 3596 35 67 55 41 163 0 4.86 4.52 
64578 5127 53 68 75 58 203 0 4.84 4.54 
64750 5621 66 78 92 73 244 0 4.86 4.54 
64922 6093 95 105 132 107 342 0 4.54 6.12 
65094 6462 109 119 153 127 398 0 4.54 6.12 
65266 6197 104 111 143 116 368 0 4.54 16.75 
65438 5752 71 81 98 78 256 0 4.54 17.70 
65610 4736 46 62 65 49 174 0 4.86 4.52 
65782 4512 46 62 64 47 172 0 4.86 4.54 
65954 5397 62 74 86 67 230 0 4.86 4.52 
66126 5546 67 77 92 72 243 6 4.86 5.81 
66298 5944 92 101 126 101 326 0 4.84 4.52 
66470 3586 60 110 92 67 268 0 4.86 5.81 
66642 1670 48 179 93 55 323 4 4.86 5.81 
66814 1670 48 181 94 56 327 0 4.86 4.52 
66986 1670 48 181 94 56 327 0 4.86 4.52 
67158 1677 48 180 94 56 327 0 4.86 4.52 
67330 1678 48 178 93 55 322 0 4.86 4.54 
67502 1678 48 178 93 56 323 0 4.86 4.52 
67674 1671 47 177 92 55 321 0 4.86 5.80 
67846 1677 48 180 94 56 326 0 4.86 5.81 
68018 1718 47 168 90 54 310 0 4.86 4.52 
68190 6183 105 114 145 118 377 0 4.86 4.52 
68362 6105 103 111 141 114 365 1 4.86 5.81 
68534 6151 103 111 142 115 366 0 4.54 6.14 
68706 5768 85 96 117 93 305 0 4.86 5.81 
68878 6021 77 90 109 89 285 5 4.86 37.67 
69052 6290 95 100 130 106 338 0 4.86 5.81 
69224 6776 130 126 176 146 451 0 4.86 4.52 
69396 6725 128 124 173 143 442 1 5.81 4.84 
69568 6597 109 110 149 123 385 0 5.81 30.51 
69741 2280 26 101 61 50 209 0 5.81 29.73 
69914 1871 25 123 68 57 245 0 5.81 53.31 
70089 1880 27 124 69 56 245 0 4.86 4.52 
70261 1857 26 125 69 57 247 2 5.81 4.84 
70433 1938 26 123 69 58 245 0 5.81 28.97 
70606 1830 25 128 70 59 253 0 5.81 6.14 
70778 1862 26 127 70 59 251 4 5.81 6.12 
70950 1954 26 113 64 52 225 0 5.81 4.84 
71122 2835 63 97 80 43 221 0 4.54 8.72 
71294 2623 126 181 148 66 398 0 4.86 4.54 
71466 2621 127 182 149 66 402 0 4.86 4.52 
71638 2616 124 179 146 65 394 0 4.86 4.52 
71810 2625 125 180 147 66 397 0 4.54 19.28 
71983 2643 107 157 128 59 348 0 4.86 5.81 
72155 3946 105 152 145 101 400 0 4.86 5.81 
72327 4103 120 171 166 118 459 0 4.86 4.52 
72499 3592 30 87 62 54 201 11 4.86 4.54 
72671 3607 26 85 59 53 196 0 4.86 5.81 
72843 3685 28 67 51 42 159 0 4.86 5.81 
73015 3685 28 67 51 42 159 1 4.86 4.52 
73187 3685 28 67 51 42 159 0 4.84 4.52 
73359 3685 28 67 51 42 159 6 4.54 4.84 
73531 3685 28 67 51 42 159 4 4.54 6.12 
73703 3558 27 70 52 43 165 0 4.54 3.57 
73875 3458 28 90 62 55 205 0 4.54 16.44 
74047 3624 27 88 61 55 202 6 4.54 16.42 
74219 4013 55 91 82 61 235 0 4.54 5.81 
74391 4106 81 119 114 82 317 0 4.54 17.70 
74563 4137 77 117 111 81 310 4 4.86 5.80 
74735 3717 31 84 62 53 197 0 4.86 5.80 
74907 3511 28 91 63 56 209 0 4.54 6.12 
75079 3935 29 80 59 52 189 6 4.54 7.09 
75251 7078 42 57 66 59 181 0 4.54 16.44 
75423 5597 38 53 57 47 156 0 4.86 5.80 
75595 4955 34 53 52 42 147 0 4.86 5.81 
75767 2790 35 83 59 42 182 0 4.86 5.81 
75939 2900 37 86 62 45 190 0 4.86 5.81 
76111 2791 34 84 59 43 184 0 4.86 5.81 
76283 3264 35 66 53 37 155 4 4.86 5.80 
76455 3568 39 60 54 36 150 0 4.86 5.80 
76627 3470 38 60 53 35 148 0 4.86 5.81 
76799 3470 38 60 53 35 148 21 4.84 5.81 
76971 3559 37 60 53 36 149 0 4.84 6.14 
77143 3646 59 74 74 45 194 0 5.81 5.17 
77315 3640 52 69 67 42 178 6 5.81 5.17 
77487 3625 64 78 79 47 204 0 5.81 6.44 
77659 3588 64 79 79 47 206 5 6.46 4.54 
77831 3588 64 79 79 47 206 1 6.46 3.25 
78003 3599 62 77 77 46 200 0 6.46 4.52 
78175 3599 62 77 77 46 199 0 5.81 7.41 
78347 3599 62 77 77 46 199 0 9.42 22.12 
78520 3647 65 79 80 48 208 0 5.81 26.13 
78693 3449 41 67 58 39 164 0 5.81 26.71 
78866 3993 31 54 48 36 138 6 4.54 16.12 
79038 5798 37 52 56 47 155 0 4.54 16.12 
79210 5798 37 52 56 47 155 0 4.54 26.15 
79383 5798 37 52 56 47 155 6 4.54 26.13 
79556 5798 37 52 56 47 155 0 5.81 17.70 
79729 5798 37 52 56 47 155 0 8.07 16.12 
79902 5798 37 52 56 47 155 0 8.07 16.44 
80075 4336 33 53 50 38 140 0 6.78 17.70 
80248 3111 32 68 52 37 156 0 6.78 19.60 
80421 2927 39 85 63 44 191 0 6.78 18.33 
80594 2893 39 84 62 43 188 0 6.78 16.12 
80767 2893 39 84 62 43 188 7 5.81 15.79 
80939 2893 39 84 62 43 189 0 5.81 22.41 
81112 3161 36 73 57 40 168 0 5.81 14.81 
81284 3660 58 72 72 44 188 4 5.81 15.15 
81456 3660 58 72 72 44 188 0 5.81 15.13 
81628 3656 56 72 71 44 187 0 5.81 13.11 
81800 3660 58 72 72 44 188 6 5.81 13.79 
81972 3660 58 72 72 44 188 0 5.81 13.45 
82144 3660 58 72 72 44 188 0 16.15 13.79 
82317 3660 58 72 72 44 188 7 4.86 8.72 
82489 3642 58 74 73 45 192 0 4.86 4.84 
82661 3647 65 79 80 48 208 0 4.86 6.14 
82833 3603 64 77 78 46 202 5 4.86 6.14 
83005 3603 64 77 78 46 202 0 4.86 6.12 
83177 3603 64 77 78 46 202 0 4.86 6.12 
83349 3603 64 77 78 46 202 0 4.86 6.12 
83521 3603 64 77 78 46 202 0 6.78 15.13 
83693 3603 64 77 78 46 202 0 5.81 16.12 
83865 3603 64 77 78 46 203 0 5.81 16.12 
84037 3386 42 70 60 40 170 0 5.81 19.28 
84210 2730 33 80 56 40 175 0 5.81 21.81 
84383 2730 33 80 56 40 175 3 5.81 16.12 
84555 2730 33 80 56 40 175 0 5.81 16.12 
84727 2730 33 80 56 40 175 0 5.81 6.12 
84899 2730 33 80 56 40 175 15 9.08 6.44 
85071 3754 65 73 78 46 167 0 5.18 4.54 
85243 3592 62 74 75 44 202 0 5.17 5.49 
85415 3614 62 75 76 45 195 0 5.18 5.49 
85587 3614 62 75 76 45 195 0 5.18 5.49 
85759 3614 62 75 76 45 195 1 5.18 5.49 
85931 3614 62 75 76 45 195 0 5.18 4.52 
86103 3614 62 75 76 45 195 0 6.78 15.79 
86275 3592 62 74 75 44 194 0 4.54 14.81 
86447 3614 62 75 76 45 197 0 4.54 14.81 
86619 3614 62 75 76 45 197 0 4.54 17.37 
86791 3576 62 76 76 45 197 0 4.54 16.12 
86963 3576 62 76 76 45 198 0 4.54 14.79 
87135 3576 62 76 76 45 198 2 4.54 10.76 
87307 3576 62 76 76 45 198 0 5.81 10.74 
87479 3576 62 76 76 45 198 0 5.49 9.40 
87651 3614 62 75 76 45 196 6 6.78 6.44 
87823 3614 62 75 76 45 196 0 5.51 9.40 
87995 3614 62 75 76 45 196 0 5.51 6.44 
88167 3632 65 81 81 49 211 7 5.51 6.46 
88339 3589 68 84 84 50 217 5 5.51 6.46 
88511 3568 68 83 83 49 215 0 5.51 6.46 
88683 3568 68 83 83 49 215 5 5.51 6.46 
88855 3534 67 84 83 49 216 0 5.51 6.46 
89027 3621 67 83 83 50 217 0 5.51 6.46 
89199 3656 67 82 83 50 215 16 4.54 6.14 
89371 3653 66 82 82 50 214 0 4.52 6.14 
89543 3635 67 81 82 49 213 0 4.86 14.47 
89715 3610 61 75 75 45 196 0 4.54 6.14 
89887 3266 33 64 51 36 150 0 4.54 6.12 
90059 3199 33 65 51 36 151 1 4.54 4.84 
90231 3199 33 65 51 36 151 0 6.78 5.17 
90403 3483 45 67 61 39 167 0 5.49 4.20 
90575 3610 65 80 80 48 208 0 5.18 8.72 
90747 3675 66 83 83 51 219 0 5.18 8.38 
90919 3698 68 84 85 52 220 14 5.17 9.06 
91091 3698 68 84 85 52 220 0 6.78 8.38 
91263 3642 67 84 84 51 219 0 4.54 10.74 
91435 3635 67 81 82 49 211 2 4.54 17.37 
91607 3585 67 84 83 50 216 0 4.54 19.91 
91780 3754 68 84 85 53 218 0 4.54 18.65 
91953 3754 66 84 84 53 218 0 4.54 16.12 
92125 3696 67 84 84 52 218 0 4.86 5.80 
92297 3505 44 68 61 40 170 0 4.86 29.48 
92470 2957 34 76 56 40 170 0 7.74 6.14 
92642 3283 34 67 53 38 157 0 16.46 6.14 
92814 3260 32 67 52 38 159 0 3.57 16.42 
92986 3260 32 67 52 38 160 0 5.49 15.81 
93158 3260 32 67 52 38 159 0 5.81 16.75 
93330 3004 32 73 54 39 164 0 5.81 10.74 
93502 5709 38 57 59 50 165 0 5.81 9.06 
93674 6825 40 56 63 56 175 0 5.49 11.10 
93846 3926 30 58 49 38 145 0 5.51 11.08 
94018 3560 28 81 58 50 188 2 5.51 6.46 
94190 3560 28 81 58 50 188 0 5.51 9.40 
94362 3695 43 91 73 57 221 0 9.08 15.81 
94535 3778 49 99 81 63 242 2 4.54 16.75 
94707 3807 50 100 82 64 244 0 6.46 15.81 
94879 3663 29 83 60 52 193 0 9.42 15.79 
95052 5884 35 59 58 51 169 1 9.42 47.57 
95227 8189 45 59 72 67 198 0 5.51 39.27 
95401 2830 33 86 60 45 188 3 4.54 17.37 
95573 2374 35 103 66 48 213 0 4.84 4.52 
95745 1920 28 107 61 45 210 0 4.84 4.54 
95917 2286 33 104 65 48 212 7 4.86 5.81 
96089 2898 36 81 59 42 180 0 4.86 5.80 
96261 2754 35 81 58 40 177 0 26.18 7.41 
96434 2164 31 104 63 47 211 4 4.54 16.75 
96606 3543 100 120 121 70 314 0 5.49 7.41 
96778 3600 165 179 191 106 482 0 5.81 7.41 
96950 3565 184 202 213 118 539 6 5.81 7.41 
97122 3567 185 202 214 118 541 0 5.81 7.41 
97294 3547 184 202 213 117 540 0 4.86 16.12 
97466 3557 183 201 212 117 537 6 4.86 23.55 
97639 3581 163 177 188 104 474 2 4.86 6.12 
97811 3584 153 165 176 97 444 0 4.86 21.18 
97984 2797 50 106 78 52 236 4 4.86 22.41 
98157 1984 34 124 72 53 246 0 4.86 15.81 
98329 2016 36 128 75 55 255 0 4.86 6.14 
98501 2016 36 128 75 55 255 2 4.86 20.23 
98674 2016 36 128 75 55 255 0 4.86 17.07 
98846 2016 36 128 75 55 255 0 4.86 4.84 
99018 2016 36 128 75 55 255 3 4.86 4.84 
99190 2082 35 125 74 56 251 0 5.81 15.79 
99362 2061 34 122 72 54 244 0 5.81 14.13 
99534 3174 75 118 101 62 283 2 4.54 6.14 
99706 3550 159 171 182 99 457 0 8.06 16.44 
99879 3584 132 146 154 86 389 6 3.57 4.54 
100051 3575 168 181 193 106 486 4 4.86 8.04 
100223 3690 93 115 116 71 301 0 4.86 4.52 
100395 4416 47 71 69 52 192 0 4.86 6.14 
100567 4416 47 71 69 52 193 6 5.18 4.52 
100739 4416 47 71 69 52 193 6 4.86 5.81 
100911 4177 53 77 75 54 206 0 4.86 4.86 
101083 3611 116 137 140 82 360 6 5.81 4.84 
101255 3725 88 101 106 63 275 0 5.81 6.14 
101427 3707 86 100 104 62 272 0 4.86 10.42 
101599 3652 108 122 128 74 328 6 4.86 5.80 
101771 3582 176 189 202 111 507 0 4.86 5.80 
101943 3563 181 191 206 111 515 0 4.86 5.81 
102115 3571 182 192 207 112 518 1 4.86 5.81 
102287 3572 179 190 204 111 511 0 4.54 4.84 
102459 3616 103 117 122 70 313 4 4.86 4.52 
102631 3544 98 115 117 67 303 0 4.86 3.25 
102803 2094 33 112 67 49 224 0 4.86 4.54 
102975 7509 48 80 84 79 243 0 4.86 5.81 
103147 8389 44 86 85 84 255 0 4.86 5.81 
103319 3044 20 113 68 68 246 8 4.86 5.80 
103491 3183 20 113 68 69 248 0 4.86 4.52 
103663 3183 20 113 68 69 248 0 4.86 4.52 
103835 3156 21 112 68 68 245 0 4.86 41.11 
104009 3884 63 120 101 78 300 0 9.42 39.49 
104183 4069 132 190 183 130 507 5 6.46 15.79 
104355 3952 82 136 122 90 350 0 6.46 15.79 
104527 3192 19 108 65 66 237 0 6.46 9.40 
104699 3819 24 97 64 62 221 7 6.46 4.20 
104871 11023 61 76 102 102 280 0 6.78 24.99 
105044 11965 64 79 108 110 298 0 6.78 18.65 
105217 10473 61 78 102 101 280 4 6.78 18.65 
105390 10105 62 78 102 100 279 0 6.78 18.65 
105563 10105 62 78 102 100 279 0 4.86 30.00 
105736 10105 62 78 102 100 279 0 4.86 47.17 
105910 11436 65 81 109 110 301 0 4.86 4.52 
106082 11974 67 82 113 115 310 7 4.86 5.81 
106254 11430 63 79 106 107 292 0 4.86 5.80 
106426 8009 45 62 73 68 203 0 5.81 33.85 
106599 6058 35 56 57 50 163 4 6.78 53.48 
106774 5672 33 57 55 48 160 0 6.78 9.40 
106946 3470 26 74 53 45 170 0 6.78 54.16 
107121 3153 22 103 64 62 226 0 5.49 10.76 
107293 3287 23 105 66 64 231 0 5.49 10.74 
107465 3314 23 108 68 66 238 7 6.78 10.76 
107637 3426 26 112 72 69 250 0 6.78 10.76 
107809 3390 26 114 73 70 256 0 6.78 12.44 
107981 3390 26 114 73 70 256 6 5.51 12.44 
108153 3390 26 114 73 70 256 0 5.51 12.44 
108325 3390 26 114 73 70 256 0 6.78 10.76 
108497 3390 26 114 73 70 256 6 6.78 10.76 
108669 3390 26 114 73 70 256 0 6.78 10.76 
108841 3390 26 114 73 70 256 0 5.49 12.44 
109013 3390 26 114 73 70 256 3 5.49 12.44 
109185 3390 26 114 73 70 256 0 6.78 10.74 
109357 3390 26 114 73 70 256 0 5.51 12.44 
109529 3390 26 114 73 70 256 0 5.51 12.44 
109701 3390 26 114 73 70 256 0 5.51 12.44 
109873 3390 26 114 73 70 256 0 5.49 12.44 
110045 3390 26 114 73 70 256 0 5.51 15.81 
110217 3390 26 114 73 70 256 0 5.51 15.79 
110389 3222 24 106 67 64 235 0 5.51 6.44 
110561 3672 25 78 55 49 181 0 47.43 15.79 
110736 3283 25 93 61 56 208 0 5.81 47.57 
110910 3283 25 93 61 56 208 0 4.54 18.33 
111083 2473 22 86 53 45 195 0 4.54 6.12 
111255 3886 27 68 52 44 163 0 4.54 46.99 
111429 3904 26 71 53 46 168 0 4.54 16.75 
111601 3416 25 90 60 55 203 0 5.81 16.75 
111773 3333 23 100 64 61 223 0 4.54 41.53 
111947 3295 24 102 65 62 225 3 5.81 39.25 
112121 3943 68 112 101 74 288 0 4.54 6.14 
112293 4028 128 186 178 126 493 0 5.81 16.76 
112465 4028 125 180 173 122 478 0 5.81 36.29 
112639 4083 88 122 120 84 332 4 4.86 4.52 
112811 4081 91 128 125 88 346 0 4.86 4.52 
112983 4065 133 190 184 130 508 0 4.86 4.54 
113155 4056 133 192 185 131 513 0 4.54 33.08 
113328 4045 133 191 184 130 510 1 4.54 6.14 
113500 4033 121 177 169 120 469 0 4.86 37.43 
113674 3940 104 157 147 104 409 0 4.52 38.57 
113848 4025 129 186 179 126 497 0 5.81 17.70 
114021 3976 114 169 160 113 447 0 5.81 6.14 
114193 2792 95 135 114 56 307 0 5.81 6.14 
114365 2619 122 171 141 61 380 0 4.86 5.81 
114537 2638 111 158 130 58 349 0 4.86 5.80 
114709 3320 79 107 99 58 268 0 4.86 5.81 
114881 3724 70 99 94 62 260 0 4.84 4.52 
115053 3724 70 99 94 62 260 0 4.54 6.14 
115225 3937 73 104 100 69 279 0 4.54 6.14 
115397 3921 94 141 132 93 372 0 4.54 27.85 
115570 3950 90 134 126 89 355 0 4.54 6.12 
115742 3164 82 111 101 56 272 0 4.54 6.14 
115914 2993 88 121 107 56 286 0 4.54 16.42 
116086 2574 131 189 153 66 411 0 4.54 18.65 
116259 2554 135 195 157 67 422 5 4.54 6.14 
116431 2602 122 174 142 62 383 0 4.54 4.84 
116603 2533 157 225 181 75 487 0 4.54 4.84 
116775 2549 165 233 189 78 506 0 4.54 6.12 
116947 2547 168 235 191 78 511 0 4.54 6.14 
117119 2547 168 235 191 78 510 0 4.54 6.12 
117291 2594 138 196 160 69 430 0 4.54 6.14 
117463 2541 172 240 195 79 522 0 4.54 6.14 
117635 2532 171 241 195 79 522 0 4.54 6.12 
117807 2532 171 241 195 79 523 0 5.51 15.49 
117979 2543 169 238 193 79 518 0 4.54 8.74 
118151 2554 67 126 93 52 273 0 4.86 5.81 
118323 2747 51 102 76 48 227 0 4.86 4.84 
118495 2734 52 98 74 45 218 3 4.84 4.54 
118667 2734 52 98 74 45 218 0 4.86 6.77 
118839 2734 52 98 74 45 218 6 4.84 6.77 
119011 2734 52 98 74 45 218 4 4.86 4.84 
119183 2734 52 98 74 45 218 0 24.24 9.06 
119356 2666 95 145 117 57 323 0 4.86 7.09 
119528 2709 102 143 120 55 323 2 4.86 9.74 
119700 2771 92 132 111 54 301 0 4.86 5.81 
119872 2771 92 132 111 54 301 0 4.86 10.40 
120044 2563 146 209 169 72 454 4 4.86 5.81 
120216 2531 160 227 183 75 492 0 4.86 13.12 
120388 2530 161 228 184 75 494 0 4.84 15.79 
120560 2546 152 215 174 72 468 4 4.86 20.54 
120733 2580 134 192 156 67 419 0 4.86 16.12 
120905 2581 148 210 171 73 459 0 5.81 20.86 
121078 2570 147 211 171 73 461 2 5.81 22.41 
121251 2582 142 203 165 71 444 0 4.84 16.12 
121423 2800 87 120 103 49 278 0 4.86 4.52 
121595 2764 93 128 109 51 294 0 4.54 16.76 
121767 2579 145 205 167 71 448 0 4.54 16.12 
121939 2555 145 208 168 71 452 0 4.54 17.07 
122111 2557 146 207 168 70 450 0 4.54 6.14 
122283 2574 131 189 153 66 412 0 5.81 15.49 
122455 2543 143 203 164 68 441 0 4.54 4.84 
122627 2535 158 224 181 74 486 4 5.81 17.37 
122800 2540 161 227 184 75 493 0 5.18 4.52 
122972 2605 128 184 150 66 405 0 5.18 5.49 
123144 1948 32 126 72 55 250 4 5.18 5.49 
123316 1648 20 145 70 59 266 0 5.18 5.49 
123488 1664 19 146 70 59 267 0 11.78 16.12 
123661 1648 20 145 70 59 267 1 4.86 15.79 
123833 2123 33 129 76 61 261 0 4.86 10.76 
124005 3016 37 90 65 49 202 0 4.86 5.81 
124177 2979 36 89 64 48 199 5 4.86 11.08 
124349 2804 38 98 68 51 216 0 4.86 5.81 
124521 1778 27 139 75 63 271 0 4.86 4.52 
124693 1798 30 147 80 65 287 5 4.84 5.81 
124865 1853 26 127 70 58 250 0 4.86 4.52 
125037 1967 27 120 68 56 240 0 4.84 4.52 
125209 5068 55 84 84 68 235 2 4.86 5.81 
125381 6464 76 77 104 85 267 0 5.81 5.17 
125553 6145 61 67 85 69 224 0 6.78 5.49 
125725 6770 94 90 127 105 324 0 4.84 9.06 
125897 4724 47 73 71 56 200 0 4.86 4.52 
126069 2542 26 86 55 44 183 0 4.86 4.52 
126241 2318 26 95 58 47 197 0 4.86 4.52 
126413 2239 26 100 60 49 205 0 8.06 16.42 
126586 1893 24 119 66 56 235 0 6.78 15.79 
126758 1936 26 119 67 55 236 0 4.54 22.41 
126931 2741 76 117 95 49 266 0 4.86 4.52 
127103 2687 106 150 125 57 338 0 4.86 4.54 
127275 2561 142 204 165 70 445 0 3.59 4.84 
127447 2606 112 161 131 58 355 0 4.86 4.52 
127619 2603 117 168 137 60 367 1 4.54 10.40 
127791 2526 143 208 166 70 447 0 5.81 12.10 
127963 2581 129 185 150 65 402 0 6.78 13.79 
128135 2651 104 148 122 55 329 0 5.81 6.12 
128307 2619 124 177 145 64 391 0 4.86 4.52 
128479 2753 94 131 111 52 300 16 6.78 10.74 
128651 2620 120 171 140 62 379 0 5.81 16.76 
128823 2592 121 173 141 61 379 0 4.54 15.79 
128995 3613 142 203 189 123 521 2 4.54 15.13 
129167 3967 141 202 194 135 536 0 4.54 14.13 
129339 3914 143 211 199 139 550 0 4.54 14.79 
129511 3904 143 210 198 138 546 5 4.86 4.52 
129683 3904 143 210 198 138 547 0 4.86 4.84 
129855 3905 147 216 204 142 563 0 4.84 6.12 
130027 3907 154 225 213 148 588 1 4.86 4.84 
130199 3916 155 226 214 149 591 6 4.54 14.11 
130371 3905 141 210 197 138 546 0 5.81 15.15 
130543 3805 56 100 86 64 251 0 5.81 13.79 
130715 3822 50 95 80 61 237 0 5.81 13.79 
130887 3822 50 95 80 61 237 0 17.73 13.11 
131060 3793 50 94 79 60 235 0 15.16 11.08 
131233 2941 26 104 66 60 227 0 15.16 10.08 
131406 1666 15 154 80 83 313 0 15.16 9.06 
131579 1625 14 156 80 84 315 19 3.59 14.47 
131751 1625 14 156 80 84 315 0 8.74 14.13 
131923 1910 17 137 74 75 281 0 6.78 15.81 
132095 3896 108 168 154 110 434 5 6.78 16.12 
132268 3988 180 256 247 172 682 0 6.78 16.12 
132441 3996 181 257 248 173 685 0 6.78 15.79 
132613 3996 181 257 248 173 686 4 5.17 5.49 
132785 3996 181 257 248 173 685 0 5.18 4.52 
132957 3910 108 169 155 111 437 0 5.17 4.52 
133129 2955 22 96 60 56 209 2 5.18 16.12 
133301 2955 22 96 60 56 209 0 5.18 15.49 
133473 3006 24 96 61 56 209 0 4.84 8.38 
133645 2062 18 127 70 70 263 0 7.43 7.09 
133817 1625 13 154 79 83 311 0 8.74 14.79 
133990 2526 21 112 66 63 239 0 4.54 9.74 
134162 6719 108 131 159 137 430 0 4.54 9.74 
134334 6825 120 144 177 153 476 0 4.86 8.06 
134506 6786 119 144 176 152 475 0 5.49 15.47 
134678 6825 120 144 177 153 476 0 4.54 15.49 
134850 7034 128 152 189 165 511 0 4.54 15.49 
135022 6476 104 134 156 134 425 0 4.54 15.47 
135194 1620 32 172 85 63 315 0 4.54 15.49 
135366 1622 34 181 90 67 331 0 5.81 16.44 
135538 1625 35 180 90 66 329 0 8.06 6.46 
135710 1639 35 175 89 66 323 0 5.51 6.44 
135882 4777 64 109 102 83 293 5 6.78 16.44 
136055 7053 129 155 192 168 519 0 6.78 22.69 
136228 7036 132 156 195 170 526 0 4.54 6.12 
136400 7132 131 156 195 171 526 1 4.86 32.83 
136573 7096 131 156 194 170 524 0 4.86 6.12 
136745 4231 45 150 106 100 354 0 4.86 6.12 
136917 3457 63 156 116 94 367 1 4.86 6.14 
137089 3892 132 197 184 129 515 0 4.86 16.13 
137261 3893 136 203 190 133 531 0 4.54 16.12 
137433 4027 215 302 294 205 811 5 5.81 16.12 
137605 4046 219 308 300 210 829 0 4.86 44.20 
137779 3807 177 248 237 159 829 0 5.81 18.34 
137952 2455 192 278 219 86 592 0 5.81 16.12 
138124 2465 198 284 225 88 607 0 5.81 16.12 
138296 2465 198 284 225 88 607 0 5.81 4.84 
138468 2458 198 285 225 88 607 3 5.81 16.12 
