=~=~=~=~=~=~=~=~=~=~=~= PuTTY log 2025.11.28 19:14:53 =~=~=~=~=~=~=~=~=~=~=~=
ets Jul 29 2019 12:21:46

rst:0x1 (POWERON_RESET),boot:0x13 (SPI_FAST_FLASH_BOOT)
configsip: 0, SPIWP:0xee
clk_drv:0x00,q_drv:0x00,d_drv:0x00,cs0_drv:0x00,hd_drv:0x00,wp_drv:0x00
mode:DIO, clock div:1
load:0x3fff0030,len:4980
load:0x40078000,len:16612
load:0x40080400,len:3480
entry 0x400805b4
Found sensor
Milis - ColorTemp - Lux - R - G - B - C - Pot - UsensA - UsensB

399 5464 43 50 59 46 156 10 62.58 49.61 
577 5464 43 50 59 46 156 0 62.58 49.10 
755 5464 43 50 59 46 156 0 62.58 49.11 
933 5464 43 50 59 46 156 0 62.58 49.10 
1111 5464 43 50 59 46 156 0 62.58 49.11 
1289 5464 43 50 59 46 156 10 62.58 49.10 
1467 5464 43 50 59 46 156 0 62.58 49.08 
1645 5464 43 50 59 46 156 0 62.59 49.10 
1823 5464 43 50 59 46 156 19 62.17 49.10 
2001 5464 43 50 59 46 156 0 62.58 49.10 
2179 5464 43 50 59 46 156 0 62.59 49.10 
2357 5464 43 50 59 46 156 20 62.59 49.10 
2535 5464 43 50 59 46 156 0 62.97 49.10 
2713 5464 43 50 59 46 156 0 62.58 49.10 
2891 5464 43 50 59 46 156 13 62.97 49.11 
3069 5464 43 50 59 46 156 0 62.56 49.10 
3247 5464 43 50 59 46 156 0 62.58 49.10 
3425 5464 43 50 59 46 156 0 62.56 49.59 
3603 5464 43 50 59 46 156 20 62.54 49.10 
3781 5464 43 50 59 46 156 0 62.13 49.59 
3959 5464 43 50 59 46 156 6 62.15 43.81 
4136 5464 43 50 59 46 156 25 62.13 43.81 
4313 5464 43 50 59 46 156 0 62.13 49.10 
4491 5464 43 50 59 46 156 0 62.13 43.81 
4668 5464 43 50 59 46 156 18 62.15 44.20 
4845 5464 43 50 59 46 156 0 62.13 49.11 
5023 5464 43 50 59 46 156 1 62.15 49.10 
5201 5464 43 50 59 46 156 8 62.56 43.79 
5378 5464 43 50 59 46 156 0 62.15 43.79 
5555 5464 43 50 59 46 156 2 62.13 49.93 
5733 5464 43 50 59 46 156 0 62.15 43.81 
5910 5464 43 50 59 46 156 0 62.13 49.57 
6088 5660 42 50 59 47 156 6 62.15 49.10 
6266 5464 43 50 59 46 156 0 62.56 49.10 
6444 5660 42 50 59 47 156 0 62.56 49.08 
6622 5464 43 50 59 46 156 0 62.54 43.42 
6799 5464 43 50 59 46 156 9 62.56 49.08 
6977 5660 42 50 59 47 156 0 62.54 49.61 
7155 5660 42 50 59 47 156 0 62.56 43.40 
7332 5660 42 50 59 47 156 7 62.56 49.11 
7510 5464 43 50 59 46 156 0 62.13 49.10 
7688 5660 42 50 59 47 156 0 62.15 49.10 
7866 5660 42 50 59 47 156 12 62.12 49.08 
8044 5660 42 50 59 47 156 0 62.54 49.10 
8222 5660 42 50 59 47 156 0 62.13 43.81 
8399 5660 42 50 59 47 156 19 62.12 49.10 
8577 5660 42 50 59 47 156 0 62.56 49.08 
8755 5660 42 50 59 47 156 0 62.13 49.10 
8933 5660 42 50 59 47 156 21 62.54 49.10 
9111 5660 42 50 59 47 156 0 62.56 49.10 
9289 5660 42 50 59 47 156 0 62.13 49.11 
9467 5660 42 50 59 47 156 19 62.97 43.42 
9644 5660 42 50 59 47 156 0 63.39 48.18 
9822 5464 43 50 59 46 156 0 63.41 59.69 
10000 5464 43 50 59 46 156 11 62.70 48.94 
10178 5464 43 50 59 46 156 0 62.15 59.55 
10356 5769 43 50 60 48 159 0 62.13 46.39 
10534 5797 43 51 61 49 161 11 62.13 59.67 
10712 5599 44 51 61 48 160 0 62.13 59.13 
10890 5599 44 51 61 48 160 0 62.13 48.94 
11068 5599 44 51 61 48 160 3 30.31 37.67 
11243 5599 44 51 61 48 160 0 23.89 58.28 
11419 5599 44 51 61 48 160 8 23.87 58.29 
11595 5599 44 51 61 48 160 0 23.02 55.79 
11771 5599 44 51 61 48 160 0 24.21 44.20 
11946 5599 44 51 61 48 161 0 37.06 56.61 
12123 5797 43 51 61 49 161 0 60.60 58.16 
12301 5797 43 51 61 49 161 0 62.56 58.70 
12479 5797 43 51 61 49 161 0 61.57 59.67 
12657 5599 44 51 61 48 160 0 61.44 49.45 
12835 5769 43 50 60 48 159 0 60.88 43.42 
13012 5769 43 50 60 48 159 0 60.47 57.88 
13190 5769 43 50 60 48 159 0 60.89 58.70 
13368 5769 43 50 60 48 159 0 61.34 43.03 
13545 5769 43 50 60 48 159 0 61.01 58.16 
13723 5769 43 50 60 48 159 0 64.65 55.78 
13901 5571 44 50 60 47 158 0 64.23 55.78 
14079 5689 43 51 60 48 159 5 64.23 55.79 
14257 5689 43 51 60 48 159 0 64.23 55.79 
14435 5689 43 51 60 48 159 0 62.70 42.43 
14612 5689 43 51 60 48 159 4 64.23 55.78 
14790 5689 43 51 60 48 159 0 61.86 42.42 
14967 5689 43 51 60 48 159 0 62.27 42.82 
15144 5689 43 51 60 48 159 0 65.06 57.05 
15322 5689 43 51 60 48 159 0 61.85 42.42 
15499 5689 43 51 60 48 159 8 61.86 42.42 
15676 5689 43 51 60 48 159 0 61.88 42.40 
15853 5689 43 51 60 48 159 0 61.86 42.42 
16030 5689 43 51 60 48 159 18 61.86 42.82 
16207 5689 43 51 60 48 159 0 61.88 42.43 
16384 5689 43 51 60 48 159 0 61.85 42.84 
16561 5689 43 51 60 48 159 0 62.27 58.14 
16739 5689 43 51 60 48 159 0 61.86 42.82 
16916 5689 43 51 60 48 159 1 61.86 42.43 
17093 5689 43 51 60 48 159 0 61.85 42.43 
17270 5689 43 51 60 48 159 0 61.86 42.43 
17447 5689 43 51 60 48 159 16 62.27 42.43 
17624 5689 43 51 60 48 159 0 62.70 49.44 
17802 5689 43 51 60 48 159 0 64.65 57.44 
17980 5689 43 51 60 48 159 15 64.65 57.87 
18158 5689 43 51 60 48 159 0 64.67 57.87 
18336 5689 43 51 60 48 159 0 64.67 58.28 
18514 5689 43 51 60 48 159 11 64.65 57.88 
18692 5689 43 51 60 48 159 0 62.70 42.43 
18869 5689 43 51 60 48 159 0 63.10 48.94 
19047 5689 43 51 60 48 159 16 62.27 49.44 
19225 5689 43 51 60 48 159 0 61.85 42.43 
19402 5689 43 51 60 48 159 0 61.86 42.43 
19579 5689 43 51 60 48 159 18 59.06 46.97 
19756 5931 47 52 65 52 169 0 58.26 48.93 
19933 6535 53 54 73 60 188 4 56.54 20.54 
20109 6337 54 54 73 59 187 0 56.44 20.55 
20285 6053 49 53 67 54 174 0 55.08 18.02 
20460 4619 38 58 57 44 159 14 54.25 18.00 
20635 3247 36 79 60 45 182 0 53.91 17.07 
20810 3270 35 77 59 44 178 17 53.06 16.75 
20985 3276 35 72 56 41 168 0 53.07 16.75 
21160 3619 44 83 69 51 201 13 53.06 16.76 
21335 3687 47 85 72 53 207 0 53.07 16.75 
21510 3687 47 85 72 53 207 17 52.22 15.79 
21685 3656 46 84 71 52 206 0 51.71 15.79 
21860 3484 35 64 53 38 154 14 51.02 12.78 
22035 3612 34 62 52 38 151 0 50.52 14.13 
22210 3520 37 59 52 35 145 15 15.83 16.44 
22383 3587 41 63 57 38 156 0 15.83 16.76 
22556 3484 35 64 53 38 152 0 16.46 14.13 
22729 3524 35 65 54 39 157 14 15.83 16.44 
22902 3528 43 69 61 41 168 0 47.65 46.58 
23079 3294 49 75 66 41 182 29 46.85 9.40 
23253 3142 58 86 75 44 204 0 46.05 12.44 
23428 3114 61 91 79 46 214 19 47.06 15.79 
23603 3109 65 97 84 49 230 0 47.26 45.99 
23780 3109 65 97 84 49 230 4 46.67 45.41 
23957 3067 64 95 82 47 222 0 44.86 16.75 
24132 3051 65 96 83 47 224 0 44.88 9.40 
24306 3061 66 99 85 49 232 0 43.28 7.74 
24480 3096 68 100 87 50 236 0 43.47 8.72 
24654 3668 53 81 74 50 205 0 9.08 7.74 
24826 4098 56 86 81 59 227 19 9.08 7.74 
24998 4058 63 94 89 64 247 0 9.08 7.74 
25170 3933 85 127 119 84 325 0 42.48 7.74 
25344 3919 85 129 120 85 330 11 7.43 6.78 
25516 3902 84 128 119 84 327 0 41.14 40.63 
25692 4054 75 118 109 80 307 19 7.74 9.42 
25864 4011 70 107 100 72 279 0 7.43 39.27 
26038 4056 69 106 99 72 277 0 41.14 6.78 
26212 4035 68 105 98 71 275 0 41.14 6.78 
26386 4056 69 106 99 72 279 0 41.14 6.77 
26560 4077 69 107 100 73 280 9 41.21 6.78 
26734 4146 68 107 100 74 281 0 41.16 6.77 
26908 4146 68 107 100 74 281 17 41.22 6.77 
27082 4146 68 107 100 74 282 0 41.16 6.77 
27256 4146 68 107 100 74 282 6 41.21 6.78 
27430 4146 68 107 100 74 282 0 41.16 6.77 
27604 4146 68 107 100 74 282 0 41.21 39.49 
27780 4146 68 107 100 74 282 0 40.68 6.44 
27954 4146 68 107 100 74 282 0 41.21 8.06 
28128 4146 68 107 100 74 282 0 40.70 5.49 
28302 4146 68 107 100 74 282 0 40.70 5.49 
28476 4146 68 107 100 74 282 5 37.96 6.44 
28650 4124 68 106 99 73 278 0 36.36 7.74 
28824 3860 54 102 86 66 253 15 38.66 32.32 
28999 3642 30 88 63 55 204 0 45.27 28.14 
29174 5567 35 61 59 51 170 10 27.03 22.12 
29348 5344 38 60 60 50 170 0 34.42 16.76 
29522 3241 38 72 58 40 168 20 52.21 6.44 
29697 3628 84 98 101 59 259 0 46.83 6.77 
29871 6462 30 57 54 50 161 24 44.86 6.77 
30045 9068 28 61 58 59 177 0 43.88 6.77 
30219 3915 33 69 56 45 170 0 42.06 16.75 
30394 3449 36 85 64 51 201 0 16.46 16.75 
30567 3387 40 104 76 62 240 0 7.74 7.09 
30739 3293 44 119 85 70 274 16 25.31 25.55 
30913 3245 48 135 95 79 307 0 20.25 5.81 
31086 3196 55 152 107 88 346 3 18.04 8.04 
31259 3112 57 155 109 88 350 8 17.73 9.74 
31432 3490 48 100 79 60 240 0 17.71 9.74 
31605 3511 44 96 75 58 231 11 17.73 18.33 
31778 3511 44 96 75 58 231 0 17.71 16.12 
31951 3511 44 96 75 58 231 0 17.73 9.74 
32124 3511 44 96 75 58 232 0 17.73 9.74 
32297 3511 44 96 75 58 232 0 17.71 9.74 
32470 3511 44 96 75 58 232 18 17.73 16.12 
32643 3511 44 96 75 58 232 0 17.73 18.33 
32816 3511 44 96 75 58 232 0 17.73 18.33 
32989 3511 44 96 75 58 232 0 17.71 17.07 
33162 3511 44 96 75 58 232 0 17.73 16.12 
33335 3511 44 96 75 58 232 18 17.73 16.12 
33508 3511 44 96 75 58 232 0 18.68 6.78 
33681 3511 44 96 75 58 232 0 23.29 24.99 
33855 3249 49 118 87 68 273 0 15.83 15.79 
34028 3164 57 152 108 87 346 0 38.40 44.01 
34204 6741 33 69 63 60 193 0 23.89 28.97 
34378 6094 41 74 71 64 209 0 29.27 15.79 
34552 3621 114 127 134 76 339 4 33.39 31.81 
34727 2953 34 90 63 49 200 0 38.86 35.62 
34903 9066 46 70 80 78 228 0 45.46 46.60 
35080 3768 42 96 75 61 231 0 50.86 52.29 
35257 3399 88 126 115 71 314 0 52.21 52.31 
35434 2760 58 113 85 53 251 7 48.99 49.79 
35611 2480 32 102 65 51 215 0 48.04 48.94 
35788 2956 65 98 83 46 229 0 44.49 44.40 
35964 2832 97 137 117 58 314 0 40.24 37.91 
36140 3808 90 131 123 84 340 0 37.96 35.39 
36315 3839 42 98 76 63 236 10 36.82 33.86 
36490 3342 25 94 62 57 212 0 36.82 35.63 
36665 3414 24 93 61 57 208 10 37.74 37.65 
36841 3393 24 87 58 53 197 0 37.26 35.87 
37016 3550 26 84 58 52 193 5 37.28 36.29 
37191 3474 27 85 59 52 194 0 37.26 36.33 
37366 3474 27 85 59 52 195 3 37.50 38.59 
37542 3902 39 83 67 54 204 0 39.54 40.63 
37718 4114 96 142 136 98 377 0 37.50 38.35 
37894 4133 101 147 142 102 393 0 36.14 35.14 
38069 3769 44 96 76 61 232 0 37.04 33.61 
38244 3414 24 93 61 57 209 0 38.86 36.11 
38420 3801 27 83 59 53 193 0 16.13 36.75 
38594 10176 48 64 81 80 225 0 16.15 36.31 
38768 10939 54 68 90 90 248 0 16.15 42.82 
38943 8566 45 61 74 70 206 0 11.12 41.31 
39117 10014 58 74 96 94 263 0 40.00 41.31 
39293 9158 61 79 99 95 272 0 9.42 35.39 
39467 9232 61 78 99 95 271 0 10.42 11.08 
39639 8029 51 68 82 76 224 0 42.48 10.08 
39813 7749 49 68 79 73 218 16 43.89 8.06 
39987 7628 47 66 76 70 210 0 9.42 8.06 
40159 7097 45 64 72 65 200 0 9.42 31.28 
40333 7946 51 69 82 76 225 0 9.76 46.19 
40507 8857 54 72 88 84 243 0 8.38 15.79 
40680 8615 55 72 89 84 243 10 9.08 9.74 
40852 8452 54 73 88 83 243 0 7.43 43.62 
41026 8456 54 74 89 84 246 0 9.08 35.41 
41200 8132 53 70 85 79 233 0 9.08 35.85 
41374 6805 45 63 71 63 197 0 39.10 6.78 
41548 6715 48 66 75 66 206 0 7.11 6.77 
41720 9023 54 69 87 83 239 0 7.11 6.77 
41892 10487 61 77 101 100 277 5 7.11 6.77 
42064 10487 61 77 101 100 277 0 7.11 6.77 
42236 10487 61 77 101 100 277 0 7.11 6.78 
42408 10487 61 77 101 100 277 4 7.11 6.78 
42580 10487 61 77 101 100 277 0 38.20 6.78 
42754 10487 61 77 101 100 277 0 37.72 6.77 
42928 10487 61 77 101 100 277 5 38.18 6.77 
43102 10487 61 77 101 100 277 0 8.74 6.77 
43274 10487 61 77 101 100 277 7 7.11 6.77 
43446 10487 61 77 101 100 277 0 38.64 15.81 
43620 10487 61 77 101 100 277 0 36.81 5.49 
43794 10487 61 77 101 100 277 5 36.81 36.07 
43969 10487 61 77 101 100 277 0 36.82 36.07 
44144 10487 61 77 101 100 277 0 36.82 6.78 
44318 10487 61 77 101 100 277 0 36.60 36.75 
44493 10487 61 77 101 100 277 0 32.62 6.44 
44666 10473 61 78 102 101 280 0 30.04 28.97 
44841 10888 62 80 105 105 290 14 30.55 29.48 
45016 8617 56 73 90 85 249 0 29.80 30.51 
45191 9355 65 82 105 101 288 12 33.13 5.49 
45364 8994 64 81 103 98 281 0 35.44 6.77 
45538 10014 58 74 96 94 266 1 35.90 6.46 
45712 11946 68 83 114 116 314 0 32.88 6.77 
45885 12379 67 83 114 117 316 0 29.80 6.78 
46058 8940 53 70 87 83 242 0 26.76 30.77 
46233 6692 51 75 82 73 229 0 23.02 16.75 
46406 1910 29 111 63 47 217 3 22.15 16.75 
46579 1835 33 137 76 57 265 0 18.99 29.22 
46753 1824 32 134 74 56 260 0 14.16 17.07 
46926 3512 118 150 146 87 387 0 8.74 6.78 
47098 3547 159 179 186 104 475 0 7.75 6.77 
47270 3574 177 196 206 115 523 10 7.43 6.77 
47442 3577 171 189 199 111 503 0 7.43 6.77 
47614 3605 171 190 200 113 508 0 7.43 6.78 
47786 3605 171 190 200 113 507 10 7.43 11.76 
47958 3605 171 190 200 113 506 0 7.43 5.49 
48130 3585 172 190 200 112 506 0 8.76 5.49 
48302 3585 172 190 200 112 506 9 7.75 11.42 
48474 3585 172 190 200 112 505 0 9.08 5.49 
48646 3563 171 190 199 111 505 0 16.46 5.49 
48818 3565 153 171 179 100 456 9 25.89 5.49 
48991 2258 41 127 79 58 260 0 31.59 5.49 
49164 3862 39 93 72 60 224 0 35.68 5.49 
49338 11423 61 77 103 104 285 0 42.48 6.77 
49512 3950 29 94 66 61 219 0 51.20 5.49 
49686 3786 40 91 71 58 220 1 52.89 6.77 
49861 4116 76 113 108 78 301 0 59.50 6.77 
50036 3190 61 90 79 47 216 3 64.24 5.49 
50211 3279 48 75 65 41 180 0 59.62 5.49 
50386 3241 35 68 54 38 159 6 17.41 6.77 
50559 3339 50 74 66 41 179 4 16.13 6.77 
50732 3103 66 96 84 48 227 13 15.83 6.77 
50904 3107 68 98 86 49 233 24 56.15 5.49 
51079 3062 65 94 82 46 222 10 61.57 6.78 
51254 2971 83 117 102 54 274 34 56.15 6.78 
51429 2955 82 116 101 53 272 0 57.12 5.49 
51604 3013 70 101 88 48 239 15 30.82 5.49 
51777 3184 53 82 71 43 197 0 53.57 5.49 
51952 2763 35 93 64 48 202 48 53.57 5.49 
52127 2335 27 94 58 46 196 0 51.71 6.77 
52302 2627 34 100 66 51 215 37 50.52 6.78 
52477 3069 30 71 52 39 162 0 47.04 5.49 
52651 3553 37 82 64 50 194 32 48.86 5.49 
52825 6366 76 79 104 85 268 0 48.84 5.49 
52999 6292 77 79 105 85 269 56 48.43 5.49 
53173 6292 77 79 105 85 269 0 47.46 5.49 
53347 6428 77 79 105 86 269 42 16.15 5.49 
53519 5831 59 71 84 68 223 7 17.08 5.49 
53691 2658 28 85 56 44 182 0 16.15 5.49 
53863 2455 31 99 63 49 209 28 49.50 5.49 
54037 2457 30 98 62 49 205 0 48.84 5.49 
54211 2994 26 66 47 36 148 8 48.43 5.49 
54385 3163 27 61 46 34 140 0 48.04 5.49 
54559 3790 31 58 49 37 145 0 47.65 5.49 
54733 3743 30 57 48 36 142 0 47.04 5.49 
54907 3954 34 59 52 39 151 0 45.66 5.49 
55081 4876 45 62 65 50 177 8 46.46 5.49 
55255 5544 53 66 75 60 201 0 45.46 5.49 
55429 6105 68 74 94 76 244 28 44.27 5.49 
55603 6033 70 74 95 76 245 0 43.28 5.49 
55777 6967 97 90 131 109 332 19 45.46 5.49 
55951 7286 100 90 135 114 341 0 42.30 6.77 
56125 7204 102 90 136 114 342 0 16.15 5.49 
56297 7061 94 86 127 106 320 3 41.82 5.49 
56471 6441 72 74 99 81 252 0 41.84 5.49 
56645 6441 72 74 99 81 254 21 41.84 5.49 
56819 6441 72 74 99 81 255 0 9.42 6.77 
56991 6441 72 74 99 81 255 0 41.82 5.49 
57165 6313 64 68 88 72 231 0 41.84 5.49 
57339 6203 62 66 85 69 224 6 41.84 5.49 
57513 6203 62 66 85 69 224 2 41.84 5.49 
57687 6203 62 66 85 69 224 0 41.38 6.77 
57861 6063 63 67 86 69 225 11 9.08 36.52 
58035 6532 74 76 102 84 266 0 40.22 5.49 
58209 6325 74 76 101 82 262 16 36.36 35.14 
58384 7130 110 101 149 125 378 0 36.82 5.81 
58558 7304 114 102 154 130 388 14 36.36 35.62 
58733 7191 115 102 154 129 388 0 36.36 5.49 
58907 7191 115 102 154 129 388 4 36.36 7.11 
59081 7191 115 102 154 129 388 0 36.35 8.36 
59255 7191 115 102 154 129 388 0 36.36 8.38 
59429 7191 115 102 154 129 388 0 9.08 10.08 
59601 7191 115 102 154 129 388 0 7.75 34.36 
59775 7191 115 102 154 129 388 20 36.36 34.37 
59950 7191 115 102 154 129 388 0 39.56 34.37 
60126 7263 113 102 153 129 387 11 39.56 5.81 
60300 7263 113 102 153 129 387 0 36.38 34.36 
60475 7263 113 102 153 129 387 12 35.68 6.77 
60649 7263 113 102 153 129 387 0 33.40 6.77 
60823 7256 113 101 152 128 384 6 36.36 6.77 
60997 7019 103 94 138 115 349 0 52.73 55.62 
61175 2691 38 95 66 47 207 11 55.88 7.09 
61350 1949 37 116 68 44 225 0 49.50 55.49 
61527 1959 36 116 68 45 226 0 43.28 53.31 
61704 6586 92 92 125 103 322 0 38.20 49.08 
61880 3302 37 97 70 57 222 0 30.04 6.77 
62053 2546 105 171 132 64 370 0 23.89 7.74 
62226 3655 127 184 171 113 473 0 16.78 6.77 
62399 3700 71 153 121 96 369 6 12.80 26.15 
62572 6341 55 119 106 100 324 7 10.10 7.09 
62744 7076 75 106 120 108 335 0 5.18 5.49 
62916 1926 40 139 80 56 273 0 4.22 20.21 
63089 3568 184 208 216 122 551 8 5.49 20.23 
63262 3571 194 215 226 126 572 0 5.51 20.23 
63435 3569 193 215 225 126 570 0 5.49 16.75 
63607 3571 194 215 226 126 571 0 5.51 6.44 
63779 3571 194 215 226 126 571 0 4.84 7.74 
63951 3571 194 215 226 126 571 0 7.11 5.49 
64123 3571 194 215 226 126 571 2 5.18 22.41 
64296 3577 193 216 226 127 574 0 9.42 6.77 
64468 3549 170 191 199 111 507 0 16.46 6.77 
64641 1764 28 118 64 47 226 0 42.28 5.49 
64815 6615 71 103 113 100 316 0 26.18 5.49 
64988 5336 35 124 89 89 300 7 29.27 5.49 
65161 2527 19 124 71 72 263 0 43.08 5.49 
65335 2894 22 100 62 58 216 0 27.61 5.49 
65508 2999 22 100 62 59 218 0 43.08 5.49 
65682 2999 22 100 62 59 218 0 37.28 5.49 
65856 2999 22 100 62 59 218 2 28.76 5.49 
66029 2999 22 100 62 59 218 0 43.49 6.78 
66203 2999 22 100 62 59 218 9 29.27 5.49 
66376 2999 22 100 62 59 218 0 36.36 5.49 
66550 2901 21 101 62 59 218 0 40.46 5.49 
66724 2999 22 100 62 59 218 0 30.06 5.49 
66897 2901 21 101 62 59 218 0 30.04 5.49 
67070 2901 21 101 62 59 218 10 30.04 5.49 
67243 2999 22 100 62 59 218 0 30.04 5.49 
