=~=~=~=~=~=~=~=~=~=~=~= PuTTY log 2025.11.28 20:21:58 =~=~=~=~=~=~=~=~=~=~=~=
ets Jul 29 2019 12:21:46

rst:0x1 (POWERON_RESET),boot:0x13 (SPI_FAST_FLASH_BOOT)
configsip: 0, SPIWP:0xee
clk_drv:0x00,q_drv:0x00,d_drv:0x00,cs0_drv:0x00,hd_drv:0x00,wp_drv:0x00
mode:DIO, clock div:1
load:0x3fff0030,len:4980
load:0x40078000,len:16612
load:0x40080400,len:3480
entry 0x400805b4
Found sensor
Milis - ColorTemp - Lux - R - G - B - C - Pot - UsensA - UsensB

399 6589 55 57 76 63 197 0 3.26 3.25 
571 6589 55 57 76 63 196 0 3.25 3.25 
743 6589 55 57 76 63 197 0 3.26 3.25 
915 6589 55 57 76 63 197 4 3.26 3.25 
1087 6589 55 57 76 63 197 0 3.25 3.25 
1259 6589 55 57 76 63 197 7 3.25 3.25 
1431 6589 55 57 76 63 197 5 3.26 3.25 
1603 6589 55 57 76 63 197 0 3.26 3.25 
1775 6589 55 57 76 63 197 0 3.25 3.25 
1947 6589 55 57 76 63 197 7 3.26 3.25 
2119 6589 55 57 76 63 197 4 3.26 3.25 
2291 6589 55 57 76 63 197 0 3.26 3.25 
2463 6589 55 57 76 63 197 7 3.25 3.25 
2635 6589 55 57 76 63 197 0 3.26 3.25 
2807 6589 55 57 76 63 197 0 3.25 3.25 
2979 6589 55 57 76 63 197 23 3.26 3.25 
3151 6589 55 57 76 63 197 0 3.26 3.25 
3323 6589 55 57 76 63 197 0 3.26 3.25 
3495 6589 55 57 76 63 197 10 3.26 3.25 
3667 6589 55 57 76 63 197 0 3.26 3.25 
3839 6589 55 57 76 63 197 7 3.26 3.25 
4011 6589 55 57 76 63 197 10 3.26 3.25 
4183 6589 55 57 76 63 197 0 3.25 3.25 
4355 6589 55 57 76 63 197 0 3.26 3.25 
4527 6589 55 57 76 63 197 9 3.25 3.25 
4699 6589 55 57 76 63 197 7 3.26 3.25 
4871 6589 55 57 76 63 197 0 3.26 3.25 
5043 6589 55 57 76 63 197 8 3.25 3.25 
5215 6589 55 57 76 63 197 0 3.26 3.25 
5387 6589 55 57 76 63 197 0 3.26 3.25 
5559 6589 55 57 76 63 197 20 3.26 3.25 
5731 6589 55 57 76 63 197 0 3.25 3.25 
5903 6589 55 57 76 63 197 0 3.26 3.25 
6075 6589 55 57 76 63 197 4 3.26 3.25 
6247 6477 56 57 77 63 197 0 3.26 3.25 
6419 6477 56 57 77 63 197 6 3.26 3.25 
6591 6477 56 57 77 63 197 1 3.26 3.25 
6763 6589 55 57 76 63 197 0 3.26 3.25 
6935 6477 56 57 77 63 197 0 3.26 3.25 
7107 6477 56 57 77 63 197 0 3.26 3.25 
7279 6477 56 57 77 63 197 9 3.25 3.25 
7451 6589 55 57 76 63 197 0 3.25 3.25 
7623 6477 56 57 77 63 197 0 3.26 3.25 
7795 6477 56 57 77 63 197 0 3.26 3.25 
7967 6477 56 57 77 63 197 0 3.25 3.25 
8139 6477 56 57 77 63 197 7 3.26 3.25 
8311 6477 56 57 77 63 197 0 3.26 3.25 
8483 6477 56 57 77 63 197 0 3.26 3.25 
8655 6477 56 57 77 63 197 0 3.26 3.25 
8827 6477 56 57 77 63 197 2 3.26 3.25 
8999 6477 56 57 77 63 197 4 3.26 3.25 
9171 6477 56 57 77 63 197 0 3.26 3.25 
9343 6477 56 57 77 63 197 4 3.25 3.25 
9515 6477 56 57 77 63 197 0 3.25 3.25 
9687 6477 56 57 77 63 197 0 3.25 3.25 
9859 6477 56 57 77 63 197 20 3.26 3.25 
10031 6477 56 57 77 63 197 0 3.26 3.25 
10203 6477 56 57 77 63 197 0 3.26 3.25 
10375 6477 56 57 77 63 197 8 3.26 3.25 
10547 6477 56 57 77 63 197 0 3.26 3.25 
10719 6477 56 57 77 63 197 7 3.26 3.25 
10891 6477 56 57 77 63 197 10 3.26 3.25 
11063 6477 56 57 77 63 197 0 3.25 3.25 
11235 6477 56 57 77 63 197 0 3.26 3.25 
11407 6477 56 57 77 63 197 10 3.25 3.25 
11579 6477 56 57 77 63 197 7 3.25 3.25 
11751 6477 56 57 77 63 197 0 3.25 3.25 
11923 6477 56 57 77 63 197 9 3.25 3.25 
12095 6477 56 57 77 63 197 0 3.26 3.25 
12267 6477 56 57 77 63 197 0 3.26 3.25 
12439 6477 56 57 77 63 197 20 3.25 3.25 
12611 6477 56 57 77 63 197 0 3.25 3.25 
12783 6589 55 57 76 63 197 0 3.26 3.25 
12955 6589 55 57 76 63 197 3 3.25 3.25 
13127 6477 56 57 77 63 197 0 3.25 3.25 
13299 6477 56 57 77 63 197 7 3.25 3.25 
13471 6477 56 57 77 63 197 0 3.25 3.25 
13643 6477 56 57 77 63 197 0 3.26 3.25 
13815 6477 56 57 77 63 197 0 3.25 3.25 
13987 6477 56 57 77 63 197 0 3.25 3.25 
14159 6477 56 57 77 63 197 11 3.26 3.25 
14331 6477 56 57 77 63 197 0 3.25 3.25 
14503 6477 56 57 77 63 197 0 3.26 3.25 
14675 6477 56 57 77 63 197 0 3.25 3.25 
14847 6477 56 57 77 63 197 0 3.25 3.25 
15019 6477 56 57 77 63 197 7 3.25 3.25 
15191 6477 56 57 77 63 197 3 3.26 3.25 
15363 6477 56 57 77 63 197 0 3.25 3.25 
15535 6477 56 57 77 63 197 0 3.25 3.25 
15707 6477 56 57 77 63 197 5 3.25 3.25 
15879 6477 56 57 77 63 197 4 3.26 3.25 
16051 6477 56 57 77 63 197 0 3.25 3.25 
16223 6477 56 57 77 63 197 8 3.26 3.25 
16395 6477 56 57 77 63 197 0 3.25 3.25 
16567 6477 56 57 77 63 197 0 3.25 3.25 
16739 6477 56 57 77 63 197 25 3.26 3.25 
16911 6477 56 57 77 63 197 0 3.25 3.25 
17083 6477 56 57 77 63 197 0 3.26 3.25 
17255 6477 56 57 77 63 197 10 3.26 3.25 
17427 6477 56 57 77 63 197 0 3.25 3.25 
17599 6477 56 57 77 63 197 6 3.26 3.25 
17771 6477 56 57 77 63 197 10 3.26 3.25 
17943 6477 56 57 77 63 197 0 3.26 3.25 
18115 6477 56 57 77 63 197 0 3.25 3.25 
18287 6477 56 57 77 63 197 7 3.25 3.25 
18459 6477 56 57 77 63 197 7 3.25 3.25 
18631 6477 56 57 77 63 197 0 3.25 3.25 
18803 6589 55 57 76 63 197 2 3.25 3.25 
18975 6589 55 57 76 63 196 0 3.25 3.25 
19147 6589 55 57 76 63 196 0 3.25 3.25 
19319 6589 55 57 76 63 196 11 3.26 3.25 
19491 6589 55 57 76 63 196 0 3.25 3.25 
19663 6589 55 57 76 63 197 0 3.26 3.25 
19835 6589 55 57 76 63 196 0 3.25 3.25 
20007 6589 55 57 76 63 196 0 3.26 3.25 
20179 6589 55 57 76 63 196 5 3.25 3.25 
20351 6589 55 57 76 63 196 0 3.26 3.25 
20523 6589 55 57 76 63 196 1 3.25 3.25 
20695 6589 55 57 76 63 197 0 3.25 3.25 
20867 6589 55 57 76 63 197 0 3.25 3.25 
21039 6589 55 57 76 63 197 17 3.25 3.25 
21211 6589 55 57 76 63 197 0 3.26 3.25 
21383 6589 55 57 76 63 197 0 3.25 3.25 
21555 6589 55 57 76 63 197 6 3.25 3.25 
21727 6477 56 57 77 63 197 0 3.25 3.25 
21899 6477 56 57 77 63 197 7 3.26 3.25 
22071 6589 55 57 76 63 197 8 3.26 3.25 
22243 6589 55 57 76 63 197 0 3.25 3.25 
22415 6589 55 57 76 63 197 0 3.26 3.25 
22587 6589 55 57 76 63 196 9 3.25 3.25 
22759 6589 55 57 76 63 196 7 3.25 3.25 
22931 6589 55 57 76 63 197 0 3.26 3.25 
23103 6589 55 57 76 63 197 9 3.25 3.25 
23275 6589 55 57 76 63 197 0 3.25 3.25 
23447 6589 55 57 76 63 197 0 3.25 3.25 
23619 6589 55 57 76 63 197 22 3.25 3.25 
23791 6589 55 57 76 63 197 0 3.26 3.25 
23963 6589 55 57 76 63 196 0 3.26 3.25 
24135 6589 55 57 76 63 196 11 3.26 3.25 
24307 6393 56 57 76 62 196 0 3.25 3.25 
24479 6393 56 57 76 62 196 6 3.25 3.25 
24651 6393 56 57 76 62 196 2 3.25 3.25 
24823 6393 56 57 76 62 196 0 3.25 3.25 
24995 6589 55 57 76 63 196 0 3.26 3.25 
25167 6589 55 57 76 63 196 0 3.25 3.25 
25339 6589 55 57 76 63 196 10 3.25 3.25 
25511 6589 55 57 76 63 196 0 3.26 3.25 
25683 6589 55 57 76 63 196 0 3.25 3.25 
25855 6589 55 57 76 63 196 0 3.25 3.25 
26027 6393 56 57 76 62 196 0 3.26 3.25 
26199 6393 56 57 76 62 196 7 3.26 3.25 
26371 6589 55 57 76 63 196 0 3.25 3.25 
26543 6589 55 57 76 63 196 0 3.25 3.25 
26715 6589 55 57 76 63 196 0 3.26 3.25 
26887 6589 55 57 76 63 196 2 3.25 3.25 
27059 6589 55 57 76 63 196 4 3.26 3.25 
27231 6589 55 57 76 63 196 0 3.25 3.25 
27403 6589 55 57 76 63 196 4 3.25 3.25 
27575 6589 55 57 76 63 196 0 3.26 3.25 
27747 6589 55 57 76 63 196 0 3.26 3.25 
27919 6589 55 57 76 63 196 20 3.25 3.25 
28091 6589 55 57 76 63 196 0 3.26 3.25 
28263 6589 55 57 76 63 196 0 3.26 3.25 
28435 6477 56 57 77 63 197 8 3.26 3.25 
28607 6477 56 57 77 63 199 0 3.25 3.25 
28779 6477 56 57 77 63 198 7 3.26 3.25 
28951 5009 40 53 57 44 153 10 3.26 3.25 
29123 3727 34 62 53 39 154 0 3.26 3.25 
29295 3065 34 77 57 42 174 0 3.25 3.25 
29467 3074 36 79 59 43 179 9 3.25 3.25 
29639 3247 36 79 60 45 182 6 3.26 3.25 
29811 3241 38 86 65 49 198 0 3.25 3.25 
29983 3371 40 87 67 51 202 8 3.26 3.25 
30155 3106 34 78 58 43 177 0 3.25 3.25 
30327 3065 34 77 57 42 173 0 3.26 3.25 
30499 3108 33 73 55 40 166 21 3.25 3.25 
30671 3508 38 64 55 38 158 0 3.25 3.25 
30843 3432 36 65 54 38 157 0 3.26 3.25 
31015 3533 38 62 54 37 153 4 3.25 3.25 
31187 3507 36 56 50 33 140 0 3.25 3.25 
31359 3507 36 56 50 33 140 5 3.26 3.25 
31531 3507 36 56 50 33 140 2 3.25 3.25 
31703 3507 36 56 50 33 140 0 3.25 3.25 
31875 3507 36 56 50 33 140 0 3.25 3.25 
32047 3507 36 56 50 33 140 0 3.25 3.25 
32219 3507 36 56 50 33 140 8 3.25 3.25 
32391 3507 36 56 50 33 140 0 3.25 3.25 
32563 3507 36 56 50 33 140 0 3.25 3.25 
32735 3507 36 56 50 33 140 0 3.26 3.25 
32907 3507 36 56 50 33 140 0 3.25 3.25 
33079 3507 36 56 50 33 140 7 3.26 3.25 
33251 3507 36 56 50 33 140 0 3.25 3.25 
33423 3507 36 56 50 33 140 0 3.25 3.25 
33595 3507 36 56 50 33 140 0 3.26 3.25 
33767 3507 36 56 50 33 140 0 3.26 3.25 
33939 3507 36 56 50 33 140 5 3.25 3.25 
34111 3443 36 57 50 33 140 0 3.25 49.78 
34285 3507 36 56 50 33 140 0 3.25 3.25 
34457 3443 36 57 50 33 140 0 3.26 3.25 
34629 3443 36 57 50 33 140 0 3.25 3.25 
34801 3443 36 57 50 33 140 0 3.26 3.25 
34973 3443 36 57 50 33 140 0 3.25 3.25 
35145 3443 36 57 50 33 140 0 3.26 49.78 
35319 3507 36 56 50 33 140 0 3.25 4.52 
35491 3443 36 57 50 33 140 0 3.25 49.79 
35665 3443 36 57 50 33 140 0 3.26 3.25 
35837 3443 36 57 50 33 140 0 3.25 3.25 
36009 3443 36 57 50 33 140 0 3.25 3.25 
36181 3443 36 57 50 33 140 5 3.25 3.25 
36353 3443 36 57 50 33 140 0 3.26 4.52 
36525 3443 36 57 50 33 140 0 3.26 3.25 
36697 3443 36 57 50 33 140 7 3.25 3.25 
36869 3443 36 57 50 33 140 0 3.25 3.25 
37041 3443 36 57 50 33 140 0 3.26 3.25 
37213 3443 36 57 50 33 140 8 3.26 3.25 
37385 3443 36 57 50 33 140 0 3.25 3.25 
37557 3443 36 57 50 33 140 0 3.25 3.25 
37729 3443 36 57 50 33 140 8 3.26 3.25 
37901 3443 36 57 50 33 140 0 3.26 3.25 
38073 3443 36 57 50 33 140 0 3.26 3.25 
38245 3443 36 57 50 33 140 8 3.25 3.25 
38417 3443 36 57 50 33 140 0 3.25 4.52 
38589 3443 36 57 50 33 140 0 3.25 3.25 
38761 3443 36 57 50 33 140 7 3.26 3.25 
38933 3443 36 57 50 33 140 0 3.25 3.25 
39105 3443 36 57 50 33 140 0 3.26 3.25 
39277 3443 36 57 50 33 140 6 3.25 3.25 
39449 3443 36 57 50 33 140 0 3.26 3.25 
39621 3443 36 57 50 33 140 0 3.25 3.25 
39793 3443 36 57 50 33 140 4 3.25 3.25 
39965 3443 36 57 50 33 140 0 3.25 3.25 
40137 3443 36 57 50 33 140 0 3.25 4.52 
40309 3443 36 57 50 33 140 2 3.25 3.25 
40481 3443 36 57 50 33 140 0 3.25 3.25 
40653 3443 36 57 50 33 140 0 3.25 3.25 
40825 3443 36 57 50 33 140 0 3.26 3.25 
40997 3443 36 57 50 33 140 0 3.26 3.25 
41169 3443 36 57 50 33 140 0 3.25 3.25 
41341 3443 36 57 50 33 140 0 3.26 3.25 
41513 3443 36 57 50 33 140 0 3.25 3.25 
41685 3443 36 57 50 33 140 0 3.25 3.25 
41857 3443 36 57 50 33 140 0 3.26 3.25 
42029 3443 36 57 50 33 140 0 3.26 3.25 
42201 3443 36 57 50 33 140 0 3.26 49.78 
42375 3443 36 57 50 33 140 5 3.26 4.52 
42547 3443 36 57 50 33 140 0 3.26 3.25 
42719 3443 36 57 50 33 140 6 3.26 4.52 
42891 3443 36 57 50 33 140 6 3.25 3.25 
43063 3443 36 57 50 33 140 0 3.25 4.54 
43235 3443 36 57 50 33 140 0 3.26 3.25 
43407 3443 36 57 50 33 140 4 3.25 16.75 
43579 3443 36 57 50 33 140 0 3.26 3.25 
43751 3443 36 57 50 33 140 0 3.26 3.25 
43923 3443 36 57 50 33 140 2 3.26 3.25 
44095 3443 36 57 50 33 140 0 3.25 4.52 
44267 3443 36 57 50 33 140 0 3.25 3.25 
44439 3443 36 57 50 33 140 15 3.26 4.52 
44611 3443 36 57 50 33 140 0 3.26 3.25 
44783 3443 36 57 50 33 141 0 3.26 3.25 
44955 3443 36 57 50 33 141 0 3.25 3.25 
45127 3443 36 57 50 33 141 0 3.25 4.54 
45299 3443 36 57 50 33 141 5 3.25 49.44 
45473 3443 36 57 50 33 141 6 3.26 4.52 
45645 3443 36 57 50 33 141 0 3.25 4.52 
45817 3457 37 57 51 33 141 0 3.26 4.54 
45989 3457 37 57 51 33 141 8 3.26 4.52 
46161 3457 37 57 51 33 141 0 3.25 4.52 
46333 3457 37 57 51 33 141 0 3.26 4.52 
46505 3457 37 57 51 33 141 7 3.25 4.52 
46677 3457 37 57 51 33 141 0 3.25 4.52 
46849 3457 37 57 51 33 141 0 3.25 3.25 
47021 3457 37 57 51 33 141 5 3.25 4.52 
47193 3457 37 57 51 33 141 0 3.25 4.52 
47365 3482 36 58 51 34 143 0 3.25 4.52 
47537 3482 36 58 51 34 144 5 3.25 4.52 
47709 3482 36 58 51 34 144 0 3.26 4.52 
47881 3482 36 58 51 34 144 0 3.25 4.54 
48053 3482 36 58 51 34 144 3 3.25 4.54 
48225 3482 36 58 51 34 144 0 3.25 4.52 
48397 3482 36 58 51 34 144 0 3.26 3.25 
48569 3482 36 58 51 34 144 1 3.25 4.52 
48741 3482 36 58 51 34 144 0 3.25 4.52 
48913 3482 36 58 51 34 144 0 3.26 48.94 
49087 3482 36 58 51 34 144 5 3.25 47.40 
49261 3433 38 59 52 34 145 0 3.26 43.42 
49435 3299 55 84 74 46 204 2 3.26 38.35 
49609 3504 47 73 65 43 181 0 3.26 3.25 
49781 3940 49 74 69 49 192 0 3.26 36.77 
49955 3851 35 76 61 49 184 0 3.25 4.54 
50127 3739 30 79 59 50 185 0 3.25 3.25 
50299 3612 29 82 59 51 190 7 3.25 3.25 
50471 3748 28 82 59 52 191 0 3.26 37.23 
50645 3576 29 84 60 52 193 0 3.25 39.51 
50819 3560 28 81 58 50 185 21 3.25 36.07 
50992 3473 28 82 58 50 186 0 3.25 3.25 
51164 3635 38 98 73 61 229 0 3.25 35.63 
51337 3681 35 94 69 59 219 0 3.25 4.52 
51509 3657 36 96 71 60 224 0 3.25 4.54 
51681 3618 28 85 60 53 196 0 3.25 36.11 
51854 3474 27 85 59 52 194 0 3.26 35.85 
52027 3439 28 84 59 51 193 0 3.25 4.52 
52199 4220 31 61 52 42 153 17 3.25 36.75 
52373 4401 32 59 52 42 153 0 3.25 37.23 
52547 4737 30 58 51 43 152 0 3.25 4.52 
52719 4737 30 58 51 43 152 11 3.25 3.25 
52891 4737 30 58 51 43 152 0 3.26 3.25 
53063 4737 30 58 51 43 153 0 3.26 3.25 
53235 4737 30 58 51 43 153 1 3.25 3.25 
53407 4737 30 58 51 43 153 0 3.25 3.25 
53579 4737 30 58 51 43 153 7 3.25 3.25 
53751 4737 30 58 51 43 152 0 3.26 32.83 
53924 4737 30 58 51 43 152 0 3.25 36.09 
54097 4737 30 58 51 43 152 5 3.25 33.61 
54270 4737 30 58 51 43 152 0 3.26 36.07 
54443 4737 30 58 51 43 152 0 3.26 33.61 
54616 4737 30 58 51 43 152 0 3.26 36.09 
54789 4737 30 58 51 43 152 0 3.25 33.61 
54962 4737 30 58 51 43 153 0 3.25 36.09 
55135 4737 30 58 51 43 152 0 3.25 33.61 
55308 4737 30 58 51 43 152 0 3.25 34.88 
55481 4737 30 58 51 43 153 2 3.26 33.61 
55654 4737 30 58 51 43 152 0 3.26 36.07 
55827 4737 30 58 51 43 152 0 3.26 32.83 
56000 4737 30 58 51 43 152 0 3.25 36.07 
56173 4737 30 58 51 43 152 0 3.26 33.59 
56346 4737 30 58 51 43 152 7 3.25 35.65 
56519 4737 30 58 51 43 152 0 3.26 34.88 
56692 4737 30 58 51 43 152 0 3.26 36.07 
56865 4737 30 58 51 43 152 0 3.26 32.83 
57038 4737 30 58 51 43 152 0 3.25 34.88 
57211 4737 30 58 51 43 152 6 3.26 32.83 
57384 4737 30 58 51 43 152 0 3.26 33.61 
57557 4737 30 58 51 43 152 0 3.26 32.32 
57730 4737 30 58 51 43 152 0 3.26 33.61 
57903 4737 30 58 51 43 152 0 3.26 15.81 
58075 4873 32 56 52 43 150 0 3.26 15.81 
58247 4726 32 54 51 41 145 0 3.26 15.81 
58419 4544 33 54 51 40 145 0 3.25 15.81 
58591 4544 33 54 51 40 145 0 3.26 17.71 
58763 4544 33 54 51 40 145 0 3.25 36.99 
58937 4216 30 58 50 40 147 0 3.26 35.41 
59110 3842 28 59 48 38 144 7 3.26 33.88 
59283 3842 28 59 48 38 144 0 3.26 34.63 
59456 5548 36 56 57 48 161 0 3.26 42.23 
59630 5642 36 55 57 48 158 0 3.26 35.85 
59803 5256 36 54 55 45 155 0 3.26 16.44 
59975 5256 36 54 55 45 154 6 3.26 16.44 
60147 5256 36 54 55 45 154 0 3.25 16.42 
60319 5256 36 54 55 45 154 0 3.25 16.44 
60491 5256 36 54 55 45 154 3 3.25 16.42 
60663 5256 36 54 55 45 154 0 3.25 3.25 
60835 5256 36 54 55 45 154 0 3.26 3.25 
61007 5256 36 54 55 45 154 0 3.25 3.25 
61179 5256 36 54 55 45 154 8 3.26 3.25 
61351 5256 36 54 55 45 154 0 3.25 3.25 
61523 5256 36 54 55 45 154 0 3.26 3.25 
61695 5256 36 54 55 45 154 0 3.25 3.25 
61867 5256 36 54 55 45 154 0 3.26 3.25 
62039 5256 36 54 55 45 154 7 3.26 3.25 
62211 5256 36 54 55 45 154 0 3.26 3.25 
62383 5256 36 54 55 45 154 0 3.25 3.25 
62555 5256 36 54 55 45 154 0 3.26 3.25 
62727 5013 33 56 53 44 153 0 3.25 3.25 
62899 3328 29 84 59 50 191 5 3.25 3.25 
63071 4324 27 86 62 58 204 0 3.25 3.25 
63243 4423 26 87 62 59 205 0 3.26 3.25 
63415 4423 26 87 62 59 205 0 3.25 3.25 
63587 4423 26 87 62 59 205 0 3.25 3.25 
63759 4379 28 87 63 59 205 15 3.25 3.25 
63931 4379 28 87 63 59 205 0 3.25 3.25 
64103 4379 28 87 63 59 205 0 3.25 3.25 
64275 4379 28 87 63 59 205 3 3.26 3.25 
64447 4379 28 87 63 59 205 0 3.25 3.25 
64619 4379 28 87 63 59 205 7 3.25 3.25 
64791 4379 28 87 63 59 205 5 3.25 3.25 
64963 4379 28 87 63 59 206 0 3.25 3.25 
65135 4379 28 87 63 59 206 0 3.25 3.25 
65307 4379 28 87 63 59 206 6 3.25 3.25 
65479 4379 28 87 63 59 205 5 3.25 3.25 
65651 4379 28 87 63 59 205 0 3.26 3.25 
65823 4379 28 87 63 59 205 7 3.26 3.25 
65995 4379 28 87 63 59 205 0 3.25 3.25 
66167 4379 28 87 63 59 205 0 3.25 39.73 
66341 4379 28 87 63 59 205 0 3.26 39.73 
66515 4379 28 87 63 59 205 0 3.25 52.29 
66689 4379 28 87 63 59 205 4 3.25 40.17 
66863 4379 28 87 63 59 205 0 3.26 40.17 
67037 4379 28 87 63 59 205 0 3.25 39.73 
67211 4379 28 87 63 59 205 0 3.25 39.73 
67385 4379 28 87 63 59 205 0 3.26 36.75 
67559 4379 28 87 63 59 206 0 3.26 36.75 
67733 4379 28 87 63 59 205 0 3.25 39.73 
67907 4379 28 87 63 59 206 0 3.25 39.29 
68081 4379 28 87 63 59 206 0 3.26 36.75 
68255 4379 28 87 63 59 206 8 3.26 39.73 
68429 4379 28 87 63 59 206 0 3.25 36.33 
68602 4379 28 87 63 59 206 0 3.25 39.73 
68776 4379 28 87 63 59 206 0 3.25 39.71 
68950 4379 28 87 63 59 206 0 3.26 36.75 
69124 4379 28 87 63 59 206 0 3.26 39.73 
69298 4379 28 87 63 59 206 0 3.26 40.19 
69472 4379 28 87 63 59 206 2 3.25 18.02 
69644 4379 28 87 63 59 206 0 3.25 16.75 
69816 4379 28 87 63 59 206 0 3.25 16.75 
69988 4379 28 87 63 59 205 2 3.25 48.18 
70162 4379 28 87 63 59 206 0 3.25 40.63 
70336 4379 28 87 63 59 205 4 3.26 40.63 
70510 4379 28 87 63 59 205 0 3.25 40.19 
70684 4379 28 87 63 59 206 0 3.25 40.65 
70858 4379 28 87 63 59 206 0 3.25 40.63 
71032 4379 28 87 63 59 206 0 3.26 40.19 
71206 4379 28 87 63 59 206 0 3.26 15.81 
71378 4379 28 87 63 59 205 0 3.25 48.93 
71552 4379 28 87 63 59 205 5 3.25 15.79 
71724 4379 28 87 63 59 205 0 3.25 48.93 
71898 4379 28 87 63 59 205 0 3.25 15.81 
72070 4379 28 87 63 59 205 3 3.26 48.93 
72244 4379 28 87 63 59 205 0 3.25 40.17 
72418 4379 28 87 63 59 205 2 3.25 48.93 
72592 4379 28 87 63 59 205 0 3.25 40.63 
72766 4379 28 87 63 59 205 0 3.25 48.94 
72940 4379 28 87 63 59 205 0 3.25 40.63 
73114 4379 28 87 63 59 205 0 3.25 48.94 
73288 4379 28 87 63 59 205 0 3.25 40.63 
73462 4379 28 87 63 59 205 0 3.26 16.12 
73634 4379 28 87 63 59 205 9 3.25 37.23 
73808 4379 28 87 63 59 205 0 3.26 37.67 
73982 4379 28 87 63 59 205 0 3.25 16.12 
74154 4379 28 87 63 59 205 0 3.26 16.12 
74326 4379 28 87 63 59 205 0 3.26 16.12 
74498 4379 28 87 63 59 205 0 3.26 17.37 
74670 4379 28 87 63 59 205 0 3.25 16.44 
74842 4379 28 87 63 59 205 0 3.26 16.44 
75014 4379 28 87 63 59 205 0 3.26 17.39 
75186 4379 28 87 63 59 205 0 3.25 16.44 
75358 4379 28 87 63 59 205 0 3.26 16.12 
75530 4379 28 87 63 59 205 0 3.25 16.12 
75702 4379 28 87 63 59 206 0 3.26 16.12 
75874 4379 28 87 63 59 205 0 3.25 15.81 
76046 4379 28 87 63 59 206 0 3.25 38.13 
76220 4379 28 87 63 59 206 0 3.25 52.80 
76394 4379 28 87 63 59 205 0 3.26 55.79 
76569 4379 28 87 63 59 205 0 3.25 37.67 
76743 4187 28 87 63 58 205 0 3.26 29.50 
76916 5104 36 65 60 51 175 9 3.25 36.07 
77089 7201 38 53 61 55 170 0 3.25 22.41 
77262 2779 36 90 63 46 197 0 3.26 35.39 
77435 3514 65 89 84 52 226 0 3.26 52.82 
77609 3611 83 97 100 58 257 0 3.26 22.69 
77782 3688 72 86 88 53 228 8 3.26 16.44 
77954 5494 34 59 57 49 165 0 3.25 4.52 
78126 9513 32 71 67 69 207 0 3.25 39.51 
78300 11404 28 65 62 66 193 1 3.26 3.25 
78472 11161 31 70 67 71 208 0 3.26 27.00 
78645 8905 30 67 63 64 194 0 3.25 27.86 
78818 6220 32 60 57 52 170 0 3.25 27.86 
78991 6220 32 60 57 52 170 0 3.25 27.86 
79164 6220 32 60 57 52 170 8 3.26 28.71 
79337 6220 32 60 57 52 170 0 3.25 28.71 
79510 6220 32 60 57 52 170 0 3.25 28.71 
79683 6220 32 60 57 52 170 0 3.25 31.55 
79856 6220 32 60 57 52 170 0 3.25 35.41 
80029 6220 32 60 57 52 170 6 3.25 29.22 
80202 6220 32 60 57 52 170 0 3.26 29.22 
80375 6220 32 60 57 52 170 0 3.25 29.22 
80548 6220 32 60 57 52 170 2 3.25 3.25 
80720 6814 30 61 57 54 173 0 3.25 3.25 
80892 12716 26 62 59 64 186 0 3.25 24.14 
81065 11459 27 64 61 65 190 0 3.25 55.64 
81240 3904 89 112 114 74 301 0 3.26 57.73 
81415 3537 84 106 104 62 273 0 3.26 35.39 
81588 2668 33 88 60 44 190 0 3.25 35.62 
81761 9150 47 62 77 74 213 5 3.25 41.55 
81935 3694 27 81 58 51 187 0 3.25 48.94 
82109 3968 51 78 73 52 204 0 3.25 3.25 
82281 3094 71 101 89 50 241 0 3.25 48.93 
82455 3319 44 67 59 37 164 0 3.25 45.61 
82629 3120 65 95 83 48 226 4 3.25 35.63 
82802 3080 69 101 88 50 239 0 3.25 56.22 
82977 3204 62 90 80 47 218 0 3.25 47.38 
83151 3966 56 84 79 56 220 0 3.25 53.48 
83325 4078 75 111 106 76 294 0 3.25 50.80 
83499 4077 78 117 111 80 310 0 3.25 16.12 
83671 4038 63 96 90 65 250 0 3.25 4.52 
83843 4011 62 92 87 62 240 3 3.25 49.93 
84017 3910 48 73 68 48 189 0 3.25 3.25 
84189 3945 52 80 74 53 205 0 3.26 52.16 
84363 3996 52 79 74 53 205 0 3.25 16.76 
84535 3952 43 71 64 47 181 0 3.26 3.25 
84707 3959 41 71 63 47 181 0 3.26 16.42 
84879 3764 29 63 50 40 153 0 3.26 3.25 
85051 3816 28 64 50 41 156 0 3.25 17.07 
85223 3694 27 70 52 44 165 0 3.25 16.12 
85395 3562 27 73 53 45 171 0 3.25 16.12 
85567 3709 27 73 54 46 173 0 3.26 16.12 
85739 3709 27 73 54 46 172 0 3.26 48.93 
85913 3709 27 73 54 46 172 0 3.25 4.52 
86085 3709 27 73 54 46 172 0 3.25 3.25 
86257 3709 27 73 54 46 172 0 3.25 3.25 
86429 3709 27 73 54 46 173 0 3.25 3.25 
86601 3709 27 73 54 46 173 0 3.26 16.12 
86773 3709 27 73 54 46 173 0 3.25 3.25 
86945 3709 27 73 54 46 172 0 3.26 3.25 
117 3709 27 73 54 46 172 0 3.25 15.81 
87289 3709 27 73 54 46 172 0 3.26 3.25 
87461 3709 27 73 54 46 172 0 3.26 15.79 
87633 3709 27 73 54 46 172 0 3.25 15.81 
87805 3709 27 73 54 46 172 0 3.26 15.81 
87977 3709 27 73 54 46 172 0 3.25 15.81 
88149 3709 27 73 54 46 172 0 3.25 16.12 
88321 3709 27 73 54 46 172 0 3.25 15.79 
88493 3709 27 73 54 46 172 0 3.25 15.81 
88665 3709 27 73 54 46 172 0 3.25 15.79 
88837 3709 27 73 54 46 172 0 3.25 16.12 
89009 3709 27 73 54 46 172 0 3.25 16.12 
89181 3709 27 73 54 46 172 0 3.25 16.12 
89353 3709 27 73 54 46 172 0 3.26 3.25 
89525 3709 27 73 54 46 172 5 3.25 3.25 
89697 3709 27 73 54 46 172 0 3.25 15.79 
89869 3709 27 73 54 46 173 0 3.25 15.79 
90041 3709 27 73 54 46 173 3 3.25 16.12 
90213 3709 27 73 54 46 173 0 3.25 16.12 
90385 3709 27 73 54 46 173 0 3.25 15.81 
90557 3709 27 73 54 46 173 5 3.26 49.25 
90731 3709 27 73 54 46 173 0 3.25 50.95 
90905 3709 27 73 54 46 172 1 3.25 15.81 
91077 3709 27 73 54 46 172 0 3.25 15.79 
91249 3709 27 73 54 46 172 0 3.26 15.81 
91421 3709 27 73 54 46 172 1 3.25 16.12 
91593 3709 27 73 54 46 172 0 3.26 16.12 
91765 3709 27 73 54 46 172 0 3.26 55.64 
91940 3709 27 73 54 46 172 4 3.26 45.39 
92114 3709 27 73 54 46 172 0 3.25 16.10 
92286 3709 27 73 54 46 172 0 3.26 16.12 
92458 3709 27 73 54 46 172 0 3.25 16.12 
92630 3709 27 73 54 46 172 0 3.25 16.12 
92802 3709 27 73 54 46 172 0 3.26 16.12 
92974 3709 27 73 54 46 172 0 3.25 16.12 
93146 3709 27 73 54 46 173 0 3.26 15.79 
93318 3709 27 73 54 46 173 0 3.26 15.81 
93490 3709 27 73 54 46 173 0 3.26 16.12 
93662 3709 27 73 54 46 173 0 3.25 16.12 
93834 3709 27 73 54 46 173 0 3.26 16.12 
94006 3709 27 73 54 46 173 2 3.25 16.12 
94178 3709 27 73 54 46 173 0 3.26 16.12 
94350 3709 27 73 54 46 173 0 3.26 16.12 
94522 3709 27 73 54 46 173 3 3.26 16.12 
94694 3709 27 73 54 46 173 0 3.26 16.44 
94866 3709 27 73 54 46 173 0 3.25 14.47 
95038 3709 27 73 54 46 173 6 3.26 14.45 
95210 3709 27 73 54 46 173 0 3.25 14.45 
95382 3709 27 73 54 46 173 0 3.25 14.47 
95554 3709 27 73 54 46 173 7 3.25 14.47 
95726 3709 27 73 54 46 173 0 3.26 14.45 
95898 3709 27 73 54 46 173 0 3.25 14.45 
96070 3709 27 73 54 46 173 7 3.25 14.47 
96242 3709 27 73 54 46 172 0 3.25 14.13 
96414 3709 27 73 54 46 172 0 3.26 45.80 
96588 3709 27 73 54 46 172 3 3.25 14.13 
96760 3709 27 73 54 46 172 0 3.25 14.79 
96932 3655 27 72 53 45 171 0 3.25 46.97 
97106 3655 27 72 53 45 171 0 3.26 46.99 
97280 3802 28 72 54 46 172 0 3.25 47.79 
97454 3709 27 73 54 46 172 5 3.26 47.40 
97628 3709 27 73 54 46 172 0 3.25 45.41 
97802 3709 27 73 54 46 172 0 3.25 39.27 
97976 3704 26 73 53 46 172 0 3.25 33.59 
98149 3621 35 98 71 61 229 0 3.26 3.25 
98321 3531 25 81 56 50 186 6 3.25 15.81 
98493 3998 86 128 121 86 336 0 3.25 15.49 
98665 4076 96 137 133 94 367 0 3.25 42.42 
98839 4080 81 115 112 79 310 10 3.26 16.12 
99011 3653 91 132 123 81 341 0 3.26 44.81 
99185 3826 94 135 128 87 354 1 3.25 16.12 
99357 4039 125 181 174 123 482 0 3.25 35.63 
99530 3602 38 111 79 69 258 0 3.26 19.60 
99702 3567 26 123 78 77 275 9 3.25 16.76 
99874 8136 84 105 131 121 359 0 3.26 15.79 
100046 8806 105 124 163 153 442 0 3.25 22.12 
100219 7932 96 117 148 135 401 21 3.25 21.18 
100392 8195 98 119 152 140 412 0 3.25 34.12 
100565 8078 99 118 152 139 411 0 3.25 22.98 
100738 8192 98 118 151 139 411 0 3.26 22.12 
100911 8192 98 118 151 139 411 0 3.25 34.14 
101084 8192 98 118 151 139 411 2 3.25 22.98 
101257 8192 98 118 151 139 410 0 3.25 34.12 
101430 8192 98 118 151 139 410 0 3.26 22.12 
101603 8192 98 118 151 139 410 7 3.25 16.44 
101775 8192 98 118 151 139 410 0 3.26 22.98 
101948 8192 98 118 151 139 410 0 3.26 22.98 
102121 8192 98 118 151 139 410 0 3.26 44.79 
102295 8192 98 118 151 139 410 0 3.25 35.39 
102468 8238 99 118 152 140 411 8 3.26 44.40 
102642 8449 98 117 152 141 412 0 3.25 3.25 
102814 8509 76 101 123 116 342 0 3.25 48.77 
102988 2827 20 115 68 68 248 0 3.25 55.64 
103163 3867 71 150 121 97 368 0 3.25 49.78 
103337 3539 105 152 140 90 386 0 3.26 52.80 
103511 2641 115 168 137 63 372 0 3.26 55.64 
103686 2307 30 108 66 53 223 5 3.25 36.31 
103859 4335 41 64 61 46 171 0 3.26 47.79 
104033 4323 39 60 57 43 160 0 3.25 49.10 
104207 2979 36 89 64 48 199 0 3.26 3.25 
104379 2553 36 111 72 56 235 6 3.26 35.39 
104552 2596 34 98 65 49 209 4 3.25 38.57 
104726 3182 49 73 64 38 177 0 3.26 43.79 
104900 3019 60 86 75 41 204 0 3.26 53.48 
105074 3031 60 84 74 40 201 0 3.26 3.25 
105246 2812 79 112 95 47 255 0 3.26 46.38 
105420 2824 93 131 112 55 260 0 3.25 49.61 
105594 2850 91 125 108 53 290 0 3.25 42.24 
105768 2710 120 170 142 66 381 7 3.25 41.09 
105942 2724 120 169 142 66 379 0 3.26 44.18 
106116 2715 117 163 137 63 363 0 3.26 49.10 
106290 2732 118 167 140 66 374 0 3.26 44.01 
106464 2724 120 169 142 66 378 0 3.26 48.93 
106638 2713 119 169 141 66 378 0 3.26 48.18 
106812 2762 97 138 116 56 313 0 3.26 47.19 
106986 3091 69 99 87 49 236 0 3.25 48.76 
107160 3157 68 98 87 50 236 0 3.25 18.33 
107332 2823 87 125 106 53 287 0 3.25 15.81 
107504 2699 119 170 141 66 381 0 3.26 16.12 
107676 2740 115 165 138 66 370 0 3.26 31.02 
107849 2715 116 164 137 64 366 0 3.25 36.07 
108022 2693 110 158 131 61 352 0 3.25 30.00 
108195 2706 103 150 124 59 335 0 3.26 35.39 
108368 2689 103 151 124 59 335 4 3.26 36.29 
108541 2986 72 112 94 54 263 0 3.25 48.93 
108715 3060 70 110 93 55 261 0 3.25 50.61 
108889 2929 40 90 66 47 202 0 3.25 48.57 
109063 2636 33 99 65 51 213 0 3.25 16.12 
109235 2784 33 99 66 53 215 3 3.25 49.59 
109409 2971 41 83 63 43 190 0 3.26 15.81 
109581 3066 52 85 71 43 199 0 3.26 15.81 
109753 3179 53 85 72 45 202 0 3.25 15.81 
109925 3162 51 85 71 45 202 0 3.26 15.81 
110097 3179 53 85 72 45 202 0 3.25 15.79 
110269 3162 51 85 71 45 202 0 3.25 15.79 
110441 3162 51 85 71 45 202 0 3.25 15.81 
110613 3162 51 85 71 45 202 0 3.26 12.77 
110785 3162 51 85 71 45 202 1 3.25 14.47 
110957 3162 51 85 71 45 202 0 3.25 12.77 
111129 3162 51 85 71 45 202 0 3.26 14.47 
111301 3162 51 85 71 45 202 3 3.25 14.47 
111473 3162 51 85 71 45 202 0 3.25 14.47 
111645 3162 51 85 71 45 202 0 3.26 12.78 
111817 3162 51 85 71 45 202 6 3.25 14.47 
111989 3162 51 85 71 45 202 0 3.26 14.47 
112161 3162 51 85 71 45 202 0 3.25 14.47 
112333 3162 51 85 71 45 202 7 3.25 14.47 
112505 3203 51 84 71 45 202 0 3.26 15.81 
112677 3203 51 84 71 45 201 0 3.25 14.47 
112849 3230 50 83 70 45 199 8 3.25 13.11 
113021 3203 51 84 71 45 200 0 3.26 16.12 
113193 3202 50 82 69 44 196 0 3.25 15.81 
113365 3177 51 83 70 44 197 7 3.25 55.93 
113540 3202 50 82 69 44 196 0 3.25 66.93 
113715 3177 51 83 70 44 198 3 3.26 51.61 
113889 3230 50 83 70 45 198 0 3.26 52.48 
114063 3230 50 83 70 45 199 0 3.26 9.74 
114235 3230 50 83 70 45 200 0 3.26 79.05 
114411 3230 50 83 70 45 199 0 3.25 15.81 
114583 3177 51 83 70 44 198 3 3.25 15.81 
114755 3202 50 82 69 44 195 0 3.25 15.81 
114927 3229 48 81 68 44 194 0 3.25 15.81 
115099 3229 48 81 68 44 194 6 3.25 15.81 
115271 3174 49 81 68 43 194 0 3.26 55.64 
115446 3174 49 81 68 43 194 0 3.25 55.64 
115621 3185 48 82 68 44 195 0 3.25 16.12 
115793 3202 50 82 69 44 196 0 3.25 14.47 
115965 3202 50 82 69 44 197 8 3.25 14.47 
116137 3213 49 83 69 45 198 0 3.25 14.47 
116309 3230 50 83 70 45 199 0 3.26 14.47 
116481 3230 50 83 70 45 198 6 3.25 14.47 
116653 3230 50 83 70 45 199 0 3.25 15.81 
116825 3230 50 83 70 45 199 0 3.25 16.42 
116997 3230 50 83 70 45 200 7 3.25 16.42 
117169 3230 50 83 70 45 200 0 3.25 16.42 
117341 3187 50 84 70 45 200 0 3.25 16.42 
117513 3187 50 84 70 45 200 4 3.25 16.42 
117685 3187 50 84 70 45 200 0 3.25 16.44 
117857 3187 50 84 70 45 200 0 3.26 12.77 
118029 3187 50 84 70 45 200 0 3.26 16.12 
118201 3230 50 83 70 45 200 0 3.25 16.12 
118373 3230 50 83 70 45 198 0 3.26 16.12 
118545 3230 50 83 70 45 198 0 3.26 16.12 
118717 3230 50 83 70 45 199 0 3.25 48.18 
118891 3230 50 83 70 45 199 0 3.25 55.78 
119066 2837 77 113 95 49 258 0 3.25 15.81 
119238 2904 60 84 73 37 196 0 3.25 12.77 
119410 2982 55 76 67 35 179 0 3.25 55.64 
119585 3991 51 76 72 51 200 0 3.25 3.25 
119757 4079 66 101 95 69 266 0 3.26 55.64 
119932 3973 52 81 75 54 210 2 3.25 56.07 
120107 4000 53 82 76 55 213 0 3.26 51.29 
120281 4074 68 104 98 71 273 3 3.26 47.79 
120455 4046 73 109 103 74 288 0 3.25 41.55 
120629 3965 58 87 82 58 229 1 3.25 16.12 
120801 3037 73 104 91 50 246 0 3.26 16.12 
120973 2784 101 145 122 60 330 0 3.26 16.12 
121145 3096 56 79 70 39 189 4 3.26 16.12 
121317 4000 59 83 81 56 223 0 3.25 13.11 
121489 4109 88 129 124 89 344 0 3.25 55.66 
121664 4086 83 124 118 85 328 4 3.25 3.25 
121836 4057 66 100 94 68 262 0 3.26 16.12 
122008 4100 67 102 96 70 268 0 3.26 48.16 
122182 4084 64 98 92 67 258 0 3.25 45.78 
122356 4006 66 98 93 66 258 0 3.26 49.27 
122530 3719 87 120 115 75 319 4 3.25 42.81 
122704 3496 26 94 63 58 213 0 3.25 41.79 
122878 3259 22 102 64 62 226 0 3.25 31.55 
123051 3904 26 93 64 60 215 0 3.26 16.12 
123223 9774 67 85 110 107 304 0 3.25 18.33 
123395 9846 87 106 140 136 384 10 3.25 17.39 
123567 8501 101 120 156 145 424 0 3.25 3.25 
123739 8848 105 124 164 154 446 6 3.26 21.79 
123912 8595 104 124 162 151 440 8 3.25 20.86 
124085 8637 105 123 162 151 440 0 3.25 22.13 
124258 8637 105 123 162 151 440 0 3.25 30.77 
124431 8637 105 123 162 151 439 0 3.25 37.21 
124605 8637 105 123 162 151 439 0 3.25 29.99 
124778 8637 105 123 162 151 439 7 3.25 22.98 
124951 8637 105 123 162 151 439 0 3.25 30.79 
125124 8637 105 123 162 151 439 0 3.25 37.21 
125298 8637 105 123 162 151 439 0 3.25 32.06 
125471 8637 105 123 162 151 439 0 3.26 30.77 
125644 8637 105 123 162 151 439 7 3.25 30.00 
125817 8637 105 123 162 151 439 0 3.25 22.98 
125990 8637 105 123 162 151 439 0 3.25 16.12 
126162 8637 105 123 162 151 439 3 3.25 22.69 
126335 8848 105 124 164 154 444 0 3.25 25.84 
126508 8250 93 114 145 134 396 0 3.26 29.24 
126681 6654 55 88 92 83 264 0 3.26 49.32 
126855 3418 31 102 70 62 232 0 3.25 55.93 
127030 3495 32 101 70 62 229 0 3.26 15.81 
127202 3495 32 101 70 62 229 0 3.26 55.49 
127377 3495 32 101 70 62 229 3 3.25 15.81 
127549 3495 32 101 70 62 229 0 3.26 15.81 
127721 3495 32 101 70 62 229 0 3.26 61.06 
127896 3495 32 101 70 62 229 0 3.26 49.25 
128070 3495 32 101 70 62 229 0 3.25 15.81 
128242 3495 32 101 70 62 229 3 3.25 39.07 
128416 3495 32 101 70 62 229 0 3.25 15.81 
128588 3495 32 101 70 62 229 0 3.25 49.25 
128762 3495 32 101 70 62 229 0 3.25 17.07 
128934 3495 32 101 70 62 229 0 3.25 49.28 
129108 3495 32 101 70 62 229 0 3.26 17.07 
129280 3495 32 101 70 62 229 0 3.25 49.27 
129454 3495 32 101 70 62 229 0 3.25 15.81 
129626 3495 32 101 70 62 229 9 3.25 49.25 
129800 3495 32 101 70 62 229 0 3.26 15.81 
129972 3391 33 101 70 61 229 0 3.25 49.28 
130146 3391 33 101 70 61 229 0 3.25 15.81 
