=~=~=~=~=~=~=~=~=~=~=~= PuTTY log 2025.11.28 21:32:06 =~=~=~=~=~=~=~=~=~=~=~=
ets Jul 29 2019 12:21:46

rst:0x1 (POWERON_RESET),boot:0x13 (SPI_FAST_FLASH_BOOT)
configsip: 0, SPIWP:0xee
clk_drv:0x00,q_drv:0x00,d_drv:0x00,cs0_drv:0x00,hd_drv:0x00,wp_drv:0x00
mode:DIO, clock div:1
load:0x3fff0030,len:4980
load:0x40078000,len:16612
load:0x40080400,len:3480
entry 0x400805b4
Found sensor
Milis - ColorTemp - Lux - R - G - B - C - Pot - UsensA - UsensB

399 2631 109 162 131 61 357 0 4.86 2.28 
571 3056 67 98 85 48 232 0 4.86 2.28 
743 3193 64 94 83 49 227 0 4.86 2.28 
915 3193 64 94 83 49 228 0 4.86 2.28 
1087 3193 64 94 83 49 228 0 4.86 2.28 
1259 3193 64 94 83 49 228 4 4.86 2.28 
1431 3193 64 94 83 49 228 0 4.86 2.28 
1603 3193 64 94 83 49 228 29 4.84 2.28 
1775 3193 64 94 83 49 228 0 4.86 2.28 
1947 3193 64 94 83 49 228 0 4.84 2.28 
2119 3193 64 94 83 49 228 47 4.86 2.28 
2291 3193 64 94 83 49 228 0 4.86 2.28 
2463 3193 64 94 83 49 228 0 4.86 2.28 
2635 3193 64 94 83 49 228 33 4.86 2.28 
2807 3193 64 94 83 49 228 2 4.86 2.28 
2979 3193 64 94 83 49 228 7 4.86 2.28 
3151 3193 64 94 83 49 228 31 4.86 2.28 
3323 3193 64 94 83 49 228 6 4.86 2.28 
3495 3193 64 94 83 49 228 0 4.84 2.28 
3667 3193 64 94 83 49 228 26 4.84 2.28 
3839 3193 64 94 83 49 228 24 4.86 3.57 
4011 3031 68 101 87 49 239 0 4.86 3.57 
4183 2621 110 160 130 59 351 19 4.86 4.52 
4355 2640 112 163 133 61 358 11 4.86 4.84 
4527 2608 112 166 134 61 363 0 4.86 4.52 
4699 2610 121 176 143 64 386 29 4.86 4.52 
4871 2614 123 180 146 66 394 18 4.86 4.52 
5043 2614 123 180 146 66 394 0 4.86 10.08 
5215 2613 120 175 142 64 383 10 4.86 4.84 
5387 2595 118 172 139 62 376 23 4.86 3.57 
5559 2595 118 172 139 62 375 2 4.86 4.84 
5731 2595 118 172 139 62 375 0 4.86 3.57 
5903 2595 118 172 139 62 376 26 4.86 3.57 
6075 2595 118 172 139 62 376 0 4.86 3.57 
6247 2595 118 172 139 62 375 0 4.86 3.57 
6419 2595 118 172 139 62 375 54 4.86 3.57 
6591 2595 118 172 139 62 376 0 4.86 3.57 
6763 2595 118 172 139 62 376 0 4.86 3.57 
6935 2595 118 172 139 62 376 36 4.86 3.57 
7107 2607 119 172 140 62 376 0 4.84 3.57 
7279 2593 119 173 140 62 377 7 4.84 3.57 
7451 2593 119 173 140 62 377 36 4.86 3.57 
7623 2593 119 173 140 62 377 0 4.86 5.81 
7795 2593 119 173 140 62 377 0 4.84 3.25 
7967 2603 119 174 141 63 380 41 4.86 7.09 
8139 2610 121 176 143 64 385 17 4.86 5.81 
8311 2703 101 146 121 57 327 0 4.86 4.52 
8483 2886 62 93 78 42 216 37 4.86 3.57 
8655 2618 123 178 145 65 392 13 4.86 4.52 
8827 2607 127 183 149 66 402 0 4.86 4.52 
8999 2615 129 185 151 67 406 48 4.86 5.81 
9171 2618 129 183 150 66 403 17 4.86 5.81 
9343 2553 76 140 104 57 302 0 4.86 5.80 
9515 2432 29 101 63 51 212 18 4.86 5.81 
9687 5170 50 69 73 58 200 22 4.54 5.81 
9859 5204 52 69 75 59 204 2 4.86 5.81 
10031 6823 99 93 133 110 338 5 4.84 5.81 
10203 7256 113 101 152 128 384 27 4.86 5.81 
10375 7233 109 99 147 124 372 0 4.86 5.81 
10547 3032 36 97 68 54 216 0 4.84 5.81 
10719 2082 28 113 66 53 228 50 4.86 5.81 
10891 2148 28 112 66 54 229 0 5.81 5.80 
11063 2034 28 116 67 54 233 0 4.54 5.80 
11235 1993 26 112 64 52 224 39 4.86 5.80 
11407 2745 58 104 80 47 232 0 4.86 5.81 
11579 2733 93 133 111 53 299 7 4.86 4.54 
11751 2714 92 134 111 53 301 41 4.86 5.80 
11923 2616 124 179 146 65 395 0 4.86 4.52 
12095 2619 132 188 154 68 414 0 4.86 4.52 
12267 2609 130 188 153 68 414 43 4.86 4.52 
12439 2609 130 188 153 68 414 26 4.84 4.52 
12611 2609 130 188 153 68 414 0 4.86 4.54 
12783 2609 130 188 153 68 414 39 4.84 4.52 
12955 2619 132 188 154 68 414 16 4.86 4.52 
13127 2619 132 188 154 68 414 0 4.86 5.80 
13299 2619 132 188 154 68 414 45 4.86 4.52 
13471 2619 132 188 154 68 414 21 4.86 4.52 
13643 2624 129 186 152 68 410 0 4.86 4.52 
13815 3347 94 137 123 76 339 10 4.86 5.80 
13987 3981 93 139 131 93 367 25 4.86 5.81 
14159 4034 79 115 110 78 309 0 4.84 5.80 
14331 4068 72 99 98 68 269 0 4.84 5.81 
14503 4088 73 100 99 69 270 31 4.86 5.81 
14675 4088 73 100 99 69 270 0 4.84 5.80 
14847 4088 73 100 99 69 270 0 4.86 5.80 
15019 4034 70 97 95 66 261 52 4.86 5.81 
15191 3814 40 78 65 50 194 0 4.86 7.09 
15363 3325 23 89 58 54 200 0 4.86 4.54 
15535 3612 25 77 54 48 179 40 4.86 7.09 
15707 3704 26 73 53 46 172 0 4.84 4.52 
15879 3805 25 72 52 46 170 7 4.54 4.84 
16051 3428 21 94 60 58 210 37 4.86 5.80 
16223 3883 64 131 107 85 323 6 4.84 4.52 
16395 3943 109 155 149 103 410 0 4.86 5.80 
16567 2800 96 137 116 57 311 33 4.86 4.52 
16739 2916 50 90 71 44 206 29 4.86 4.84 
16911 2443 30 94 60 46 197 0 4.84 4.84 
17083 2350 28 93 58 45 194 18 4.86 4.84 
17255 2404 29 93 59 45 194 18 4.86 4.52 
17427 2404 29 93 59 45 194 0 4.86 4.54 
17599 2919 49 91 71 45 207 16 4.86 4.84 
17771 2794 98 138 117 57 314 25 4.86 5.81 
17943 3561 106 151 140 90 384 0 4.86 5.81 
18115 4168 87 121 120 85 328 0 4.86 4.52 
18287 4097 95 138 133 95 369 33 4.86 5.80 
18459 4107 108 155 150 107 414 0 4.86 5.81 
18631 4109 88 129 124 89 343 0 4.86 5.81 
18803 3310 59 86 77 47 211 35 4.86 9.06 
18975 3072 65 97 84 48 229 0 4.86 4.52 
19147 3401 45 67 60 38 166 0 4.86 4.52 
19319 3253 53 77 69 41 188 57 4.86 4.52 
19491 3046 67 100 86 49 235 9 4.86 4.52 
19663 3076 67 99 86 49 235 0 4.86 7.41 
19835 3077 66 94 83 46 225 34 4.86 5.80 
20007 2947 83 118 102 54 276 11 4.86 4.52 
20179 2960 84 118 103 54 277 5 4.86 5.80 
20351 2971 83 117 102 54 274 18 4.86 5.81 
20523 2947 83 118 102 54 276 20 4.86 5.81 
20695 2959 79 113 98 52 265 0 4.86 5.81 
20867 2959 79 113 98 52 266 0 4.86 15.79 
21039 3027 69 100 87 48 236 23 4.86 5.81 
21211 3279 37 71 57 40 166 0 4.86 5.81 
21383 3149 34 74 56 41 169 0 4.86 4.84 
21555 3211 32 71 54 40 164 35 4.84 4.84 
21727 2997 35 82 60 44 184 0 4.86 6.14 
21899 3089 63 91 80 45 217 7 4.86 7.74 
22071 3006 74 104 91 49 245 37 4.86 4.52 
22243 2845 93 131 112 56 300 0 4.86 4.52 
22415 2819 97 136 116 57 311 0 4.86 5.80 
22587 2946 65 100 84 47 231 40 4.86 8.72 
22759 2526 30 95 61 48 201 23 4.86 4.52 
22931 2514 29 90 58 45 189 0 4.86 4.52 
23103 2467 32 104 66 52 218 30 4.86 4.52 
23275 2562 34 103 67 52 220 16 4.86 4.52 
23447 1936 23 105 59 49 209 0 4.86 4.52 
23619 1980 23 104 59 49 209 26 4.86 4.52 
23791 3429 32 77 58 46 180 23 4.86 5.80 
23963 6778 111 106 150 124 382 0 5.81 7.09 
24135 6836 113 108 153 127 390 0 4.54 3.57 
24307 6614 108 107 147 121 378 29 5.18 5.49 
24479 6611 122 122 166 137 429 0 8.74 8.06 
24651 6764 134 132 183 152 470 0 8.74 6.46 
24823 6722 133 131 181 150 466 33 8.38 7.09 
24995 6722 133 131 181 150 465 0 10.44 5.17 
25167 6774 131 131 180 150 465 0 6.46 6.78 
25339 6715 132 130 180 149 463 56 5.81 6.77 
25511 6767 131 130 179 149 461 0 6.78 4.84 
25683 6753 130 128 177 147 456 0 5.81 5.49 
25855 6507 112 116 154 127 398 38 5.81 5.49 
26027 4433 39 60 58 44 163 9 5.81 4.84 
26199 4404 41 60 59 44 165 5 5.81 5.17 
26371 4404 41 60 59 44 163 25 5.81 5.17 
26543 4404 41 60 59 44 164 17 5.81 5.17 
26715 4404 41 60 59 44 164 0 5.81 5.17 
26887 4404 41 60 59 44 164 6 4.54 5.17 
27059 5365 57 71 80 63 215 40 4.54 6.12 
27231 5739 78 91 109 87 284 0 5.81 7.11 
27403 6184 90 99 125 102 324 0 16.78 4.84 
27575 6162 93 102 129 105 334 26 4.54 4.84 
27747 6252 94 101 130 106 339 0 5.83 4.84 
27919 6724 129 129 177 147 457 7 4.54 4.84 
28091 6553 116 118 159 131 410 37 4.86 4.84 
28263 5760 68 78 94 75 248 0 4.86 9.06 
28435 5700 69 78 95 75 249 0 4.54 5.17 
28607 5776 67 75 92 73 243 42 15.83 6.44 
28779 3940 49 74 69 49 194 0 18.99 6.44 
28952 2867 43 82 63 40 186 0 18.99 6.44 
29125 2911 43 81 63 40 185 36 17.71 6.44 
29298 2911 43 81 63 40 185 0 10.44 9.06 
29470 2976 42 79 62 40 182 0 4.54 11.42 
29642 6313 96 102 132 108 344 33 5.81 9.74 
29814 6227 98 112 138 114 365 0 4.54 11.42 
29986 1623 21 135 68 58 257 0 4.54 28.71 
30159 1641 19 138 67 57 257 32 4.54 6.14 
30331 1628 20 137 67 56 255 0 4.54 18.65 
30504 1622 20 136 67 56 256 0 4.54 16.10 
30676 2027 27 113 65 53 227 28 4.54 6.14 
30848 1638 22 137 70 60 262 0 4.54 6.12 
31020 1949 24 108 61 50 215 0 4.54 28.42 
31193 1811 24 123 67 56 242 30 4.54 6.14 
31365 4810 53 87 83 67 237 0 4.54 6.12 
31537 6591 98 96 133 109 339 0 5.81 17.07 
31710 5895 64 70 88 70 229 34 4.54 6.14 
31882 5913 65 71 89 71 232 0 4.54 6.12 
32054 5877 64 69 87 69 227 0 4.54 6.14 
32226 5877 64 69 87 69 227 38 4.54 6.14 
32398 5877 64 69 87 69 227 0 4.54 6.12 
32570 5877 64 69 87 69 227 0 4.54 6.14 
32742 5985 66 71 90 72 234 41 5.81 15.79 
32914 3271 48 97 76 55 228 0 4.54 37.43 
33088 2568 44 96 68 43 206 0 4.86 8.74 
33260 3902 109 130 136 86 357 39 4.54 6.12 
33432 3881 123 146 153 96 401 0 5.81 6.12 
33604 3862 112 119 132 78 334 0 5.81 6.14 
33776 3737 64 75 78 47 202 43 5.81 29.48 
33949 1973 39 122 72 47 238 0 5.81 6.14 
34121 3687 55 101 85 63 249 0 5.81 6.14 
34293 6893 111 107 151 126 386 39 5.81 6.14 
34465 1906 26 118 66 54 234 0 5.81 44.79 
34639 2574 146 208 169 72 455 0 5.81 6.12 
34811 3072 133 190 167 93 456 32 5.81 16.75 
34983 4030 175 249 241 169 665 0 4.54 6.12 
35155 4036 121 169 165 115 458 0 5.81 19.58 
35328 4047 103 142 140 97 389 30 4.54 10.74 
35500 4010 157 222 215 150 595 0 7.11 15.79 
35673 3991 164 232 224 156 617 0 5.51 15.79 
35845 3438 58 148 109 89 344 24 5.51 15.47 
36017 1637 15 161 83 87 325 0 5.51 15.79 
36189 1637 15 161 83 87 326 0 5.49 15.47 
36361 1624 14 162 83 87 327 32 5.51 14.13 
36533 1624 14 162 83 87 327 0 5.49 14.13 
36705 1624 14 162 83 87 327 0 5.51 15.13 
36877 1624 14 162 83 87 327 37 5.49 13.79 
37049 1624 14 162 83 87 327 0 6.78 15.79 
37221 1624 14 162 83 87 327 0 6.46 12.44 
37393 1639 14 157 81 85 318 40 5.81 13.45 
37565 2858 25 120 73 70 260 6 5.81 16.42 
37737 6282 86 105 125 105 335 0 5.81 15.79 
37909 6152 86 104 124 103 331 40 5.81 18.65 
38082 6188 83 102 121 101 324 10 5.81 17.07 
38255 6190 88 107 127 106 341 0 5.81 16.75 
38427 7041 128 153 190 166 513 41 10.10 17.70 
38600 5241 69 105 106 87 298 0 9.08 26.13 
38773 2069 32 115 68 51 232 0 8.38 24.41 
38946 1878 30 121 68 51 236 30 8.38 16.75 
39119 1922 32 121 69 51 236 3 5.49 27.00 
39292 1982 32 119 69 51 234 23 4.54 6.12 
39464 6386 99 125 147 125 399 20 4.54 6.12 
39636 4551 42 121 91 84 295 0 5.81 6.12 
39808 3392 55 147 106 88 339 3 5.81 20.54 
39981 3971 143 208 198 139 552 19 5.81 16.44 
40153 3861 80 142 123 92 358 0 4.54 15.79 
40325 1642 15 155 80 83 313 18 11.10 24.41 
40498 6730 105 130 156 135 424 17 6.78 9.40 
40670 3275 55 139 101 81 319 0 6.78 9.40 
40842 1816 24 176 79 59 306 18 6.78 22.69 
41015 2061 20 171 74 56 293 18 5.51 16.44 
41187 1984 21 170 74 55 293 0 4.54 23.26 
41360 2531 47 148 95 75 314 36 4.54 6.12 
41532 6160 77 107 118 101 327 16 5.81 22.97 
41705 2249 24 150 85 83 314 0 5.81 6.12 
41877 3986 149 213 205 143 567 0 5.81 6.12 
42049 2597 147 206 169 72 452 0 5.81 15.79 
42221 2501 51 137 91 65 291 0 4.54 19.60 
42394 4484 53 105 90 75 268 0 5.81 18.33 
42567 6751 102 98 138 114 352 0 4.54 37.91 
42741 2010 39 121 72 48 238 0 5.81 43.03 
42915 3285 60 101 85 56 242 0 4.54 43.42 
43089 3895 121 158 158 104 424 0 4.54 43.01 
43263 3918 120 157 157 104 423 0 6.78 15.47 
43435 3918 120 157 157 104 423 0 5.81 6.12 
43607 3859 111 149 146 97 396 0 5.81 6.14 
43779 2406 40 101 67 45 212 0 4.54 6.12 
43951 1921 39 126 73 48 245 0 5.81 6.14 
44123 1966 38 119 70 46 233 0 4.54 6.14 
44295 2988 34 66 51 34 150 0 5.81 18.65 
44468 3253 33 58 48 32 139 0 4.54 6.12 
44640 3855 102 118 125 77 324 0 4.54 6.12 
44812 3872 140 171 176 112 466 0 5.81 6.12 
44984 3892 139 170 175 112 464 0 4.54 6.14 
45156 3868 121 142 149 93 389 0 5.81 16.44 
45328 2287 39 100 65 42 205 0 5.81 29.22 
45501 1940 39 127 74 49 247 0 5.81 6.12 
45673 1952 40 128 75 49 249 0 5.81 6.12 
45845 4262 51 79 75 56 211 0 4.54 21.18 
46018 5963 75 78 101 80 259 0 5.81 34.88 
46192 2784 40 92 66 46 204 0 4.54 16.42 
46364 2691 48 96 71 44 210 0 4.54 16.44 
46536 3710 68 68 77 42 187 0 5.81 16.75 
46708 3710 68 68 77 42 187 0 4.54 6.14 
46880 2948 47 83 66 41 190 0 5.81 17.37 
47053 1928 40 129 75 49 251 0 4.54 34.10 
47226 1928 40 129 75 49 251 0 4.54 6.12 
47398 2313 42 105 69 44 217 0 4.54 6.14 
47570 3719 94 81 100 50 233 0 5.81 33.35 
47743 3735 97 82 102 51 237 0 5.81 17.07 
47916 3727 90 79 96 49 225 0 5.81 6.12 
48088 2113 41 115 71 46 229 0 5.81 10.42 
48260 4841 68 97 99 77 273 0 5.81 7.74 
48432 6609 98 101 135 112 351 0 5.81 6.14 
48604 1949 27 126 71 59 252 0 4.54 6.12 
48776 1838 25 124 68 57 245 0 5.81 15.79 
48948 5188 67 107 105 87 297 0 4.54 24.68 
49121 4773 78 117 116 91 324 0 15.83 5.17 
49293 2771 62 107 84 48 237 0 5.81 22.41 
49466 3777 76 63 80 40 186 0 5.81 21.50 
49639 3735 89 74 93 46 215 0 5.81 17.70 
49812 2914 49 85 68 41 195 0 60.59 16.44 
49988 1759 36 134 73 48 252 0 5.81 17.70 
50161 2704 38 93 65 46 204 0 5.81 15.79 
50333 2617 39 94 65 45 204 0 5.81 6.12 
50505 1743 36 135 73 48 252 0 4.86 24.99 
50678 2927 49 83 67 40 191 0 5.81 6.14 
50850 3706 78 70 84 43 198 0 66.47 16.10 
51026 3768 75 68 82 43 193 0 5.81 16.42 
51198 2280 42 106 69 44 218 0 15.50 16.44 
51371 1729 39 147 79 51 274 0 15.16 16.12 
51544 1729 39 147 79 51 274 0 5.81 16.44 
51716 4461 70 112 106 82 300 0 5.81 15.79 
51888 6958 120 111 161 134 409 0 14.82 16.75 
52061 6958 120 111 161 134 408 0 16.46 6.12 
52233 6960 116 108 156 130 397 0 16.13 4.84 
52405 6727 110 105 148 122 377 0 9.42 15.79 
52578 6686 102 101 139 115 356 0 7.11 9.06 
52750 2979 32 84 59 46 187 0 8.06 16.75 
52923 2489 28 93 59 47 196 0 8.06 9.06 
53095 2625 37 93 64 45 200 0 11.78 15.79 
53268 2634 122 176 144 65 388 0 5.81 15.79 
53440 3306 115 167 150 91 412 0 5.49 20.54 
53613 3989 101 157 145 105 409 0 6.46 16.75 
53786 3104 19 112 67 68 245 0 4.54 6.12 
53958 3122 20 109 66 66 239 0 5.81 4.84 
54130 7363 43 70 74 69 213 0 5.81 16.76 
54302 8680 50 68 82 78 231 0 5.81 4.84 
54474 11061 63 77 104 104 287 0 4.54 25.57 
54647 11974 67 82 113 115 312 0 6.46 23.27 
54820 11946 68 83 114 116 314 0 4.54 6.12 
54992 9994 59 76 98 96 271 0 4.54 6.12 
55164 4780 45 95 81 70 244 0 4.86 6.12 
55336 1990 30 110 64 47 218 0 4.54 10.74 
55508 3519 135 161 162 93 420 0 9.08 11.08 
55680 3560 144 161 168 94 429 0 8.06 9.40 
55852 3587 153 171 179 101 456 0 6.78 9.40 
56024 3585 151 171 178 101 455 0 5.81 9.06 
56196 3590 167 183 194 108 490 0 8.06 16.12 
56369 3467 135 161 161 91 417 0 5.81 17.37 
56542 2173 31 102 62 46 206 0 5.81 6.12 
56714 1763 27 122 66 50 235 0 4.54 6.14 
56886 1803 29 122 67 50 235 0 5.81 24.11 
57059 2742 36 108 72 57 233 0 5.81 6.14 
57231 10907 62 79 104 104 288 0 5.81 16.44 
57403 5010 31 87 67 63 214 0 5.81 6.14 
57575 3812 42 100 77 64 239 0 5.81 18.33 
57748 4093 88 128 123 88 341 0 5.81 15.79 
57920 3350 63 92 83 51 227 0 5.81 15.79 
58092 3088 64 96 83 48 227 0 5.81 9.06 
58264 3124 66 97 85 49 231 0 4.84 47.16 
58438 3226 63 91 81 48 221 0 5.81 38.81 
58612 4102 83 122 117 84 324 0 5.81 4.84 
58784 4147 102 148 143 103 396 0 5.81 41.75 
58958 4119 101 146 141 101 389 0 5.81 22.12 
59131 4119 101 146 141 101 390 0 5.81 37.43 
59305 4119 101 146 141 101 390 0 5.81 6.12 
59477 4040 91 134 128 91 354 0 5.81 16.10 
59649 4057 89 129 124 88 341 0 5.81 15.79 
59821 4074 86 124 120 85 330 0 5.83 7.74 
59993 2875 86 123 105 54 284 0 5.81 16.12 
60165 3111 43 79 63 42 185 0 5.81 6.12 
60337 2869 30 79 55 42 174 0 5.81 4.84 
60509 2927 34 86 61 46 191 0 47.04 16.12 
60684 3087 43 75 61 39 176 0 48.04 18.63 
60859 3075 61 86 76 42 205 0 5.81 6.14 
61031 3075 61 86 76 42 206 0 5.81 11.76 
61203 3096 34 72 55 39 164 0 4.54 17.39 
61375 5522 58 79 86 70 233 0 5.81 15.79 
61547 7295 95 86 129 109 325 0 5.81 6.12 
61719 7453 99 88 134 114 338 0 5.81 28.97 
61892 6803 79 78 108 90 277 0 37.04 35.60 
62067 2992 32 76 55 41 171 0 5.81 6.12 
62239 2818 94 133 113 56 304 0 5.81 30.26 
62412 3975 92 133 127 89 351 0 5.81 5.17 
62584 4038 94 137 131 93 362 0 5.81 26.42 
62757 4071 68 101 96 69 269 0 5.81 3.89 
62929 4000 53 82 76 55 214 0 5.81 6.12 
63101 4074 68 104 98 71 274 0 9.76 10.74 
63273 3944 68 101 95 67 264 0 40.70 9.06 
63447 2845 98 138 118 59 317 0 5.81 29.48 
63620 2832 97 137 117 58 313 0 41.84 36.53 
63796 2845 101 141 121 60 324 0 5.81 38.59 
63970 2832 100 140 120 59 322 0 38.64 15.79 
64144 2838 99 139 119 59 319 0 22.15 15.79 
64317 2844 99 137 118 58 315 0 18.99 15.79 
64490 3344 61 87 79 48 217 0 5.81 29.99 
64663 3883 75 107 102 70 281 0 19.31 19.60 
64836 4062 87 129 123 88 340 0 5.81 6.12 
65008 4048 85 125 119 85 328 0 16.15 18.02 
65181 4035 59 87 83 59 230 0 5.81 16.12 
65353 4123 52 75 73 52 201 0 15.50 17.07 
65526 3946 38 62 56 41 160 0 15.83 16.12 
65699 3963 32 59 51 39 149 0 5.81 4.84 
65871 3963 32 59 51 39 150 0 5.81 6.12 
66043 3647 26 83 58 52 192 0 5.81 15.79 
66215 3586 27 90 62 56 207 0 5.81 16.12 
66387 3494 27 91 62 56 207 0 5.81 16.12 
66559 3494 27 91 62 56 208 0 5.81 6.12 
66731 3494 27 91 62 56 208 0 5.81 6.14 
66903 3494 27 91 62 56 208 0 5.81 2.28 
67075 3494 27 91 62 56 208 0 5.81 15.81 
67247 3531 27 89 61 55 203 0 5.81 4.84 
67419 5751 35 63 60 53 175 0 5.81 6.14 
67591 7980 43 59 70 65 195 0 5.81 4.84 
67763 7760 42 59 68 63 190 0 5.81 1.97 
67935 7534 43 59 69 63 190 0 5.81 16.10 
68107 7534 43 59 69 63 190 0 5.81 25.26 
68280 5396 34 60 57 49 166 0 5.81 6.14 
68452 3616 27 74 54 46 173 0 5.81 27.56 
68625 3313 24 94 61 57 210 0 5.81 28.42 
68798 3375 24 95 62 58 214 0 5.81 28.42 
68971 3375 24 95 62 58 214 0 5.81 6.14 
69143 3375 24 95 62 58 214 0 5.81 6.12 
69315 3382 26 89 60 54 201 0 5.81 18.33 
69488 3699 28 70 53 44 166 0 5.81 20.54 
69661 5054 33 57 54 45 156 0 5.81 20.55 
69834 4916 32 57 53 44 154 0 5.81 20.54 
70007 4820 32 58 53 44 154 0 19.94 15.79 
70180 7177 40 58 65 59 183 0 5.81 15.79 
70352 8761 47 62 77 73 212 0 9.76 6.12 
70524 8211 47 62 75 70 207 0 5.83 4.84 
70696 6964 41 57 65 58 179 0 5.81 17.07 
70869 6395 39 55 61 53 169 0 5.81 6.12 
71041 8094 45 60 72 67 198 0 5.81 4.84 
71213 3800 28 83 60 53 195 0 5.81 6.14 
71385 3982 53 87 79 58 225 0 9.76 15.79 
71558 3369 59 89 79 50 217 0 5.81 6.14 
71730 3861 54 80 75 52 207 0 8.06 36.29 
71904 4019 43 81 69 54 205 0 5.81 6.12 
72076 3568 26 87 60 54 199 0 18.04 19.92 
72249 8661 46 60 74 70 204 0 5.81 22.97 
72422 3035 36 83 61 45 187 0 5.51 17.37 
72595 3587 55 72 70 43 186 0 5.51 11.08 
72767 3598 58 72 72 43 188 0 6.78 22.69 
72940 2714 33 82 57 41 179 0 6.78 16.75 
73113 2850 40 95 68 49 210 0 5.81 15.79 
73285 4680 41 66 63 50 179 0 5.81 27.85 
73458 6066 42 57 64 54 172 0 5.81 20.86 
73631 3422 43 85 68 50 200 0 5.81 14.81 
73803 3187 40 75 60 41 175 0 13.48 9.74 
73976 3869 58 75 75 49 199 0 6.14 9.40 
74148 9068 28 61 58 59 178 0 10.44 9.40 
74320 9068 28 61 58 59 178 0 10.44 9.40 
74492 9068 28 61 58 59 179 0 6.14 9.40 
74664 9068 28 61 58 59 178 0 4.86 8.36 
74836 8588 29 60 58 58 176 0 5.81 9.06 
75008 4063 51 70 69 48 187 0 5.81 10.74 
75180 3615 85 97 101 58 257 0 18.99 15.79 
75353 3615 85 97 101 58 258 0 4.54 6.14 
75525 3606 87 99 103 59 262 0 5.81 6.14 
75697 2877 39 86 63 44 192 0 5.81 18.33 
75870 7177 40 58 65 59 183 0 5.81 16.76 
76042 3647 26 83 58 52 192 0 5.81 6.12 
76214 3911 53 90 80 59 229 0 5.81 35.38 
76388 4041 64 99 92 67 258 0 5.81 6.12 
76560 3509 27 83 58 51 191 0 5.81 10.40 
76732 6148 37 55 59 51 165 0 5.81 6.14 
76904 3499 34 70 56 42 166 0 5.81 6.14 
77076 3494 40 63 56 37 156 0 5.51 6.44 
77248 3599 66 82 82 49 214 0 5.81 35.84 
77422 2678 35 92 63 46 199 0 5.81 39.47 
77596 2729 40 101 70 51 219 0 4.54 18.31 
77769 2652 39 101 69 50 218 0 4.54 55.62 
77944 2845 37 86 62 44 190 0 5.81 59.79 
78119 6496 41 59 65 57 180 0 5.81 35.38 
78293 6540 41 56 63 55 174 0 5.81 55.88 
78468 6722 43 59 67 59 184 0 5.81 9.06 
78640 5741 38 58 60 51 170 0 4.54 16.75 
78812 2681 36 91 63 45 196 0 5.81 16.75 
78984 3564 54 74 70 44 189 0 4.54 16.75 
79156 3646 75 89 91 54 235 0 5.81 15.79 
79328 3286 49 83 70 46 199 0 5.81 6.14 
79500 3302 37 83 63 48 192 0 5.83 16.75 
79672 7375 41 56 65 59 179 0 5.81 7.41 
79844 5599 35 50 53 44 146 0 5.81 15.47 
80016 6756 38 53 60 53 166 0 5.81 6.12 
80188 8562 45 60 73 69 202 0 4.54 6.14 
80360 7970 43 58 69 64 191 0 5.81 6.12 
80532 7358 40 55 64 58 176 0 5.81 6.14 
80704 3247 34 77 58 44 178 0 5.81 19.28 
80877 2786 33 79 56 40 173 0 5.81 18.02 
81050 2610 32 90 60 45 192 0 5.81 19.60 
81223 2316 33 98 62 45 201 0 5.81 18.33 
81396 2372 34 102 65 48 210 0 5.81 18.33 
81569 2440 34 103 66 50 211 0 5.81 18.33 
81742 2440 34 103 66 50 211 0 5.81 20.86 
81915 2360 33 103 65 49 211 0 5.81 16.44 
82087 2383 34 100 64 47 208 0 4.54 6.12 
82259 2353 29 88 56 41 181 0 4.54 6.12 
82431 2379 30 91 58 43 189 0 4.54 6.12 
82603 2379 30 91 58 43 189 0 4.54 6.12 
82775 2379 30 91 58 43 189 0 4.54 21.81 
82948 2330 30 92 58 43 190 0 4.54 6.14 
83120 2329 34 103 65 48 213 0 4.54 8.72 
83292 2220 34 105 65 47 214 0 5.81 15.49 
83464 2273 35 109 68 50 224 0 5.81 6.14 
83636 2248 36 109 68 49 223 0 5.81 6.14 
83808 3841 35 73 59 47 178 0 4.54 15.79 
83980 9653 47 63 79 77 219 0 5.81 6.12 
84152 6341 38 53 59 51 164 0 5.81 6.12 
84324 9326 49 63 80 77 220 0 5.81 6.14 
84496 9147 47 63 78 75 216 0 5.81 6.12 
84668 9237 48 63 79 76 218 0 5.81 15.79 
84840 5458 39 68 65 56 188 0 5.81 6.12 
85012 2394 35 99 64 46 207 0 6.46 10.74 
85184 3637 92 106 110 64 281 0 4.54 5.17 
85356 8497 33 70 67 67 204 0 4.54 7.41 
85528 6878 39 77 73 69 218 0 4.54 7.41 
85700 6217 45 83 79 72 233 0 5.51 7.41 
85872 6300 45 82 79 72 228 0 5.81 6.12 
86044 6300 45 82 79 72 227 0 5.81 13.79 
86216 8525 36 75 72 72 218 0 8.06 6.12 
86388 8472 31 66 63 63 191 0 4.54 6.12 
86560 5030 44 67 67 54 186 0 4.54 6.12 
86732 4907 45 68 68 54 188 0 4.54 4.84 
86904 4907 45 68 68 54 188 0 5.81 12.10 
87076 3848 80 100 102 65 267 0 5.81 6.12 
87248 3637 82 96 99 58 255 0 4.54 6.14 
87420 3313 42 73 61 41 176 0 9.42 6.14 
87592 3123 36 72 56 39 167 0 5.81 25.86 
87765 2939 34 78 57 41 175 0 5.81 6.12 
87937 2286 33 104 65 48 214 0 5.81 6.14 
88109 2263 32 101 63 46 206 0 5.81 6.14 
88281 2465 32 92 60 44 193 0 5.81 6.12 
88453 3935 33 64 54 42 160 0 5.81 6.14 
88625 3687 32 64 52 40 158 0 5.81 6.14 
88797 4196 33 61 53 42 156 0 5.51 6.12 
88969 7990 44 60 71 66 197 0 4.54 6.12 
89141 7654 45 60 71 65 195 0 5.81 10.74 
89313 8666 47 62 76 72 210 0 5.81 6.12 
89485 9825 49 63 81 79 223 0 4.54 6.12 
89657 5669 36 52 55 46 152 0 5.81 37.21 
89831 5236 35 50 52 42 145 0 5.81 10.74 
90003 3855 28 73 55 47 175 0 5.81 10.40 
90175 3531 27 89 61 55 204 0 5.81 10.42 
90347 3458 28 90 62 55 205 0 5.81 15.79 
90519 3586 27 90 62 56 205 0 5.81 12.10 
90691 3531 27 89 61 55 204 0 5.81 35.62 
90865 3531 27 89 61 55 204 0 5.81 16.12 
91037 3531 27 89 61 55 204 0 4.54 10.40 
91209 3704 31 81 60 51 191 0 4.54 8.72 
91381 4026 75 114 107 77 297 0 4.54 16.12 
91553 4026 75 114 107 77 297 0 5.81 10.40 
91725 4026 75 114 107 77 298 0 5.81 7.41 
91897 3938 52 88 78 58 223 0 5.81 9.74 
92069 3531 27 89 61 55 204 0 5.81 6.12 
92241 3586 27 90 62 56 206 0 5.81 6.12 
92413 4143 30 73 57 49 177 0 5.81 8.72 
92585 7189 43 57 67 60 185 0 5.81 6.12 
92757 10494 54 68 90 89 248 0 5.81 6.12 
92929 10939 54 68 90 90 248 0 4.54 6.14 
93101 9391 52 67 85 82 234 0 5.81 6.12 
93273 11022 64 79 106 106 291 0 5.81 6.12 
93445 7273 45 62 72 65 200 0 5.81 19.91 
93618 6533 39 59 63 56 180 0 5.81 6.12 
93790 9817 55 72 91 89 252 0 5.81 46.78 
93964 10397 51 65 85 84 235 0 45.66 45.17 
94140 10455 52 66 87 86 240 0 5.81 6.14 
94312 10058 56 70 92 90 253 0 5.81 6.14 
94484 10453 59 75 98 97 270 0 5.81 16.42 
94656 6340 41 62 66 58 187 0 5.81 4.86 
94828 5552 37 68 64 56 189 0 4.86 32.83 
95001 3027 21 112 68 67 243 0 5.81 32.56 
95174 3602 24 88 59 55 200 0 5.81 29.21 
95347 3283 20 106 65 65 233 0 5.81 39.25 
95521 7310 47 88 86 82 255 0 6.78 6.14 
95693 9137 80 99 128 122 350 0 6.78 6.14 
95865 2035 35 126 74 55 253 0 5.51 21.81 
96038 1845 33 131 73 54 253 0 5.51 22.98 
96211 1715 28 128 68 51 243 0 6.78 25.26 
96384 2326 32 96 61 44 199 0 5.81 6.14 
96556 2476 39 106 70 50 223 0 6.78 42.81 
96730 3556 144 155 165 90 415 0 5.81 55.76 
96905 3558 168 176 190 102 475 0 4.54 6.14 
97077 3570 166 175 189 102 472 0 4.54 6.12 
97249 2930 55 107 82 54 242 0 5.81 6.12 
97421 1726 30 133 71 53 252 0 5.81 6.12 
97593 3126 41 114 80 65 256 0 5.81 6.14 
97765 7772 73 93 114 104 312 0 5.81 6.14 
97937 8257 94 116 147 136 401 0 4.54 13.77 
98109 2449 20 131 75 75 277 0 4.86 16.12 
98281 3153 25 87 58 51 195 0 4.86 14.47 
98453 3395 25 84 57 51 192 0 9.08 9.74 
98625 2001 19 137 75 75 283 0 4.86 5.81 
98797 3979 150 218 208 146 576 0 5.81 4.84 
98969 4068 189 264 258 181 714 0 4.86 4.84 
99141 4047 217 305 297 208 821 0 4.86 4.84 
99313 4047 217 305 297 208 820 0 6.78 4.84 
99485 4047 217 305 297 208 820 0 15.83 3.25 
99657 3989 181 259 249 174 691 0 6.46 4.84 
99829 2532 162 233 187 78 504 0 6.46 5.17 
100001 2460 187 270 213 84 575 0 5.18 5.17 
100173 2464 190 275 217 86 586 0 5.18 4.84 
100345 2456 189 276 217 86 587 0 5.18 4.84 
100517 2463 191 276 218 86 588 0 6.46 4.84 
100689 2456 189 276 217 86 587 0 16.78 3.55 
100861 2602 147 209 171 74 460 0 4.86 4.52 
101033 3697 72 103 97 64 269 0 13.14 12.10 
101206 3966 183 262 251 175 697 0 6.14 15.79 
101378 3984 202 286 276 192 764 0 5.18 8.72 
101550 3962 202 286 276 191 762 0 4.86 8.06 
101722 3983 129 188 179 126 502 0 6.46 8.72 
101894 3660 87 119 114 73 313 0 6.46 8.72 
102066 3627 86 117 112 71 307 0 11.78 9.74 
102238 3627 86 117 112 71 307 0 14.82 6.14 
102410 3958 136 195 187 130 522 0 5.81 15.47 
102582 3992 167 238 229 160 633 0 24.74 16.12 
102756 4004 153 218 210 147 581 0 24.74 17.07 
102930 3996 94 140 132 94 367 0 24.74 17.07 
103104 4048 73 112 105 76 293 0 21.22 17.07 
103277 4026 75 114 107 77 298 0 23.89 17.07 
103451 4026 75 114 107 77 298 0 21.20 16.12 
103624 4001 81 122 115 82 319 0 5.81 15.79 
103796 4010 160 228 220 154 606 0 5.18 9.40 
103968 3974 160 227 219 152 604 0 3.57 6.77 
104140 4006 153 221 212 149 590 0 3.89 6.12 
104312 3905 88 123 119 81 332 0 3.89 7.72 
104484 3653 85 116 111 71 306 0 5.17 7.41 
104656 3653 85 116 111 71 307 0 14.82 10.42 
104829 3696 84 116 111 72 307 0 16.46 8.72 
105002 3937 78 110 106 73 296 0 6.46 17.37 
105175 3960 122 177 169 118 470 0 6.46 8.72 
105347 3997 179 254 245 171 678 0 6.46 8.72 
105519 3967 168 241 231 161 638 0 6.46 9.06 
105691 3985 106 152 146 102 407 0 6.46 12.44 
105863 3348 72 100 92 55 251 0 6.46 12.43 
106035 3127 64 87 79 43 214 0 9.42 13.45 
106207 3127 64 87 79 43 214 0 16.46 17.37 
106380 3523 78 109 102 64 279 0 9.42 21.49 
106553 3971 125 181 173 121 482 0 9.42 19.58 
106726 4022 175 248 240 168 664 0 17.08 11.76 
106899 4031 173 246 238 167 658 0 16.47 20.54 
107072 4012 161 231 222 156 616 0 7.74 19.91 
107245 3958 132 189 181 126 504 0 28.19 27.57 
107419 3982 133 194 185 130 515 0 30.29 28.44 
107594 4031 153 218 211 148 583 0 6.46 10.40 
107766 4035 150 215 207 146 574 0 17.08 21.49 
107939 4026 149 214 206 145 570 0 14.82 10.08 
108112 3990 94 137 131 92 368 0 5.18 10.42 
108284 4012 131 188 181 127 504 0 5.18 16.75 
108456 3994 185 263 254 177 703 0 5.18 11.76 
108628 4089 109 154 150 106 418 0 5.18 6.12 
108800 4000 138 199 191 134 532 0 5.17 18.65 
108973 3995 178 251 243 169 672 0 5.18 24.99 
109146 2650 133 189 156 70 420 0 5.18 29.73 
109319 2565 147 208 169 71 454 0 5.18 7.41 
109491 2609 118 171 139 62 377 0 5.18 26.15 
109664 2710 95 134 112 52 305 0 5.18 25.55 
109837 2623 124 175 144 63 387 0 5.18 24.99 
110010 2529 155 221 178 73 478 0 5.18 22.68 
110183 2537 156 222 179 74 480 0 5.18 22.41 
110356 2536 163 230 186 76 499 0 5.18 22.41 
110529 2526 162 231 186 76 500 0 5.18 8.72 
110701 2526 162 231 186 76 501 0 5.18 18.33 
110874 2549 165 233 189 78 506 0 5.18 18.00 
111047 2584 143 202 165 70 442 0 5.18 20.54 
111220 2549 167 233 190 77 507 0 5.18 21.49 
111393 2590 136 192 157 67 421 0 5.18 8.74 
111565 2555 167 235 191 79 511 0 5.17 8.72 
111737 2638 125 173 144 62 385 0 5.18 26.42 
111910 2816 95 126 110 51 293 0 5.18 16.42 
112082 2661 110 154 128 57 344 0 5.18 16.42 
112254 2601 135 192 157 68 422 0 5.18 17.70 
112426 2784 82 118 99 49 269 0 5.18 7.41 
112598 2775 80 116 97 48 265 0 5.18 24.70 
112771 2761 89 126 106 51 287 0 5.18 7.41 
112943 2587 141 200 163 70 439 0 5.18 13.50 
113115 2566 145 207 168 71 451 0 4.86 5.49 
113287 2547 156 221 179 74 481 0 4.86 5.49 
113459 2940 119 169 146 77 397 0 6.14 5.49 
113631 4173 137 186 186 131 511 0 5.18 7.74 
113803 4238 125 166 169 119 463 0 5.18 6.44 
113975 3934 121 172 165 114 460 0 5.17 6.44 
114147 2587 136 194 158 68 425 0 5.18 6.44 
114319 2565 151 214 174 73 467 0 5.18 6.44 
114491 2572 138 197 160 68 431 0 5.18 5.49 
114663 2609 128 182 149 65 401 0 5.17 5.49 
114835 2624 127 180 148 65 398 0 5.18 6.46 
115007 2580 139 198 161 69 433 0 5.18 6.44 
115179 2577 146 206 168 71 450 0 5.18 5.49 
115351 2548 172 241 196 80 524 0 5.17 6.46 
115523 2551 166 232 189 77 505 0 5.18 6.44 
115695 2544 151 210 171 69 458 0 5.18 6.46 
115867 2508 132 198 156 67 433 0 5.18 6.44 
116039 2592 130 185 151 65 404 0 5.18 5.49 
116211 2589 130 187 152 66 409 0 5.18 5.49 
116383 2599 132 187 153 66 410 0 5.18 5.49 
116555 2599 132 187 153 66 410 0 5.18 6.46 
116727 2599 132 187 153 66 410 0 5.18 6.44 
116899 2587 132 188 153 66 410 0 5.18 6.46 
117071 2596 132 189 154 67 413 0 5.18 5.49 
117243 2564 150 215 174 74 469 0 4.86 5.49 
117415 2610 109 159 129 58 351 0 5.18 24.41 
117588 2744 85 122 102 49 279 0 5.18 24.41 
117761 2718 86 124 103 49 281 0 5.18 24.41 
117934 2718 86 124 103 49 281 0 5.18 24.41 
118107 2718 86 124 103 49 281 0 5.17 24.41 
118280 2718 86 124 103 49 281 0 5.17 24.41 
118453 2718 86 124 103 49 281 0 5.18 24.43 
118626 2718 86 124 103 49 281 0 5.17 24.41 
118799 2718 86 124 103 49 281 0 5.18 24.43 
118972 2718 86 124 103 49 281 0 5.18 24.41 
119145 2718 86 124 103 49 282 0 5.18 24.43 
119318 2718 86 124 103 49 282 0 4.86 6.46 
119490 2718 86 124 103 49 282 0 4.86 7.74 
119662 2732 86 125 104 50 283 0 4.86 7.74 
119834 2712 86 126 104 50 284 0 4.84 6.44 
120006 2687 87 128 105 50 288 0 5.81 8.06 
120178 2707 87 127 105 50 286 0 4.86 6.12 
120350 2732 86 125 104 50 283 0 4.86 18.33 
120523 2732 86 125 104 50 283 0 4.86 18.33 
120696 2732 86 125 104 50 283 0 4.84 18.33 
120869 2732 86 125 104 50 283 0 4.86 5.81 
121041 2627 105 152 124 56 336 0 5.81 16.44 
121213 2580 134 192 156 67 421 0 5.81 33.86 
121386 2617 127 184 150 67 405 0 5.81 32.83 
121559 2619 132 188 154 68 414 0 4.86 5.81 
121731 2630 120 172 141 63 380 0 4.86 5.80 
121903 2570 152 217 176 75 474 0 4.86 5.81 
122075 2562 151 216 175 74 470 0 4.86 4.52 
122247 2594 129 184 150 65 404 0 4.86 5.80 
122419 2536 163 230 186 76 499 0 5.81 3.57 
122591 2530 161 228 184 75 494 0 5.81 4.52 
122763 2555 167 235 191 79 512 0 5.81 4.52 
122935 2544 168 237 192 79 513 0 4.54 4.84 
123107 2538 166 235 190 78 509 0 4.84 5.80 
123279 2765 102 139 119 55 320 0 5.81 5.80 
123451 2831 102 138 120 57 323 0 4.86 5.81 
123623 2620 143 198 164 70 439 0 6.78 9.74 
123795 2642 127 183 150 68 408 0 4.86 5.80 
123967 2707 113 163 135 64 368 0 4.86 5.81 
124139 2713 114 166 137 66 374 0 4.86 16.75 
124311 2603 136 197 160 71 435 0 5.81 5.80 
124483 2565 147 208 169 71 453 0 5.81 4.84 
124655 2555 167 235 191 79 511 0 5.81 4.84 
124827 2561 169 237 193 80 516 0 4.86 5.81 
124999 2568 144 206 167 71 449 0 4.86 5.81 
125171 2553 152 216 175 73 472 0 5.81 4.84 
125343 2617 127 184 150 67 407 0 4.86 16.12 
125515 2553 152 216 175 73 471 0 5.81 22.12 
125688 2566 145 207 168 71 452 0 22.46 16.75 
125861 2587 127 182 148 64 398 0 36.14 10.42 
126035 2559 147 212 171 73 461 0 4.86 5.81 
126207 2580 130 186 151 65 407 0 4.86 5.81 
126379 2538 166 235 190 78 510 0 4.86 4.52 
126551 2491 125 187 147 62 397 0 4.86 20.23 
126724 2541 163 233 188 78 505 0 4.86 23.27 
126897 2681 91 135 110 53 303 0 4.84 23.27 
127070 2939 53 95 75 47 218 0 4.86 16.75 
127242 2902 52 96 75 47 220 0 4.86 5.81 
127414 2895 92 134 114 60 313 0 9.08 4.84 
127586 2590 154 216 177 75 474 0 10.44 4.84 
127758 2547 173 242 197 80 528 0 9.08 6.12 
127930 2538 173 243 197 80 528 0 9.42 4.84 
128102 2554 174 243 198 81 529 0 9.08 6.14 
128274 2544 174 244 198 81 532 0 9.08 6.12 
128446 2544 174 244 198 81 531 0 9.08 4.84 
128618 2546 172 243 197 81 529 0 9.42 6.12 
128790 2547 173 242 197 80 527 0 15.16 15.47 
128963 2538 173 243 197 80 528 0 4.86 16.44 
129135 2543 169 238 193 79 517 0 4.86 4.84 
129307 2560 148 211 171 72 460 0 4.86 4.84 
129479 2539 150 213 172 71 462 0 4.86 4.52 
129651 2550 144 205 166 69 445 0 4.86 5.81 
129823 2542 165 232 188 77 504 0 4.86 15.79 
129995 2613 136 191 157 68 420 0 4.86 5.81 
130167 2575 174 245 200 84 536 0 18.04 15.13 
130340 2574 175 246 201 84 536 0 14.82 16.10 
130513 2541 172 240 195 79 522 0 11.10 16.12 
130686 2548 172 241 196 80 524 0 15.83 8.74 
130859 2548 172 241 196 80 524 0 5.81 9.06 
131031 2548 172 241 196 80 524 0 5.81 9.06 
131203 2541 172 240 195 79 521 0 5.81 10.08 
131375 2640 135 188 156 68 417 0 5.81 6.77 
131547 2783 98 142 119 59 324 0 5.81 4.84 
131719 3141 51 81 69 42 193 0 5.81 4.84 
131891 3113 56 88 75 45 206 0 5.81 9.40 
132063 3100 57 90 76 46 211 0 8.06 15.47 
132236 2394 33 104 66 50 217 0 8.06 12.10 
132408 2243 29 104 63 50 213 0 15.50 9.06 
132581 2160 30 116 69 55 235 0 8.06 6.12 
132753 2347 27 92 57 45 191 0 16.46 10.74 
132926 2301 31 105 65 50 216 0 5.81 8.74 
133098 2816 46 94 70 46 211 0 5.81 10.42 
133270 2808 34 82 58 42 181 0 9.76 9.40 
133442 2162 31 110 66 51 224 0 5.81 4.84 
133614 1940 28 120 68 54 238 0 6.78 4.52 
133786 1895 26 122 68 56 242 0 8.07 5.17 
133958 6360 105 113 146 120 381 0 8.06 5.17 
134130 6366 101 108 140 115 367 0 15.50 10.74 
134303 6307 97 106 135 111 355 0 5.51 9.74 
134475 6742 124 127 171 143 445 0 4.54 6.12 
134647 5557 77 111 117 97 326 0 5.81 15.79 
134819 2073 33 134 78 63 270 0 5.81 6.12 
134991 2564 122 182 145 65 396 0 17.73 19.91 
135164 2519 162 230 185 75 497 0 5.81 4.84 
135336 2594 124 178 145 63 391 0 5.81 33.34 
135509 3614 116 165 154 100 424 0 5.81 40.63 
135683 3933 80 143 124 94 362 0 5.81 44.00 
135857 3900 43 108 82 70 259 0 5.81 15.79 
136029 9892 55 72 92 90 255 0 5.81 16.12 
136201 8320 48 64 78 73 214 0 8.06 35.39 
136375 9595 57 72 93 90 257 0 5.81 35.39 
136549 3865 42 107 81 69 256 0 5.81 15.79 
136721 4002 68 120 105 80 306 0 5.81 9.06 
136893 3909 66 124 105 81 311 0 5.81 36.07 
137067 3646 22 100 64 63 224 0 9.76 35.39 
137241 7843 45 66 75 70 212 0 5.81 6.12 
137413 3646 22 100 64 63 225 0 5.81 21.18 
137586 3399 25 98 64 60 220 0 5.81 6.14 
137758 3999 141 202 194 136 537 0 4.54 18.33 
137931 2783 127 180 152 74 410 0 5.81 6.12 
138103 3521 119 170 157 100 433 0 5.81 35.38 
138277 3998 122 180 171 121 475 0 5.81 6.14 
138449 3104 20 103 63 62 226 0 4.54 28.95 
138622 9119 53 74 89 86 250 0 4.54 6.12 
138794 3992 44 97 78 64 237 0 4.54 6.14 
138966 2745 37 88 62 44 193 0 5.81 6.12 
139138 3493 50 72 66 42 182 0 5.81 49.10 
139312 2390 43 126 81 59 263 0 5.81 49.08 
139486 2090 32 109 65 48 221 0 5.81 49.08 
139660 2090 32 109 65 48 220 0 5.81 6.14 
139832 2090 32 109 65 48 221 0 4.54 16.12 
140004 2285 38 118 74 54 242 0 4.54 6.12 
140176 2247 35 115 71 53 235 0 4.54 6.14 
140348 2428 34 99 64 47 207 0 4.86 42.42 
140522 3595 56 75 72 45 194 0 5.81 6.14 
140694 3645 69 84 85 51 223 0 4.86 51.61 
140868 3263 36 68 55 38 160 0 5.81 16.75 
141040 2620 38 100 68 49 215 0 5.81 42.42 
141214 2620 38 100 68 49 214 0 5.81 59.24 
141389 2902 35 82 59 43 181 0 5.81 57.15 
141564 3482 32 59 49 35 142 0 5.81 28.14 
141737 5236 35 50 52 42 145 0 5.81 29.48 
141910 5439 36 52 55 45 152 0 4.86 6.12 
142082 5537 35 52 54 45 150 0 4.86 22.12 
142255 3601 27 82 58 51 190 0 5.81 23.27 
142428 3549 27 92 63 57 210 0 5.81 4.84 
142600 3531 27 89 61 55 205 0 5.81 28.95 
142773 3528 26 78 55 48 180 0 5.81 6.12 
142945 3307 25 96 63 58 214 0 5.81 6.14 
143117 3399 25 98 64 60 220 0 5.81 6.14 
143289 3399 25 98 64 60 219 0 5.81 31.28 
143462 3399 25 98 64 60 221 0 5.81 32.81 
143635 3474 26 88 60 54 201 0 5.81 35.62 
143809 3454 24 91 60 56 206 0 16.76 36.99 
143983 3391 22 107 67 66 238 0 16.78 39.95 
144157 3497 36 114 79 70 260 0 5.83 6.12 
144329 5223 82 115 121 97 333 0 39.10 39.73 
144505 6095 85 112 127 107 347 0 37.04 35.62 
144680 3783 55 124 97 79 299 0 16.78 35.39 
144854 3297 19 101 62 62 222 0 33.64 32.57 
145029 3410 22 99 63 61 220 0 5.81 16.12 
145201 3627 29 85 61 53 197 0 5.81 6.14 
145373 4091 91 134 128 92 356 0 25.31 28.97 
145547 4059 75 110 105 75 292 0 5.81 16.12 
145719 4021 77 114 108 77 300 0 5.81 15.79 
145891 3024 74 105 92 50 247 0 5.81 6.12 
146063 2970 78 112 97 52 262 0 14.14 13.45 
146236 3150 63 92 81 47 221 0 16.15 15.79 
146409 3106 52 79 68 40 186 0 6.78 6.44 
146581 3160 43 78 63 42 181 0 4.86 4.84 
146753 3061 39 93 68 51 209 0 5.81 4.86 
146925 2984 33 75 55 40 167 0 5.81 4.84 
147097 3035 31 72 53 39 160 0 4.54 4.84 
147269 4732 39 58 58 45 160 0 16.13 7.09 
147442 6484 53 56 74 61 191 0 5.81 10.74 
147614 4435 38 54 54 40 148 0 5.81 9.06 
147786 4206 36 54 52 38 145 0 5.81 11.42 
147958 4206 36 54 52 38 144 0 5.81 15.79 
148130 4397 37 53 53 39 146 0 5.18 5.49 
148302 6484 53 56 74 61 191 0 6.78 5.49 
148474 6315 51 52 69 56 177 0 6.78 5.49 
148646 6427 52 53 71 58 181 0 6.78 16.12 
148819 6315 51 52 69 56 176 0 15.83 6.44 
148991 4998 41 56 59 46 160 0 10.42 9.40 
149163 3779 37 66 57 42 166 0 5.81 6.12 
149335 3381 35 72 57 42 171 0 5.81 6.14 
149507 2867 35 86 61 45 189 0 4.54 6.12 
149679 2845 29 76 53 40 166 0 6.78 16.75 
149852 3078 32 73 54 40 165 0 6.78 28.95 
150025 2980 60 95 79 46 221 0 5.81 6.14 
150197 2941 81 116 100 53 270 0 5.81 6.14 
150369 2845 104 144 124 61 332 0 5.81 6.12 
150541 2851 95 133 114 57 306 0 4.54 1.97 
150713 2740 110 156 131 62 352 0 5.81 1.97 
150885 2633 119 171 140 63 379 0 5.81 6.14 
151057 2672 93 137 112 53 305 0 5.81 6.14 
151229 2639 125 179 147 66 396 0 5.81 6.14 
151401 2723 114 161 135 63 362 0 5.81 6.12 
151573 2890 82 116 100 51 269 0 5.83 4.84 
151745 2773 94 136 114 56 309 0 5.81 1.65 
151917 2747 100 142 119 57 321 0 5.81 49.76 
152091 2810 73 106 89 45 244 0 5.81 10.40 
152263 2613 118 169 138 61 373 0 5.81 7.41 
152435 2555 167 235 191 79 512 0 5.81 9.06 
152607 2543 163 231 187 77 501 0 5.81 9.06 
152779 2533 163 232 187 77 503 0 5.81 54.30 
152954 2533 163 232 187 77 503 0 5.81 10.74 
153126 2533 163 232 187 77 503 0 5.81 10.76 
153298 2543 163 231 187 77 502 0 5.81 10.76 
153470 2533 163 232 187 77 504 0 4.54 51.44 
153644 2533 163 232 187 77 504 0 4.54 6.14 
153816 2538 160 228 184 76 496 0 4.54 6.12 
153988 2550 164 232 188 78 505 0 4.54 6.12 
154160 2644 120 171 141 63 380 0 4.54 6.12 
154332 2559 144 205 166 70 447 0 4.54 48.37 
154506 3743 126 181 170 114 468 0 4.54 17.70 
154678 4003 184 261 252 176 697 0 5.81 6.12 
154850 4001 185 261 253 176 699 0 5.81 6.14 
155022 4009 186 262 254 177 701 0 5.81 6.12 
155194 3620 118 168 157 102 431 0 5.81 6.14 
155366 2904 84 116 101 51 275 0 54.40 6.12 
155541 2836 87 121 104 51 284 0 5.81 16.12 
155713 2716 103 146 122 57 330 0 4.54 6.14 
155885 2565 151 214 174 73 467 0 4.54 6.12 
156057 2557 98 159 123 60 345 0 5.81 6.14 
156229 2341 29 102 63 50 212 0 6.78 16.75 
156402 2046 26 113 65 54 228 0 5.81 6.12 
156574 3846 43 90 73 58 221 0 5.81 6.14 
156746 6896 105 99 142 118 362 0 5.81 6.12 
156918 6949 106 100 144 120 366 0 5.81 6.12 
157090 6949 106 100 144 120 366 0 5.81 6.12 
157262 6949 106 100 144 120 366 0 5.81 6.12 
157434 6949 106 100 144 120 366 0 5.81 6.14 
157606 6501 89 89 121 99 310 0 5.81 6.14 
157778 6858 91 86 123 102 314 0 5.81 18.33 
157951 4942 144 168 192 142 507 0 4.54 6.14 
158123 4853 144 170 192 141 508 0 4.54 40.87 
158297 6492 95 91 127 103 324 0 4.54 6.12 
158469 7005 104 98 141 118 358 0 4.54 22.12 
158642 5574 61 77 87 70 236 0 5.81 6.14 
158814 2158 28 110 65 53 225 0 4.54 6.14 
158986 2071 25 107 62 51 216 0 5.81 24.12 
159159 2194 30 114 68 55 234 0 5.81 16.10 
159331 2134 25 108 63 53 218 0 15.50 15.79 
159504 5045 52 73 76 60 212 0 5.81 6.14 
159676 6459 84 84 114 93 293 0 5.81 6.12 
159848 6900 87 82 118 98 297 0 5.81 6.14 
160020 7016 90 83 121 101 305 0 5.81 6.14 
160192 6964 89 83 120 100 302 0 5.81 6.12 
160364 6964 89 83 120 100 303 0 8.07 15.49 
160537 6964 89 83 120 100 303 0 8.06 9.74 
160709 6658 99 93 132 108 334 0 4.86 4.84 
160881 5720 108 112 143 111 368 0 4.84 4.84 
161053 6021 107 108 143 113 365 0 4.86 6.12 
161225 6021 107 108 143 113 365 0 5.81 6.46 
161397 5736 105 110 140 109 361 0 5.81 5.17 
161569 5769 105 109 140 109 361 0 4.86 7.09 
161741 6134 107 106 142 113 363 0 5.81 15.79 
161913 6598 79 78 107 88 274 0 5.81 6.12 
162085 6272 78 82 107 87 279 0 5.81 13.79 
162257 6057 65 75 92 75 246 0 5.81 14.79 
162429 6000 68 76 94 76 250 0 4.54 6.12 
162601 5913 66 75 92 74 244 0 5.81 6.14 
162773 2483 30 101 64 51 214 0 5.81 6.14 
162945 2471 29 96 61 48 202 0 4.54 18.33 
163118 2629 89 136 109 52 297 0 5.81 6.12 
163290 2621 85 134 106 52 292 0 5.81 4.84 
163462 2275 28 104 63 51 214 0 5.81 6.14 
163634 2027 27 113 65 53 227 0 5.81 6.14 
163806 1987 26 114 65 53 229 0 5.81 6.14 
163978 2075 28 115 67 54 232 0 5.81 17.07 
164151 2061 27 114 66 54 230 0 5.81 6.14 
164323 2100 26 110 64 53 224 0 4.86 6.12 
164495 2169 30 114 68 54 232 0 4.86 23.82 
164668 2599 55 114 82 51 246 0 5.81 27.56 
164841 2614 133 191 156 69 420 0 5.81 23.55 
165014 2623 134 192 157 70 423 0 5.83 30.24 
165187 2616 132 190 155 69 419 0 5.81 16.12 
165359 2637 121 175 143 65 385 0 5.81 31.79 
165532 2641 121 173 142 64 381 0 5.81 31.01 
165705 2781 89 125 106 51 286 0 4.54 16.12 
165877 2618 105 156 126 58 346 0 5.81 16.10 
166049 2655 96 143 116 55 319 0 5.81 6.12 
166221 2694 107 153 127 59 343 0 29.27 20.86 
166395 2632 101 151 122 57 331 0 5.81 6.14 
166567 2654 53 108 79 49 234 0 5.81 16.44 
166739 2116 29 114 67 54 231 0 5.81 16.44 
166911 2034 26 111 64 52 224 0 5.81 16.42 
167083 2049 28 112 65 52 225 0 5.81 16.44 
167255 2049 28 112 65 52 226 0 5.81 16.42 
167427 2049 28 112 65 52 226 0 5.83 18.63 
167600 2082 28 113 66 53 229 0 5.81 6.12 
167772 2187 28 107 64 51 220 0 4.54 6.12 
167944 2716 37 92 64 46 201 0 5.81 6.12 
168116 2638 34 92 62 46 200 0 5.81 6.14 
168288 2765 37 91 64 46 201 0 5.81 16.12 
168460 2837 55 93 74 43 211 0 5.81 16.10 
168632 2876 49 86 68 41 198 0 5.81 26.71 
168805 2876 49 86 68 41 198 0 5.81 6.12 
168977 2624 116 170 138 63 374 0 5.81 6.12 
169149 2619 126 183 149 67 402 0 5.81 6.14 
169321 2636 118 170 139 63 375 0 5.81 6.12 
169493 2646 118 171 140 64 377 0 5.81 29.48 
169666 2636 118 170 139 63 374 0 5.81 4.84 
169838 2807 85 120 102 50 274 0 4.54 6.14 
170010 4026 80 112 109 76 297 0 4.54 6.14 
170182 4078 93 131 128 90 349 0 5.81 31.01 
170355 4078 93 131 128 90 349 0 4.54 29.48 
170528 3190 94 135 120 70 326 0 5.81 28.71 
170701 2622 131 187 153 68 411 0 5.81 6.14 
170873 2622 131 187 153 68 412 0 5.81 24.43 
171046 2610 133 193 157 70 424 0 5.81 16.12 
171218 2543 64 129 93 55 277 0 5.81 21.49 
171391 2069 27 112 65 53 227 0 5.81 15.79 
171563 2034 26 111 64 52 222 0 5.81 4.84 
171735 2069 27 112 65 53 226 0 5.81 17.07 
171908 2027 27 113 65 53 230 0 6.78 7.41 
172080 6224 82 96 117 97 310 0 5.81 6.12 
172252 7221 113 102 152 128 385 0 6.78 6.12 
172424 7221 113 102 152 128 385 0 5.81 16.75 
172596 7263 113 102 153 129 386 0 5.81 21.79 
172769 6066 78 97 113 94 306 0 5.81 15.79 
172941 2322 31 107 66 52 223 0 5.81 25.26 
173114 2619 95 145 116 55 317 0 5.81 17.05 
173287 2594 105 161 128 60 349 0 5.81 6.12 
173459 2607 107 161 129 60 350 0 5.81 6.14 
173631 2618 131 189 154 69 416 0 4.54 15.79 
173803 2686 105 151 125 58 338 0 5.81 33.34 
173976 2567 142 206 166 72 448 0 5.81 40.63 
174150 2564 150 215 174 74 469 0 43.88 16.12 
174325 3569 114 164 152 98 418 0 5.81 38.83 
174499 4038 176 250 242 170 668 0 5.81 6.12 
174671 4012 177 250 242 169 668 0 4.54 20.86 
174844 2975 114 163 141 76 383 0 5.81 6.12 
175016 2637 119 169 139 62 374 0 5.81 6.12 
175188 2649 83 137 107 56 301 0 5.81 6.14 
175360 2108 29 116 68 55 236 0 5.81 6.12 
175532 2042 28 114 66 53 229 0 4.54 6.14 
175704 2061 27 114 66 54 230 0 5.81 6.14 
175876 2061 27 114 66 54 230 0 4.54 6.12 
176048 2053 27 116 67 55 234 0 4.54 6.14 
176220 2146 28 118 69 58 246 0 4.54 6.12 
176392 2146 28 118 69 58 246 0 4.54 6.14 
176564 2146 28 118 69 58 246 0 4.54 6.14 
176736 2146 28 118 69 58 246 0 4.54 6.12 
176908 2146 28 118 69 58 246 0 5.81 41.55 
177082 2146 28 118 69 58 246 0 5.81 6.12 
177254 2087 28 117 68 56 240 0 5.81 22.97 
177427 2585 34 106 69 54 226 0 4.54 14.79 
177599 5843 56 76 84 70 230 0 4.54 6.14 
177771 7890 88 76 120 104 301 0 5.81 16.44 
177943 7239 77 72 105 89 266 0 4.54 6.14 
178115 7552 85 74 115 98 288 0 4.54 6.14 
178287 6926 68 69 95 80 246 0 4.54 4.84 
178459 2454 32 106 67 53 222 0 5.81 6.12 
178631 2213 29 110 66 53 226 0 5.81 11.76 
178803 2679 44 94 68 44 205 0 4.54 16.12 
178975 2682 127 187 153 73 414 0 4.54 6.14 
179147 2780 121 174 146 72 396 0 4.54 6.14 
179319 2536 179 252 204 83 547 0 5.81 18.31 
179492 2540 176 248 201 82 539 0 5.81 6.14 
179664 2587 152 212 174 73 466 0 5.81 6.14 
179836 2670 122 170 142 63 383 0 5.81 6.14 
180008 2558 161 226 184 76 493 0 5.81 6.12 
180180 2551 174 245 199 82 533 0 4.54 6.14 
180352 2825 98 158 128 71 360 0 5.81 22.41 
180525 1748 27 144 77 65 280 0 4.54 20.21 
180698 1629 21 138 70 60 263 0 5.81 19.28 
180871 2561 29 103 65 54 219 0 5.81 15.79 
181043 5009 49 65 70 54 191 0 15.16 16.12 
181216 6813 111 105 150 124 382 0 5.81 15.49 
181388 6965 120 112 162 135 412 0 4.84 10.76 
181560 5889 85 97 118 95 310 0 13.48 11.08 
181733 1969 39 124 73 48 243 0 15.83 4.52 
181905 3505 67 77 79 44 201 0 5.49 4.52 
182077 3877 103 103 118 68 292 0 5.51 4.52 
182249 3902 105 105 121 70 299 0 5.49 4.52 
182421 3889 105 104 120 69 296 0 5.49 4.52 
182593 3904 104 105 120 70 298 0 5.51 4.52 
182765 3892 105 107 122 71 303 0 7.74 4.52 
182937 3866 107 108 123 71 304 0 12.12 5.49 
183109 3892 105 107 122 71 303 0 6.78 9.40 
183281 3864 104 105 120 69 297 0 15.83 5.49 
183453 3589 63 71 74 42 188 0 16.46 5.49 
183625 1940 39 127 74 49 247 0 15.52 5.49 
183797 1921 39 126 73 48 245 0 15.52 5.49 
183969 1940 39 127 74 49 246 0 16.78 5.49 
184141 1921 39 126 73 48 245 0 16.76 5.49 
184313 2029 38 113 68 44 223 0 16.78 5.49 
184485 3307 43 78 64 44 188 0 16.76 5.49 
184657 3398 42 76 63 44 184 0 16.76 5.49 
184829 3398 42 76 63 44 184 0 16.78 5.49 
185001 3398 42 76 63 44 184 0 16.76 5.49 
185173 3398 42 76 63 44 184 0 16.76 5.49 
185345 3398 42 76 63 44 184 0 16.78 5.49 
185517 3398 42 76 63 44 184 0 16.78 5.49 
185689 3398 42 76 63 44 184 0 16.78 5.49 
185861 3398 42 76 63 44 184 0 16.78 5.49 
186033 3398 42 76 63 44 184 0 16.78 5.49 
186205 3398 42 76 63 44 184 0 5.81 19.28 
186378 3398 42 76 63 44 184 0 23.87 19.28 
186552 3343 42 77 63 44 185 0 48.82 6.77 
186726 3343 42 77 63 44 184 0 7.11 6.46 
186898 3343 42 77 63 44 184 0 16.76 6.44 
187071 3343 42 77 63 44 184 0 4.86 4.52 
187243 3343 42 77 63 44 184 0 5.81 10.42 
187415 3203 41 78 62 43 184 0 5.81 16.12 
187587 3203 41 78 62 43 184 0 5.81 16.10 
187759 3203 41 78 62 43 184 0 5.81 16.10 
187931 3203 41 78 62 43 184 0 3.25 3.89 
188103 3203 41 78 62 43 184 0 3.25 3.89 
188275 3327 40 77 62 44 184 0 4.54 2.92 
188447 3343 42 77 63 44 185 0 4.54 16.75 
188619 3203 41 78 62 43 184 0 4.54 15.47 
188791 3203 41 78 62 43 184 0 5.83 16.12 
188963 4763 59 81 84 64 229 0 4.54 17.07 
189135 6604 104 104 142 117 366 0 4.54 54.15 
189310 6812 130 126 177 147 453 0 4.54 16.75 
189482 6812 130 126 177 147 453 0 5.81 17.07 
189655 6602 101 102 138 114 356 0 5.81 6.12 
189827 6927 115 109 156 130 397 0 5.81 20.23 
190000 6729 106 103 144 119 366 0 5.81 17.37 
190173 2598 40 97 67 46 208 0 5.81 16.42 
190345 1828 38 130 73 47 248 0 5.81 9.06 
190517 2139 38 108 67 44 217 0 5.81 10.74 
190689 1944 39 125 73 48 244 0 5.81 9.06 
190861 1969 39 124 73 48 242 0 4.54 6.14 
191033 1921 39 126 73 48 245 0 4.54 4.84 
191205 1913 39 130 75 50 253 0 4.54 4.84 
191377 1925 40 131 76 50 254 0 4.54 9.06 
191549 1906 40 130 75 49 252 0 5.81 3.57 
191721 2702 44 90 66 42 198 0 5.81 5.80 
191893 3928 130 156 163 104 428 0 5.81 6.77 
192065 3910 137 166 172 110 453 0 9.74 3.57 
192237 3920 137 167 173 111 457 0 5.81 4.84 
192409 3765 87 87 99 55 244 0 9.76 56.61 
192584 3795 80 75 89 48 214 0 5.81 15.79 
192756 3782 82 77 91 49 218 0 5.81 35.84 
192930 3782 82 77 91 49 218 0 5.81 42.21 
193104 3782 82 77 91 49 218 0 5.81 6.46 
193276 3782 82 77 91 49 218 0 6.78 15.79 
193448 3728 66 69 76 43 189 0 4.54 6.14 
193620 3558 106 170 150 102 424 0 5.81 6.12 
193792 3603 117 186 165 113 468 0 4.54 4.84 
193964 2720 56 124 89 60 271 0 5.81 6.12 
194136 1928 40 129 75 49 251 0 5.81 16.75 
194308 2020 40 122 73 48 240 0 5.81 4.84 
194480 1854 38 129 73 48 246 0 5.81 6.14 
194652 1869 39 128 73 47 245 0 4.54 6.14 
194824 1969 39 124 73 48 243 0 5.81 34.61 
194998 2926 62 129 97 66 292 0 5.81 5.17 
195170 3659 54 64 66 39 170 0 5.81 6.12 
195342 3717 60 66 71 41 178 0 5.81 15.79 
195514 2992 67 133 102 69 304 0 5.81 45.78 
195688 1944 39 125 73 48 244 0 5.81 6.12 
195860 1937 38 122 71 47 238 0 5.81 6.14 
196032 1937 38 122 71 47 237 0 5.81 16.42 
196204 2130 41 118 73 48 237 0 8.06 5.17 
196376 2861 57 118 88 59 265 0 4.84 15.49 
196548 3465 50 68 64 39 171 0 4.54 6.14 
196720 3798 64 64 73 41 179 0 17.73 18.00 
196893 3775 57 63 68 40 171 0 5.81 6.12 
197065 3787 60 69 73 44 186 0 4.54 6.14 
197237 3746 61 70 74 44 187 0 20.26 6.14 
197410 3725 62 69 74 43 186 0 4.54 5.17 
197582 3761 53 57 62 36 157 0 8.07 35.60 
197756 3637 53 66 66 40 173 0 5.81 4.84 
197928 2795 56 120 88 59 267 0 4.54 4.84 
198100 2125 41 120 74 49 241 0 4.54 46.38 
198274 1878 38 126 72 47 243 0 4.54 44.42 
198448 1746 39 144 78 51 270 0 4.54 1.65 
198620 1904 38 123 71 46 237 0 5.81 6.14 
198792 1988 38 120 71 47 236 0 5.81 6.14 
198964 1909 37 125 72 48 242 0 5.81 6.14 
199136 2031 36 112 67 45 220 0 5.81 6.12 
199308 2037 36 110 66 44 218 0 5.81 41.09 
199482 2073 36 107 65 43 212 0 4.54 15.79 
199654 3588 73 122 106 74 304 0 4.54 58.40 
199829 6199 95 97 128 103 330 0 4.54 6.12 
200001 7148 74 69 101 85 258 0 4.54 6.12 
200173 7288 74 72 103 88 264 0 5.81 6.14 
200345 2739 32 92 62 48 199 0 4.54 6.14 
200517 3187 33 73 55 41 168 0 4.54 6.12 
200689 2741 33 91 62 47 198 0 4.54 16.12 
200861 3355 36 60 51 34 145 0 4.54 6.14 
201033 3072 53 82 70 41 192 0 4.54 1.65 
201205 2982 72 106 91 50 248 0 4.54 16.75 
201377 2950 68 101 86 47 234 0 4.54 1.65 
201549 2976 70 104 89 49 241 0 4.54 4.84 
201721 2976 70 104 89 49 242 0 5.81 6.14 
201893 2953 84 120 104 55 280 0 4.54 6.14 
202065 3008 69 99 86 47 233 0 5.81 6.14 
202237 2863 73 110 92 49 251 0 4.54 6.12 
202409 2811 91 132 111 56 300 0 4.54 6.14 
202581 2889 71 105 89 47 240 0 5.81 6.12 
202753 2995 57 84 72 40 196 0 5.81 6.12 
202925 3112 37 71 56 38 165 0 5.81 6.12 
203097 2576 34 101 66 51 216 0 5.81 6.14 
203269 2935 36 82 60 43 185 0 4.54 6.12 
203441 2852 83 120 102 52 276 0 4.54 4.84 
203613 3001 80 113 99 53 266 0 4.54 6.12 
203785 2953 84 120 104 55 281 0 4.54 6.12 
203957 3037 69 98 86 47 232 0 4.54 6.12 
204129 2832 97 137 117 58 315 0 4.54 6.12 
204301 2851 103 143 123 61 329 0 4.54 6.14 
204473 2838 99 139 119 59 319 0 4.54 6.12 
204645 3001 80 113 99 53 266 0 5.81 7.41 
204817 2968 85 121 105 56 283 0 5.81 7.41 
204989 3078 63 93 81 46 220 0 5.81 6.12 
205161 3416 52 96 79 56 229 0 9.08 4.84 
205333 3156 44 97 73 54 223 0 5.81 4.84 
205505 2978 36 84 61 45 190 0 5.81 4.84 
205677 3341 35 71 56 41 167 0 9.08 4.84 
205849 3341 35 71 56 41 167 0 9.42 4.84 
206021 3341 35 71 56 41 167 0 9.42 4.84 
206193 3276 35 72 56 41 169 0 9.42 4.84 
206365 3381 35 72 57 42 171 0 5.81 4.84 
206537 3404 34 73 57 43 174 0 4.54 4.84 
206709 3142 36 84 62 47 192 0 4.54 4.84 
206881 3334 62 114 93 65 267 0 4.54 4.84 
207053 3354 58 108 88 62 252 0 4.54 4.84 
207225 3354 58 108 88 62 253 0 4.54 6.14 
207397 3513 63 120 98 72 288 0 4.54 4.84 
207569 3585 70 114 100 69 283 0 4.54 6.12 
207741 3092 66 98 85 49 232 0 4.54 4.84 
207913 3184 63 91 81 47 219 0 4.54 4.84 
208085 3164 65 92 82 47 222 0 4.54 6.14 
208257 3164 65 92 82 47 222 0 4.86 4.52 
208429 3120 65 95 83 48 227 0 13.82 5.81 
208601 3417 66 106 92 61 259 0 13.12 5.81 
208773 3208 41 89 68 50 206 0 4.84 5.80 
208945 3328 40 91 69 53 211 0 4.86 5.81 
209117 3204 38 85 64 48 196 0 4.86 5.81 
209289 3175 35 74 57 41 171 0 4.86 5.80 
209461 3235 34 71 55 40 165 0 4.86 5.81 
209633 3321 33 71 55 41 167 0 4.86 5.81 
209805 3226 39 85 65 48 197 0 4.86 5.81 
209977 3400 44 70 61 40 170 0 4.86 5.81 
210149 3437 41 61 55 35 150 0 4.86 5.81 
210321 3482 40 60 54 35 150 0 4.86 5.81 
210493 3482 40 60 54 35 150 0 4.86 5.81 
210665 3493 41 60 55 35 150 0 4.86 5.80 
210837 3493 41 60 55 35 150 0 4.86 5.81 
211009 3493 41 60 55 35 150 0 4.86 5.81 
211181 3493 41 60 55 35 150 0 4.86 5.80 
211353 3352 38 59 52 33 143 0 4.86 5.81 
211525 3357 36 57 50 32 138 0 4.54 4.84 
211697 3386 38 63 54 36 152 0 5.81 4.84 
211869 3449 48 90 74 53 215 0 5.81 6.12 
212041 3442 33 66 53 39 158 0 6.46 4.52 
212213 3187 33 73 55 41 167 0 6.78 5.49 
212385 3013 31 74 54 40 165 0 6.78 5.49 
212557 3046 33 74 55 40 165 0 13.80 5.49 
212729 3046 33 74 55 40 166 0 6.78 9.06 
212901 3401 48 91 74 53 216 0 5.81 15.79 
213073 3426 39 75 61 44 178 0 5.81 16.12 
213245 3259 34 69 54 39 162 0 5.81 16.12 
213417 3324 34 68 54 39 162 0 5.81 13.45 
213589 3259 34 69 54 39 162 0 5.81 15.79 
213761 3259 34 69 54 39 162 0 5.81 9.06 
213933 3259 34 69 54 39 162 0 5.81 9.06 
214105 3281 35 69 55 39 162 0 5.81 6.12 
214277 3382 44 86 69 50 205 0 4.86 8.06 
214449 3247 37 81 62 46 186 0 5.18 9.74 
214621 3098 32 76 56 42 171 0 5.17 9.74 
214793 3190 34 75 57 42 171 0 5.18 9.74 
214965 3127 34 76 57 42 171 0 5.18 9.74 
215137 3127 34 76 57 42 171 0 16.13 9.40 
215310 3266 41 83 65 47 193 0 6.78 12.44 
215482 3381 40 79 63 46 189 0 6.78 12.43 
215654 3421 37 70 57 41 166 0 6.78 16.42 
215827 3510 37 67 56 40 162 0 6.78 12.43 
215999 3438 32 55 47 32 135 0 6.78 12.44 
216171 3386 34 56 48 32 136 0 6.78 12.44 
216343 3386 34 56 48 32 136 0 6.78 12.44 
216515 3386 34 56 48 32 136 0 6.78 12.44 
216687 3361 34 58 49 33 140 0 5.81 9.40 
216859 3330 44 87 69 50 204 0 6.78 6.46 
217031 2938 38 92 66 49 205 0 14.14 5.17 
217203 3026 39 92 67 50 208 0 13.14 6.46 
217375 3034 37 88 64 48 199 0 13.48 9.74 
217548 3230 35 76 58 43 174 0 13.48 5.49 
217720 3045 34 79 58 43 178 0 12.12 5.49 
217892 3045 34 79 58 43 178 0 5.81 5.49 
218064 3074 36 79 59 43 179 0 16.13 15.13 
218237 3533 52 87 75 52 213 0 6.78 14.47 
218409 3541 80 118 108 70 299 0 6.78 15.79 
218581 3462 74 109 99 63 274 0 6.78 15.79 
218753 3462 74 109 99 63 274 0 6.78 16.12 
218926 3507 74 109 99 64 275 0 6.78 16.12 
219099 3507 74 109 99 64 275 0 16.46 16.12 
219272 3448 72 106 96 61 266 0 6.78 18.95 
219445 3099 64 94 82 47 224 0 6.78 15.79 
219617 2968 85 121 105 56 284 0 22.44 18.33 
219791 2968 85 121 105 56 284 0 6.78 22.12 
219964 2953 84 120 104 55 281 0 30.31 31.53 
220139 2851 95 133 114 57 306 0 29.78 29.73 
220314 2832 97 137 117 58 313 0 24.74 25.26 
220488 2833 99 141 120 60 323 0 18.68 16.41 
220661 2989 82 114 100 53 269 0 15.83 15.79 
220834 3124 66 97 85 49 232 0 15.83 7.41 
221007 3051 69 102 88 50 240 0 15.83 7.41 
221180 3080 69 101 88 50 239 0 15.83 7.41 
221353 3080 69 101 88 50 239 0 9.42 15.49 
221526 3051 69 102 88 50 241 0 5.51 6.44 
221698 3353 78 115 103 64 283 0 5.49 15.13 
221870 3528 83 125 113 74 312 0 5.51 15.13 
222042 3459 81 121 109 70 301 0 5.51 15.15 
222214 3459 81 121 109 70 302 0 5.51 9.40 
222386 3459 81 121 109 70 302 0 6.78 19.28 
222559 3597 70 109 98 66 275 0 5.51 18.95 
222732 3471 36 66 55 39 162 0 5.51 15.79 
222904 3638 35 68 56 42 173 0 5.49 6.14 
223076 3416 34 65 53 38 157 0 5.49 16.12 
223248 2908 32 79 56 42 175 0 6.78 16.12 
223421 2849 30 81 56 43 178 0 6.78 15.79 
223593 2444 30 100 63 50 211 0 5.51 15.79 
223765 2431 30 102 64 51 214 0 5.81 26.98 
223938 2851 32 85 59 45 187 0 4.54 15.79 
224110 3013 34 89 63 49 198 0 5.81 34.37 
224284 2952 33 85 60 46 189 0 5.49 17.37 
224457 2636 33 99 65 51 211 0 6.78 17.37 
224630 2454 32 106 67 53 223 0 5.81 5.17 
224802 5302 56 80 84 68 233 0 5.51 16.75 
224974 7050 122 113 165 138 418 0 6.78 42.42 
225148 7011 121 113 164 137 416 0 5.49 35.84 
225322 5670 62 78 89 72 241 0 5.51 6.44 
225494 2465 33 105 67 52 221 0 6.78 23.83 
225667 2652 32 97 64 50 209 0 5.81 24.97 
225840 3056 67 98 85 48 231 0 5.81 18.33 
226013 2992 67 99 85 47 232 0 5.51 35.84 
226187 2739 32 92 62 48 199 0 6.78 15.81 
226359 3134 35 87 63 49 197 0 6.78 9.06 
226531 6975 98 91 132 110 335 0 6.78 16.75 
226704 7208 112 100 150 126 379 0 5.51 34.10 
226877 7123 110 100 148 124 375 0 5.81 27.00 
227050 6184 105 106 141 113 362 0 6.78 22.12 
227223 6759 66 67 91 76 235 0 6.78 15.79 
227395 3013 33 84 60 46 187 0 6.78 24.97 
227568 2925 33 81 58 43 180 0 5.81 26.42 
227741 3558 33 69 55 42 164 0 6.78 24.99 
227914 4861 39 52 55 42 150 0 6.78 15.79 
228086 4271 36 58 54 41 153 0 5.51 15.79 
228258 2950 32 80 57 43 178 0 5.51 16.75 
228430 2888 34 85 60 45 188 0 6.78 15.79 
228602 2908 34 88 62 47 195 0 5.81 27.56 
228775 5291 45 62 66 53 181 0 6.78 16.12 
228948 7368 73 67 100 85 252 0 5.81 33.34 
229121 7884 92 77 124 107 310 0 6.78 9.40 
229293 6719 93 90 126 104 321 0 6.78 16.75 
229466 4816 69 89 96 72 259 0 5.51 17.07 
229638 2770 35 79 57 39 175 0 6.78 28.15 
229811 5546 99 110 134 104 351 0 6.78 15.79 
229983 7505 85 75 115 98 289 0 5.51 16.12 
230155 7048 67 62 91 76 231 0 6.78 16.42 
230328 3055 33 80 58 44 180 0 6.78 9.40 
230500 3052 38 91 66 50 203 0 4.54 17.37 
230672 2848 33 84 59 44 185 0 6.78 15.79 
230844 3078 32 73 54 40 165 0 6.78 14.13 
231016 2747 34 96 65 50 209 0 6.78 12.10 
231188 2589 36 99 66 49 213 0 6.78 16.12 
231361 2589 36 99 66 49 213 0 6.78 10.74 
231533 2632 35 99 66 50 213 0 6.78 24.12 
231706 2632 35 99 66 50 214 0 6.78 13.79 
231878 2632 35 99 66 50 214 0 6.78 16.12 
232051 2632 35 99 66 50 214 0 6.78 16.12 
232224 2632 35 99 66 50 214 0 6.78 16.12 
232397 2632 35 99 66 50 214 0 6.78 16.12 
232570 2632 35 99 66 50 214 0 6.78 16.12 
232743 2636 36 98 66 49 212 0 6.78 7.74 
232915 2950 32 80 57 43 178 0 4.86 4.52 
233087 2965 34 82 59 44 183 0 5.18 11.42 
233259 2928 31 77 55 41 171 0 5.17 10.08 
233431 3013 31 74 54 40 165 0 4.86 4.52 
233603 3056 32 75 55 41 167 0 4.86 10.06 
233775 2843 30 75 53 39 164 0 4.86 4.52 
233947 2906 33 83 59 44 185 0 4.86 4.54 
234119 2848 33 84 59 44 185 0 4.86 4.52 
234291 2789 37 101 69 53 221 0 4.86 4.52 
234463 2599 34 104 68 53 221 0 4.86 3.25 
234635 2454 32 106 67 53 222 0 4.86 5.81 
234807 2050 26 107 62 50 216 0 4.86 16.12 
234979 2133 28 110 65 52 223 0 4.86 4.52 
235151 1979 28 127 72 60 255 0 4.86 4.52 
235323 1663 22 137 71 61 264 0 4.86 4.52 
235495 1930 25 114 64 53 226 0 4.86 4.52 
235667 1876 25 121 67 56 239 0 4.84 4.52 
235839 1822 23 121 66 56 238 0 4.86 4.52 
236011 1892 24 115 64 53 227 0 4.86 4.52 
236183 1649 22 138 71 61 264 0 4.86 5.81 
236355 1867 30 139 77 63 273 0 4.86 4.52 
236527 2021 35 146 84 68 293 0 4.86 4.52 
236699 1912 33 146 82 66 293 0 4.86 4.52 
236871 1885 33 147 82 66 294 0 4.86 4.52 
237043 1885 33 147 82 66 294 0 4.86 4.52 
237215 1926 34 147 83 66 294 0 4.86 5.80 
237387 1854 28 136 75 62 269 0 4.86 4.52 
237559 1910 29 136 76 63 270 0 4.84 5.81 
237731 1811 27 134 73 61 264 0 4.86 4.52 
237903 1753 26 140 75 63 273 0 4.86 4.54 
238075 1831 23 117 64 54 231 0 4.86 4.52 
238247 3814 39 89 70 57 215 0 4.84 4.52 
238419 6780 102 96 137 113 348 0 4.86 4.52 
238591 6024 63 69 87 70 229 0 4.86 4.52 
238763 6115 65 70 89 72 233 0 4.86 4.52 
238935 6900 87 82 118 98 299 0 4.86 4.54 
239107 6770 85 80 114 94 289 0 4.86 4.52 
239279 6770 85 80 114 94 289 0 4.86 4.52 
239451 6770 85 80 114 94 289 0 4.86 4.52 
239623 6770 85 80 114 94 289 0 4.86 4.52 
239795 6775 81 78 110 91 279 0 4.86 4.52 
239967 6127 61 66 84 68 221 0 4.86 4.52 
240139 6098 64 69 88 71 230 0 4.86 4.52 
240311 6022 64 73 90 73 240 0 4.86 4.52 
240483 5377 54 69 77 61 210 0 4.86 4.52 
240655 2242 28 110 66 54 226 0 4.86 4.52 
240827 2067 29 117 68 55 237 0 4.86 4.52 
240999 2270 29 107 65 52 221 0 4.86 5.80 
241171 2729 29 89 59 47 193 0 4.86 5.81 
241343 4597 44 74 69 55 199 0 4.86 5.81 
241515 6353 75 78 103 84 269 0 4.86 5.81 
241687 6789 95 92 129 107 331 0 4.86 4.52 
241859 7087 110 101 148 124 377 0 4.86 5.80 
242031 6338 72 76 99 81 259 0 4.86 5.81 
242203 5758 60 67 82 65 218 0 4.86 5.81 
242375 5758 60 67 82 65 218 0 4.86 5.80 
242547 5949 60 69 84 68 224 0 4.86 4.52 
242719 6426 80 80 108 88 279 0 4.86 4.52 
242891 7160 96 86 129 108 325 0 4.86 4.52 
243063 6183 120 121 161 129 415 0 4.86 4.52 
243235 7329 106 95 143 121 361 0 4.86 5.81 
243407 7367 106 94 143 121 360 0 4.86 5.80 
243579 7076 86 80 117 98 296 0 4.86 4.54 
243751 7737 94 79 126 108 314 0 4.86 4.54 
243923 7786 95 79 127 109 317 0 4.86 4.52 
244095 7786 95 79 127 109 317 0 4.86 5.80 
244267 7889 92 78 125 108 313 0 4.84 4.52 
244439 7889 92 78 125 108 313 0 4.84 5.81 
244611 7938 93 78 126 109 314 0 4.86 4.52 
244783 7889 92 78 125 108 312 0 4.84 5.81 
244955 6862 66 64 90 75 230 0 4.84 5.81 
245127 7140 69 64 94 79 237 0 4.86 5.81 
245299 7060 68 63 92 77 232 0 4.86 5.81 
245471 7060 68 63 92 77 232 0 4.84 5.80 
245643 6935 63 61 86 72 219 0 4.86 4.52 
245815 7828 91 76 122 105 304 0 4.84 4.52 
245987 7938 93 78 126 109 315 0 4.86 4.52 
246159 7938 93 78 126 109 315 0 4.86 4.52 
246331 7938 93 78 126 109 315 0 4.86 4.52 
246503 7938 93 78 126 109 315 0 4.86 4.52 
246675 7835 95 79 128 110 319 0 4.86 4.52 
246847 7943 94 79 127 110 318 0 4.84 4.52 
247019 7943 94 79 127 110 318 0 4.86 4.54 
247191 7943 94 79 127 110 318 0 4.86 4.52 
247363 7938 93 78 126 109 314 0 4.86 4.52 
247535 7151 70 65 95 80 241 0 4.86 4.52 
247707 7735 78 67 106 91 265 0 4.86 4.52 
247879 7735 78 67 106 91 265 0 4.86 4.52 
248051 7735 78 67 106 91 265 0 4.86 4.52 
248223 7735 78 67 106 91 265 0 4.86 4.52 
248395 7735 78 67 106 91 265 0 4.86 4.52 
248567 7735 78 67 106 91 265 0 4.86 4.52 
248739 7735 78 67 106 91 264 0 4.54 4.84 
248911 7284 71 65 97 82 244 0 4.54 4.84 
249083 5620 51 58 70 55 183 0 4.54 4.84 
249255 5436 49 58 68 53 179 0 4.54 4.84 
249427 5529 50 58 69 54 180 0 4.54 4.86 
249599 5529 50 58 69 54 180 0 4.54 4.84 
249771 5529 50 58 69 54 180 0 4.54 4.84 
249943 5529 50 58 69 54 180 0 4.54 4.84 
250115 5529 50 58 69 54 180 0 21.20 4.84 
250288 4444 44 62 62 46 169 0 6.46 5.80 
250460 2857 34 75 55 38 166 0 6.46 5.81 
250632 2956 33 71 53 37 160 0 6.46 5.80 
250804 2956 33 71 53 37 160 0 6.46 5.81 
250976 2956 33 71 53 37 160 0 6.46 5.80 
251148 2956 33 71 53 37 161 0 6.46 5.81 
251320 2989 35 71 54 37 161 0 6.46 5.81 
251492 2989 35 71 54 37 161 0 6.46 5.81 
251664 2989 35 71 54 37 161 0 6.46 5.81 
251836 2989 35 71 54 37 161 0 5.18 5.80 
252008 2989 35 71 54 37 161 0 3.57 5.81 
252180 2838 35 76 56 38 170 0 3.57 4.52 
252352 2642 38 90 63 43 195 0 5.81 4.84 
252524 2634 39 91 64 43 196 0 4.86 4.84 
252696 2655 38 88 62 42 190 0 4.86 4.52 
252868 2760 37 85 61 42 187 0 4.86 4.52 
253040 3047 35 70 54 37 161 0 4.86 4.52 
253212 3627 37 62 54 38 155 0 4.84 4.54 
253384 4144 41 62 59 43 164 0 4.84 5.81 
253556 6354 63 66 87 71 222 0 4.86 4.52 
253728 6509 69 68 93 76 236 0 4.86 4.52 
253900 7074 77 72 105 88 265 0 4.86 4.52 
254072 6710 73 73 100 83 255 0 4.86 4.52 
254244 7103 93 87 126 106 319 0 4.86 4.52 
254416 7103 93 87 126 106 319 0 4.86 4.52 
254588 7103 93 87 126 106 319 0 4.84 4.52 
254760 7154 93 87 127 107 321 0 4.86 4.52 
254932 5278 130 146 174 132 456 0 4.86 4.54 
255104 5867 124 125 164 128 423 0 4.86 5.80 
255276 5877 125 126 165 129 426 0 4.84 5.81 
255448 5314 133 145 176 133 460 0 4.86 5.80 
255620 6352 90 91 122 99 314 0 4.86 4.52 
255792 7135 78 72 106 89 266 0 4.86 4.52 
255964 7003 76 71 103 86 259 0 4.86 4.52 
256136 7003 76 71 103 86 259 0 4.86 4.52 
256308 7003 76 71 103 86 259 0 4.86 4.52 
256480 7003 76 71 103 86 259 0 4.86 5.81 
256652 6889 75 72 102 85 258 0 4.86 5.81 
256824 5549 112 122 150 116 390 0 4.86 4.52 
256996 5109 121 143 164 124 433 0 4.84 4.52 
257168 5731 103 110 138 108 357 0 4.86 4.52 
257340 7095 74 70 101 85 256 0 4.86 10.40 
257512 6501 65 66 89 73 226 0 4.86 4.52 
257684 5777 52 57 71 56 184 0 5.17 15.79 
257856 4405 40 57 57 42 156 0 4.86 5.81 
258028 3278 49 91 74 51 213 0 4.84 4.52 
258200 3158 46 90 71 49 207 0 4.86 4.52 
258372 3779 40 66 59 42 167 0 4.86 4.52 
258544 6990 67 63 91 76 230 0 4.86 4.52 
258716 7190 74 67 100 84 252 0 4.86 4.52 
258888 7833 91 77 123 106 307 0 4.86 4.52 
259060 7779 86 75 117 101 295 0 4.86 4.52 
259232 5585 49 61 70 56 190 0 4.86 4.52 
259404 5394 48 61 68 54 185 0 4.86 4.52 
259576 4016 37 69 59 46 174 0 4.86 4.52 
259748 2457 30 98 62 49 207 0 4.86 4.54 
259920 2444 30 100 63 50 211 0 4.86 4.52 
260092 2699 32 91 61 47 196 0 4.86 4.52 
260264 2739 84 131 106 55 293 0 4.86 4.52 
260436 2730 105 151 126 60 339 0 4.86 4.52 
260608 2625 125 180 147 66 396 0 4.86 4.54 
260780 2749 108 154 129 62 347 0 4.86 4.52 
260952 2730 95 139 115 56 311 0 4.86 4.52 
261124 2913 30 80 56 43 176 0 4.86 4.52 
261296 2480 32 102 65 51 214 0 5.18 6.77 
261468 6388 62 67 86 71 224 0 4.84 4.52 
261640 7437 77 67 104 88 259 0 4.86 4.52 
261812 5410 47 58 66 52 175 0 5.18 4.52 
261984 5410 47 58 66 52 175 0 4.86 4.52 
262156 3952 41 68 61 45 173 0 4.86 4.52 
262328 3056 37 72 56 38 165 0 4.86 4.52 
262500 3759 49 57 60 36 154 0 4.86 4.52 
262672 3752 49 54 58 34 145 0 4.84 4.52 
262844 3715 47 50 55 31 136 0 4.86 4.52 
263016 3781 51 55 60 35 150 0 5.81 4.84 
263188 3614 43 58 56 35 148 0 4.86 4.52 
263360 3037 37 74 57 39 170 0 4.84 4.52 
263532 7404 73 64 98 83 247 0 4.86 4.52 
263704 3540 37 79 62 48 187 0 4.86 4.52 
263876 2805 51 97 74 46 217 0 4.86 3.25 
264048 2724 110 157 131 62 352 0 4.86 4.52 
264220 2831 91 131 111 56 302 0 4.86 4.52 
264392 3950 120 176 167 117 461 0 4.86 4.52 
264564 3996 147 211 203 142 561 0 4.86 4.52 
264736 3848 113 162 154 105 423 0 4.84 4.52 
264908 3246 83 114 104 60 283 0 4.86 4.52 
265080 3945 130 185 178 123 488 0 4.86 1.65 
265252 3717 157 213 205 133 568 0 4.86 4.52 
265424 4166 142 195 194 137 521 0 4.86 4.52 
265596 4093 139 199 193 137 533 0 4.86 4.52 
265768 4063 138 199 192 136 532 0 4.86 5.81 
265940 4031 101 146 140 99 387 0 4.86 4.52 
266112 4097 124 177 172 122 473 0 4.86 4.52 
266284 4089 112 163 157 112 434 0 4.86 4.54 
266456 4160 70 97 96 68 266 0 4.86 4.52 
266628 4162 70 100 98 70 273 0 4.86 4.52 
266800 4053 76 110 106 75 293 0 4.86 4.52 
266972 4080 119 172 166 118 459 0 4.84 4.52 
267144 4088 121 173 168 119 463 0 4.86 4.52 
267316 4095 118 170 164 117 454 0 4.86 4.52 
267488 4126 89 130 125 90 348 0 4.86 4.52 
267660 4128 104 150 145 104 402 0 4.84 4.52 
267832 4128 104 150 145 104 401 0 4.86 4.52 
268004 4074 93 139 132 95 368 0 4.84 4.52 
268176 4075 90 133 127 91 353 0 4.86 5.81 
268348 3929 37 67 58 44 170 0 4.86 5.80 
268520 3620 29 71 54 44 167 0 4.86 5.81 
268692 3564 27 84 59 52 193 0 4.86 4.52 
268864 3531 27 89 61 55 202 0 4.84 5.81 
269036 3607 26 85 59 53 195 0 4.86 4.52 
269208 3641 29 77 57 48 181 0 4.86 5.81 
269380 3663 29 83 60 52 193 0 4.86 19.28 
269553 3612 29 82 59 51 191 0 4.86 9.74 
269725 3690 29 67 52 42 160 0 4.86 4.52 
269897 3815 29 64 51 41 156 0 4.86 5.80 
270069 3610 28 71 53 44 167 0 4.86 5.81 
270241 3494 27 91 62 56 208 0 4.86 5.81 
270413 3494 27 91 62 56 208 0 4.86 5.80 
270585 3494 27 91 62 56 208 0 4.86 4.52 
270757 3531 27 89 61 55 204 0 4.84 4.52 
270929 3528 26 78 55 48 180 0 4.86 4.52 
271101 3382 26 89 60 54 201 0 4.86 4.52 
271273 3490 26 80 56 49 184 0 4.86 4.52 
271445 3624 27 88 61 55 202 0 4.86 4.52 
271617 3531 27 89 61 55 204 0 4.84 4.52 
271789 3596 28 79 57 49 184 0 4.86 4.52 
271961 3558 30 89 63 55 205 0 4.86 4.52 
272133 3570 31 89 64 55 206 0 4.86 5.80 
272305 4496 34 59 54 43 154 0 4.86 5.81 
272477 4794 36 57 55 44 152 0 4.86 4.52 
272649 4755 35 56 54 43 150 0 15.50 4.84 
272821 5798 37 52 56 47 155 0 4.86 6.12 
272993 6199 40 53 60 51 165 0 4.86 6.12 
273165 6199 40 53 60 51 165 0 4.86 6.14 
273337 6199 40 53 60 51 165 0 4.86 6.12 
273509 6199 40 53 60 51 165 0 4.86 4.52 
273681 6049 38 52 58 49 159 0 4.84 4.52 
273853 3730 31 76 58 48 180 0 4.84 4.54 
274025 3444 31 89 63 54 203 0 4.86 4.52 
274197 3341 31 89 63 53 202 0 4.84 4.52 
274369 3341 31 89 63 53 202 0 4.86 4.52 
274541 3341 31 89 63 53 202 0 4.86 4.52 
274713 3523 31 88 63 54 202 0 4.86 4.52 
274885 3751 29 71 54 45 169 0 4.84 4.52 
275057 3662 28 72 54 45 170 0 4.86 16.44 
275229 3690 29 67 52 42 160 0 4.84 4.54 
275401 4929 36 54 54 43 151 0 4.86 10.42 
275573 5177 37 54 56 45 155 0 4.86 4.54 
275745 5292 36 55 56 46 156 0 4.86 5.81 
275917 4586 34 55 52 41 148 0 4.86 4.52 
276089 3570 31 89 64 55 207 0 4.86 4.52 
276261 3570 31 89 64 55 206 0 4.86 4.54 
276433 3523 31 88 63 54 204 0 4.86 4.52 
276605 3523 31 88 63 54 204 0 4.86 4.52 
276777 3523 31 88 63 54 203 0 4.84 4.52 
276949 3671 28 86 61 54 200 0 4.84 4.52 
277121 3341 31 89 63 53 203 0 4.86 4.52 
277293 3341 31 89 63 53 203 0 4.86 4.52 
277465 3341 31 89 63 53 203 0 4.86 4.52 
277637 3491 29 85 60 52 196 0 4.86 4.54 
277809 3824 39 81 66 52 199 0 4.86 4.52 
277981 4087 71 105 100 72 279 0 4.86 4.52 
278153 4028 70 105 99 71 274 0 4.86 4.52 
278325 4088 80 118 113 81 313 0 4.86 4.54 
278497 4108 82 122 116 84 324 0 4.84 4.52 
278669 4159 82 122 117 85 326 0 4.86 4.52 
278841 4159 82 122 117 85 326 0 4.86 4.52 
279013 4119 84 123 118 85 327 0 4.86 4.52 
279185 4083 60 89 85 61 237 0 4.86 4.52 
279357 4008 61 89 85 60 235 0 4.86 16.12 
279529 4008 61 89 85 60 235 0 4.86 4.52 
279701 4109 67 97 94 67 260 0 4.86 4.52 
279873 4106 81 119 114 82 317 0 4.86 5.81 
280045 4102 77 118 111 81 311 0 4.86 5.81 
280217 4079 79 120 113 82 316 0 4.86 4.52 
280389 4073 80 120 114 82 317 0 4.84 16.12 
280561 3918 48 87 75 57 219 0 4.86 15.79 
280733 3775 29 77 57 49 182 0 4.86 3.25 
280905 3709 28 84 60 53 195 0 4.84 5.81 
281077 3709 28 84 60 53 196 0 4.86 4.54 
281249 3967 50 86 76 57 220 0 4.86 4.52 
281421 4083 73 108 103 74 288 0 4.86 4.52 
281593 2890 84 120 103 53 278 0 4.86 4.52 
281765 2979 73 105 91 49 246 0 4.86 5.80 
281937 4102 73 109 104 75 290 0 4.84 5.81 
282109 4073 80 120 114 82 318 0 4.86 4.52 
282281 4084 83 121 116 83 321 0 4.86 4.52 
282453 4086 83 124 118 85 329 0 4.86 4.52 
282625 4104 84 125 119 86 331 0 4.84 4.52 
282797 4104 84 125 119 86 332 0 4.86 5.81 
282969 4086 83 124 118 85 328 0 4.86 4.52 
283141 4159 82 122 117 85 325 0 4.86 4.52 
283313 4142 82 121 116 84 322 0 4.86 4.52 
283485 4159 82 122 117 85 325 0 4.86 4.52 
283657 4159 82 122 117 85 326 0 4.84 4.52 
283829 4159 82 122 117 85 326 0 4.86 4.52 
284001 4087 71 105 100 72 278 0 4.86 4.52 
284173 4015 62 95 89 64 250 0 4.84 4.52 
284345 3954 81 125 116 83 325 0 4.86 6.14 
284517 3860 63 108 95 70 273 0 4.86 4.52 
284689 3777 29 66 52 42 158 0 4.84 5.81 
284861 3719 26 65 49 41 154 0 4.86 5.80 
285033 3719 26 65 49 41 154 0 4.86 5.81 
285205 3719 26 65 49 41 154 0 4.84 4.52 
285377 3723 27 65 50 41 155 0 4.84 4.52 
285549 3841 53 93 81 60 234 0 4.84 4.52 
285721 4069 83 123 117 84 323 0 4.86 4.52 
285893 4093 88 128 123 88 339 0 4.86 4.52 
286065 4093 88 128 123 88 339 0 4.86 5.81 
286237 4111 78 116 111 80 306 0 4.86 4.52 
286409 4038 66 102 95 69 266 0 4.84 4.52 
286581 4060 66 103 96 70 269 0 4.86 4.52 
286753 4060 66 103 96 70 269 0 4.86 4.52 
286925 4016 65 101 94 68 264 0 4.86 4.52 
287097 3938 61 100 90 66 255 0 4.86 4.52 
287269 3768 37 74 61 47 180 0 4.86 4.52 
287441 3957 38 76 63 50 188 0 4.84 4.52 
287613 3957 38 76 63 50 189 0 4.86 16.12 
287785 3957 38 76 63 50 189 0 4.84 4.52 
287957 3888 47 86 74 56 216 0 4.86 4.52 
288129 4049 70 106 100 72 278 0 4.84 4.52 
288301 4084 64 98 92 67 258 0 4.86 4.52 
288473 4193 62 99 92 69 261 0 4.86 5.81 
288645 4064 64 100 93 68 262 0 4.86 4.52 
288817 4059 75 110 105 75 291 0 4.86 4.52 
288989 4109 88 129 124 89 343 0 4.86 4.52 
289161 4128 104 150 145 104 401 0 4.86 4.52 
289333 4142 82 121 116 84 323 0 13.12 4.84 
289505 4116 69 106 100 73 280 0 4.86 4.52 
289677 3906 46 81 71 53 204 0 10.76 4.20 
289849 3777 29 66 52 42 159 0 10.76 4.20 
290021 3815 29 64 51 41 155 0 10.78 4.20 
290193 3815 29 64 51 41 155 0 5.81 5.81 
290365 3815 29 64 51 41 155 0 4.54 6.14 
290537 3803 28 61 49 39 149 0 5.81 7.41 
290709 3789 30 69 54 44 166 0 5.81 4.86 
290881 4028 70 105 99 71 274 0 4.54 18.00 
291053 4035 65 99 93 67 260 0 4.54 18.00 
291225 4035 65 99 93 67 259 0 5.81 4.84 
291397 4035 65 99 93 67 259 0 5.81 18.95 
291570 4038 66 102 95 69 266 0 5.81 6.12 
291742 4060 66 103 96 70 269 0 14.48 6.14 
291914 4056 69 106 99 72 277 0 14.81 6.14 
292086 3961 72 105 100 70 273 0 14.82 6.14 
292258 3983 68 100 95 67 259 0 5.81 6.14 
292430 3983 68 100 95 67 260 0 5.81 6.12 
292602 4046 73 109 103 74 286 0 5.81 6.14 
292774 4056 69 106 99 72 278 0 5.81 6.12 
292946 4146 68 107 100 74 283 0 5.81 16.75 
293118 4077 69 107 100 73 281 0 5.81 6.12 
293290 4013 68 104 97 70 271 0 5.81 4.84 
293462 4018 60 92 86 62 241 0 4.54 6.14 
293634 4072 47 75 69 51 197 0 9.76 21.49 
293807 3921 36 64 56 42 163 0 4.54 4.84 
293979 3972 44 69 64 46 181 0 5.51 6.46 
294151 4057 66 100 94 68 262 0 5.51 15.13 
294323 4022 64 101 93 68 260 0 5.51 14.13 
294495 3922 52 82 75 54 211 0 5.51 14.47 
294667 3832 48 76 69 49 194 0 13.12 9.74 
294839 3886 48 75 69 49 193 0 7.43 9.40 
295011 4062 48 75 70 51 197 0 9.76 9.74 
295183 4060 51 81 75 55 212 0 5.81 11.08 
295355 3976 47 75 69 50 193 0 5.81 16.44 
295527 3973 52 81 75 54 210 0 4.54 6.14 
295699 4018 60 92 86 62 241 0 5.81 6.14 
295871 4035 68 105 98 71 275 0 4.54 17.07 
296043 4056 69 106 99 72 277 0 10.42 7.41 
296215 4077 69 107 100 73 280 0 15.83 5.17 
296387 4081 67 104 97 71 273 0 14.81 6.44 
296559 3945 49 77 71 51 201 0 6.46 6.77 
296731 3998 50 76 71 51 197 0 4.86 13.45 
296903 4056 51 78 73 53 204 0 6.46 4.52 
297075 4028 53 83 77 56 217 0 13.14 4.20 
297247 4028 53 83 77 56 217 0 5.51 17.07 
297419 4028 53 83 77 56 215 0 6.78 16.12 
297592 4225 60 94 88 66 245 0 6.78 16.12 
297765 4076 65 98 93 67 261 0 6.78 24.12 
297938 3992 62 94 88 63 246 0 5.51 16.12 
298110 4038 60 90 85 61 237 0 5.51 23.85 
298283 4012 65 98 92 66 257 0 6.78 26.40 
298456 4051 53 81 76 55 213 0 6.78 27.57 
298629 3790 29 58 48 37 142 0 5.51 27.57 
298802 3764 29 63 50 40 152 0 5.51 25.86 
298975 3803 28 61 49 39 149 0 5.51 6.44 
299147 3988 47 78 70 52 200 0 5.51 6.44 
299319 4095 69 105 99 72 276 0 5.18 13.79 
299491 3972 62 96 89 64 248 0 5.51 12.44 
299663 3904 41 64 59 42 165 0 13.14 11.08 
299836 3797 41 61 57 39 157 0 13.12 11.10 
300009 3762 41 60 56 38 154 0 11.78 10.74 
300181 3762 41 60 56 38 155 0 5.51 15.15 
300353 3933 43 65 61 43 169 0 6.78 9.08 
300525 3869 41 63 58 41 162 0 5.51 5.17 
300697 3974 42 66 61 44 171 0 5.51 5.17 
300869 3974 42 66 61 44 171 0 5.49 5.17 
301041 3974 42 66 61 44 171 0 6.78 9.06 
301213 3974 42 66 61 44 170 0 6.78 9.74 
301385 3946 40 65 59 43 167 0 6.78 8.38 
301557 3939 42 65 60 43 169 0 6.78 8.06 
301729 3939 42 65 60 43 169 0 6.78 5.80 
301901 3939 42 65 60 43 169 0 6.78 3.89 
302073 3939 42 65 60 43 169 0 6.78 4.20 
302245 3939 42 65 60 43 167 0 6.78 5.17 
302417 3869 41 63 58 41 162 0 6.78 9.06 
302589 3975 40 63 58 42 164 0 5.51 6.44 
302761 3869 41 63 58 41 162 0 5.49 6.46 
302933 3939 39 62 57 41 161 0 5.51 6.44 
303105 3939 39 62 57 41 161 0 5.49 6.46 
303277 3869 41 63 58 41 162 0 5.51 5.17 
303449 3869 41 63 58 41 162 0 5.51 9.74 
303621 3975 40 63 58 42 164 0 6.78 5.17 
303793 3913 36 61 54 40 155 0 5.81 3.57 
303965 3815 29 64 51 41 156 0 5.81 4.52 
304137 3704 29 59 48 37 144 0 5.81 4.52 
304309 3743 30 57 48 36 141 0 5.81 4.86 
304481 3790 29 58 48 37 142 0 4.54 7.09 
304653 3864 30 65 52 42 158 0 4.54 4.84 
304825 3869 41 63 58 41 162 0 5.81 15.79 
304997 3306 53 77 69 42 188 0 5.81 13.79 
305169 3281 40 70 58 39 167 0 5.81 14.13 
305341 3253 33 72 55 41 165 0 5.81 15.79 
305513 3253 33 72 55 41 165 0 5.81 13.79 
305685 3253 33 72 55 41 165 0 16.76 15.79 
305858 3211 32 71 54 40 164 0 4.54 7.09 
306030 3264 52 78 69 42 190 0 7.11 5.17 
306202 3582 44 68 61 41 170 0 5.81 6.44 
306374 3881 36 63 55 41 158 0 34.15 6.12 
306548 3815 29 64 51 41 156 0 4.86 9.08 
306720 3815 29 64 51 41 156 0 4.54 6.12 
306892 3877 37 63 56 41 160 0 5.81 9.06 
307064 3406 47 72 64 41 177 0 5.81 10.76 
307236 3292 51 77 68 42 187 0 5.81 17.07 
307409 3685 34 61 52 38 151 0 6.78 9.08 
307581 3579 35 61 52 37 150 0 5.81 6.14 
307753 3263 56 82 73 44 199 0 5.81 15.49 
307925 3395 46 69 62 39 170 0 5.81 15.49 
308097 3845 33 51 47 33 131 0 5.81 16.44 
308269 3845 33 51 47 33 131 0 5.81 16.42 
308441 3845 33 51 47 33 131 0 5.81 16.44 
308613 3845 33 51 47 33 131 0 5.81 6.12 
308785 3932 36 56 52 37 145 0 5.81 6.14 
308957 3877 41 66 60 43 169 0 5.81 16.12 
309129 3939 42 65 60 43 168 0 5.81 6.14 
309301 3939 42 65 60 43 169 0 5.81 15.79 
309473 3939 42 65 60 43 169 0 5.81 12.10 
309645 3904 41 64 59 42 165 0 5.81 15.79 
309817 3904 41 64 59 42 164 0 5.81 16.42 
309989 3904 41 64 59 42 165 0 5.81 15.79 
310161 3904 41 64 59 42 165 0 5.81 7.41 
310333 3904 41 64 59 42 165 0 5.81 16.42 
310505 3836 38 62 56 40 158 0 5.81 6.12 
310677 3897 34 55 50 36 140 0 5.81 6.14 
310849 3858 32 54 48 35 137 0 5.81 12.43 
311021 3938 32 53 48 35 136 0 5.81 6.14 
311193 3813 32 53 47 34 134 0 5.81 6.12 
311365 3894 32 52 47 34 134 0 5.81 11.08 
311537 3828 29 56 47 36 139 0 5.81 7.74 
311709 3864 30 65 52 42 157 0 5.81 6.12 
311881 3826 30 67 53 43 162 0 5.81 7.41 
312053 3826 30 67 53 43 163 0 5.81 10.08 
312225 3850 31 62 51 40 152 0 4.54 6.12 
312397 5655 38 51 56 46 154 0 5.81 6.12 
312569 3641 41 73 62 45 180 0 5.81 9.06 
312741 2830 37 88 63 45 194 0 6.78 6.12 
312913 2847 36 87 62 45 193 0 5.81 5.17 
313085 2847 36 87 62 45 192 0 5.81 4.84 
313257 2847 36 87 62 45 192 0 6.78 4.84 
313429 2847 36 87 62 45 193 0 5.81 4.84 
313601 2795 37 87 62 44 192 0 25.31 4.84 
313774 2847 36 87 62 45 192 0 5.81 5.49 
313946 2883 37 88 63 46 195 0 5.81 4.84 
314118 2811 36 86 61 44 190 0 5.81 3.57 
314290 2847 36 87 62 45 192 0 5.81 3.57 
314462 2847 36 87 62 45 192 0 5.81 3.89 
314634 2795 36 88 62 45 193 0 6.78 4.84 
314806 2864 38 89 64 46 196 0 5.81 4.84 
314978 3569 79 131 114 79 323 0 5.81 6.44 
315150 3654 78 103 100 63 270 0 6.78 8.04 
315322 3720 82 112 108 70 293 0 5.81 4.84 
315494 3578 66 81 81 48 211 0 5.81 4.84 
315666 3632 65 81 81 49 211 0 5.81 5.49 
315838 3697 55 71 70 44 185 0 5.81 7.41 
316010 5107 28 51 47 40 138 0 5.81 8.06 
316182 5552 28 51 48 42 140 0 4.54 3.57 
316354 8411 27 58 55 55 169 0 5.81 7.41 
316526 9223 29 61 59 60 180 0 5.81 6.12 
316698 8436 29 61 58 58 176 0 5.81 8.06 
316870 8491 33 69 66 66 202 0 4.54 5.17 
317042 10674 29 64 62 65 191 0 5.81 5.17 
317214 11895 31 73 70 75 218 0 5.17 9.06 
317386 9285 38 84 79 81 244 0 5.51 9.74 
317558 8644 34 78 72 73 222 0 5.49 8.06 
317730 6273 34 66 62 57 185 0 5.51 5.17 
317902 6480 33 67 62 58 188 0 15.50 6.44 
318074 6833 32 67 62 59 188 0 6.78 11.81 
318246 9187 34 79 73 75 227 0 5.81 11.08 
318418 9843 37 84 79 82 244 0 9.42 15.79 
318591 11734 31 74 70 75 218 0 6.78 7.41 
318763 11352 28 66 63 67 196 0 6.78 3.89 
318935 7887 34 71 67 66 203 0 6.78 3.89 
319107 9673 32 69 66 68 203 0 17.71 3.89 
319279 9780 28 62 59 61 183 0 6.78 4.20 
319451 11206 30 69 66 70 205 0 5.81 6.46 
319623 10779 33 77 73 77 227 0 5.51 5.17 
319795 8777 36 79 74 75 227 0 5.81 6.14 
319967 9767 34 81 75 78 235 0 5.81 5.17 
320139 10430 34 81 75 79 233 0 7.43 6.12 
320311 9887 35 81 76 79 235 0 5.81 9.06 
320483 9767 34 81 75 78 233 0 7.11 5.17 
320655 8786 39 85 80 81 245 0 6.78 6.44 
320827 13168 33 81 77 84 242 0 5.81 6.44 
320999 13086 34 82 78 85 245 0 6.78 6.44 
321171 13086 34 82 78 85 245 0 5.81 9.06 
321343 13086 34 82 78 85 245 0 5.81 6.44 
321515 13086 34 82 78 85 245 0 5.81 9.08 
321687 13086 34 82 78 85 245 0 5.81 17.70 
321860 10812 33 76 72 76 223 0 4.54 18.95 
322033 13909 30 74 71 78 224 0 5.81 18.33 
322206 15020 29 75 71 79 226 0 5.81 30.75 
322379 13801 31 75 72 79 226 0 9.42 10.76 
322551 10415 30 68 65 68 201 0 5.81 39.97 
322725 13454 28 67 64 70 202 0 5.81 36.79 
322899 9747 29 64 61 63 189 0 8.06 38.11 
323073 9731 29 65 62 64 190 0 17.71 15.81 
323246 7959 32 66 63 62 190 0 18.99 15.79 
323419 10475 29 66 63 66 195 0 5.81 15.79 
323591 10463 26 62 58 61 181 0 5.81 6.14 
323763 9626 27 62 58 60 180 0 5.81 6.14 
323935 6220 28 55 51 47 153 0 5.81 9.08 
324107 3871 60 78 78 51 206 0 5.81 29.48 
324280 3621 106 117 124 70 313 0 5.81 15.79 
324452 3582 109 119 126 70 317 0 5.81 19.28 
324625 3601 107 118 125 70 316 0 5.81 15.79 
324797 3608 82 97 99 58 255 0 5.81 9.08 
324969 2393 32 97 62 46 202 0 5.81 16.75 
325141 2245 33 105 65 48 206 0 5.81 28.97 
325314 5391 38 66 63 54 182 0 5.81 6.12 
325486 7980 43 59 70 65 195 0 5.81 4.84 
325658 11081 62 76 103 103 283 0 5.81 4.84 
325830 11507 63 78 106 107 291 0 5.81 28.97 
326003 11022 64 79 106 106 290 0 5.81 38.11 
326177 10416 57 73 95 94 262 0 5.81 4.84 
326349 10051 61 77 100 98 276 0 5.81 42.99 
326523 11920 68 84 115 117 317 0 4.54 3.57 
326695 11407 63 80 107 108 297 0 5.81 16.76 
326867 9450 55 71 90 87 251 0 5.81 16.75 
327039 8940 53 70 87 83 242 0 5.81 42.21 
327213 9944 57 74 95 93 265 0 4.54 4.84 
327385 11965 69 84 116 118 320 0 5.81 6.12 
327557 11920 68 84 115 117 317 0 4.54 2.60 
327729 11464 66 82 111 112 305 0 5.81 15.47 
327901 11564 68 82 113 114 310 0 5.81 15.49 
328073 11920 68 84 115 117 317 0 5.81 16.75 
328245 11515 67 82 112 113 308 0 5.81 16.75 
328417 11039 65 81 109 109 299 0 5.81 16.75 
328589 11039 65 81 109 109 300 0 4.54 38.13 
328763 11039 65 81 109 109 300 0 4.54 40.61 
328937 11974 67 82 113 115 312 0 4.54 40.61 
329111 12379 67 83 114 117 315 0 4.54 1.65 
329283 11946 68 83 114 116 314 0 4.54 4.84 
329455 10611 62 77 103 102 283 0 4.54 47.57 
329629 7192 50 68 79 71 220 0 4.54 49.44 
329803 2952 33 85 60 46 190 0 4.54 51.46 
329977 1893 31 122 69 51 238 0 4.54 6.14 
330149 1843 30 126 70 53 244 0 4.54 6.12 
330321 2020 34 121 71 52 240 0 4.54 15.79 
330493 3401 80 109 102 61 273 0 4.54 15.79 
330665 3487 113 132 134 75 342 0 4.54 54.99 
330840 3520 114 132 135 76 343 0 5.81 6.14 
331012 3491 115 132 135 75 342 0 5.81 6.12 
331184 2836 55 112 84 55 250 0 5.81 16.75 
331356 2034 30 111 65 49 222 0 5.81 45.97 
331530 7701 54 73 86 79 241 0 5.81 6.12 
331702 9483 53 75 90 88 254 0 4.54 40.63 
331876 3156 21 112 68 68 245 0 4.54 35.14 
332049 3686 38 116 82 73 270 0 5.81 33.85 
332222 4085 136 195 189 134 522 0 5.81 31.28 
332395 4054 136 195 188 133 521 0 5.81 16.12 
332567 3281 76 111 99 60 273 0 5.81 16.12 
332739 3069 72 104 91 51 250 0 5.81 15.79 
332911 3116 73 104 92 52 248 0 5.81 16.12 
333083 3116 73 104 92 52 248 0 4.54 10.42 
333255 3145 73 103 92 52 248 0 4.54 15.79 
333427 3004 62 92 79 44 216 0 4.54 6.14 
333599 3082 37 81 61 44 186 0 4.54 6.14 
333771 3150 37 81 61 45 186 0 4.54 6.14 
333943 3150 37 81 61 45 187 0 4.54 6.14 
334115 3150 37 81 61 45 187 0 4.54 6.12 
334287 3150 37 81 61 45 187 0 4.54 6.14 
334459 3150 37 81 61 45 187 0 5.81 6.14 
334631 3182 46 80 66 43 190 0 5.81 6.14 
334803 2709 106 153 127 60 344 0 4.54 6.12 
334975 2624 135 191 157 69 422 0 5.81 6.12 
335147 2614 133 191 156 69 421 0 5.81 6.12 
335319 2614 133 191 156 69 421 0 5.81 6.12 
335491 2614 133 191 156 69 421 0 5.81 6.14 
335663 2603 132 191 155 69 419 0 5.81 6.12 
335835 2766 83 129 105 55 290 0 5.81 22.12 
336008 2417 32 105 66 52 219 0 5.81 22.12 
336181 2549 37 118 76 60 250 0 4.54 6.12 
336353 2261 32 113 69 54 234 0 5.81 17.07 
336526 3325 34 82 61 48 189 0 5.81 15.79 
336698 5655 63 81 91 74 247 0 15.83 14.79 
336871 7257 103 91 138 116 347 0 6.78 6.46 
337043 6400 68 70 93 76 240 0 6.78 6.44 
337215 6262 62 65 85 69 219 0 6.78 6.46 
337387 6321 62 64 85 69 217 0 4.54 6.14 
337559 6321 62 64 85 69 217 0 8.06 10.74 
337731 6071 59 63 81 65 210 0 5.81 15.81 
337903 7196 94 86 127 107 323 0 5.81 15.79 
338075 6406 70 75 97 80 255 0 5.81 20.86 
338248 6487 71 76 99 82 260 0 6.78 15.79 
338420 2936 35 97 67 53 215 0 6.78 22.41 
338593 2667 44 122 82 62 264 0 6.78 15.79 
338765 2620 45 124 83 62 269 0 6.78 19.91 
338938 2635 42 122 81 62 262 0 5.81 19.91 
339111 2321 31 113 69 56 236 0 6.78 15.81 
339283 2285 30 112 68 55 233 0 6.78 15.79 
339455 5153 60 93 93 76 262 0 6.78 6.44 
339627 6792 78 77 107 89 275 0 6.78 6.44 
339799 5829 57 63 78 62 205 0 5.51 6.44 
339971 6120 57 61 78 63 203 0 5.49 6.46 
340143 6131 60 62 81 65 208 0 5.51 6.44 
340315 6131 60 62 81 65 208 0 4.54 6.14 
340487 5808 56 62 77 61 201 0 6.78 15.79 
340659 5866 54 61 75 60 198 0 6.78 6.44 
340831 5255 55 78 82 66 227 0 6.78 26.98 
341004 2578 47 113 78 53 241 0 27.59 17.07 
341178 2757 118 168 141 68 380 0 5.81 16.12 
341350 2745 115 163 137 65 368 0 6.78 9.40 
341522 3677 99 144 134 89 369 0 6.78 16.10 
341695 4072 138 197 191 135 527 0 6.78 28.71 
341868 4086 137 198 191 136 529 0 6.78 16.12 
342041 3094 96 139 122 69 331 0 6.78 16.44 
342214 2734 80 129 103 55 287 0 4.54 4.84 
342386 5075 52 79 79 64 222 0 5.81 9.06 
342558 7300 78 72 106 90 269 0 5.81 9.06 
342730 6443 65 67 89 73 229 0 5.81 9.06 
342902 6602 67 68 92 76 235 0 5.81 9.06 
343074 6602 67 68 92 76 235 0 5.81 14.79 
343246 6509 69 68 93 76 237 0 8.06 15.79 
343419 7783 90 77 122 105 305 0 6.78 16.12 
343592 7095 74 70 101 85 258 0 6.78 16.12 
343765 6524 63 66 87 72 226 0 6.78 16.12 
343938 6516 66 67 90 74 232 0 6.78 16.12 
344111 6516 66 67 90 74 232 0 20.25 16.12 
344284 6516 66 67 90 74 232 0 5.81 13.46 
344456 6727 68 67 93 77 239 0 5.51 7.41 
344628 7833 91 77 123 106 307 0 5.49 7.41 
344800 7894 93 79 126 109 315 0 5.49 7.41 
344972 7943 94 79 127 110 317 0 6.46 6.44 
345144 7943 94 79 127 110 318 0 5.51 6.44 
345316 7943 94 79 127 110 318 0 5.51 6.44 
345488 7943 94 79 127 110 318 0 5.51 14.13 
345660 7943 94 79 127 110 318 0 6.78 17.70 
345833 7894 93 79 126 109 314 0 5.51 15.81 
346005 5570 57 82 87 72 241 0 5.51 15.79 
346177 2417 29 97 61 48 202 0 6.78 15.79 
346349 2379 30 97 61 47 200 0 5.51 23.56 
346522 2453 32 100 64 49 209 0 5.51 24.41 
346695 2809 61 105 83 48 237 0 5.51 23.55 
346868 3052 67 92 82 44 220 0 6.78 15.79 
347040 2963 71 100 87 46 235 0 5.51 16.76 
347212 2699 36 95 65 48 206 0 6.78 15.49 
347384 4687 46 80 74 60 214 0 6.78 15.49 
347556 7783 90 77 122 105 305 0 6.78 15.49 
347728 7783 90 77 122 105 305 0 5.51 16.12 
347900 6459 61 62 83 68 215 0 5.49 17.07 
348072 5744 49 56 68 54 180 0 6.78 16.75 
348245 5663 51 56 69 54 181 0 4.54 6.12 
348417 5838 50 56 69 55 182 0 5.81 12.78 
348589 6228 57 58 77 62 197 0 5.81 12.80 
348761 6145 56 58 76 61 194 0 13.80 5.17 
348933 6125 55 57 75 60 192 0 11.10 6.44 
349105 3908 37 61 55 40 155 0 13.12 6.46 
349277 3579 35 61 52 37 149 0 11.10 5.17 
349449 3579 35 61 52 37 149 0 11.10 5.17 
349621 3579 35 61 52 37 149 0 11.10 6.44 
349793 3579 35 61 52 37 149 0 11.10 6.44 
349965 3579 35 61 52 37 149 0 6.46 15.49 
350137 3288 34 64 52 36 151 0 12.80 16.42 
350310 2644 36 84 59 40 184 0 12.46 9.40 
350482 2577 37 88 61 41 190 0 12.46 9.40 
350654 2577 37 88 61 41 190 0 12.46 9.40 
350826 2577 37 88 61 41 190 0 12.46 9.40 
350998 2577 37 88 61 41 190 0 10.44 14.47 
351171 2577 37 88 61 41 190 0 9.42 6.44 
351343 2909 36 73 55 37 164 0 15.83 6.44 
351515 4914 45 60 64 49 173 0 12.46 6.44 
351687 5699 49 58 69 55 183 0 12.46 6.44 
351859 5674 49 57 68 54 181 0 13.80 6.44 
352031 5674 49 57 68 54 181 0 5.51 15.79 
352203 7274 71 64 96 81 243 0 5.51 6.46 
352375 7800 80 68 108 93 270 0 5.51 18.63 
352548 7735 78 67 106 91 264 0 5.51 18.65 
352721 7794 79 67 107 92 267 0 5.51 18.65 
352894 7794 79 67 107 92 267 0 5.51 15.47 
353066 7800 80 68 108 93 269 0 6.46 9.40 
353238 7358 73 66 99 84 249 0 8.74 7.74 
353410 2970 35 73 55 38 165 0 7.11 7.74 
353582 3508 57 71 70 41 183 0 7.11 7.74 
353754 3752 71 70 80 44 195 0 7.11 7.74 
353926 3752 71 70 80 44 195 0 7.11 7.74 
354098 3752 71 70 80 44 196 0 7.11 7.74 
354270 3752 71 70 80 44 195 0 7.11 7.74 
354442 3752 71 70 80 44 195 0 8.38 7.74 
354614 3772 73 71 82 45 199 0 8.06 7.74 
354786 3745 78 75 87 47 211 0 8.06 7.74 
354958 3745 78 75 87 47 210 0 9.08 7.74 
355130 3745 78 75 87 47 210 0 13.14 6.77 
355302 3364 53 74 68 41 184 0 6.78 14.13 
355474 3203 41 78 62 43 182 0 6.78 16.12 
355647 7735 82 68 110 94 273 0 6.78 17.70 
355820 5156 46 63 67 53 183 0 6.78 18.95 
355993 3617 33 65 53 40 159 0 6.78 19.91 
356166 3733 32 65 53 41 159 0 6.78 19.60 
356339 3733 32 65 53 41 159 0 6.78 18.63 
356512 3733 32 65 53 41 159 0 6.78 10.74 
356684 3733 32 65 53 41 159 0 6.78 19.60 
356857 2847 31 80 56 42 177 0 5.81 14.79 
357029 3205 33 76 57 43 174 0 5.81 17.37 
357202 7794 79 67 107 92 266 0 5.81 16.12 
357374 7914 82 68 110 95 273 0 5.81 16.42 
357546 7914 82 68 110 95 275 0 5.81 9.40 
357718 7791 83 68 111 95 275 0 5.81 9.40 
357890 7791 83 68 111 95 275 0 5.81 16.12 
358062 7970 82 68 111 96 275 0 5.81 16.42 
358234 7970 82 68 111 96 275 0 5.81 19.60 
358407 7791 83 68 111 95 275 0 6.78 19.28 
358580 7791 83 68 111 95 275 0 8.06 15.81 
358753 7914 82 68 110 95 274 0 16.46 15.79 
358926 7059 66 65 91 77 234 0 6.78 15.79 
359098 2648 33 91 61 46 196 0 6.78 15.15 
359270 2667 32 95 63 49 205 0 6.78 17.37 
359443 2667 32 95 63 49 205 0 6.78 16.12 
359616 2667 32 95 63 49 205 0 6.78 20.54 
359789 2667 32 95 63 49 205 0 6.78 15.79 
359961 2667 32 95 63 49 205 0 6.78 15.79 
360133 2667 32 95 63 49 205 0 6.78 15.79 
360305 2667 32 95 63 49 205 0 6.78 18.34 
360478 2763 34 94 64 49 205 0 5.81 15.79 
360650 2955 62 103 84 50 237 0 5.81 16.12 
360822 3097 61 87 77 43 208 0 6.78 20.54 
360995 3201 52 75 67 39 182 0 6.78 16.12 
361168 2979 69 105 89 50 243 0 6.78 14.79 
361340 2725 34 93 63 48 202 0 6.78 14.79 
361512 3630 33 68 55 42 165 0 9.42 16.12 
361685 4235 37 63 57 44 163 0 5.81 10.76 
361857 5610 50 62 71 57 191 0 5.18 10.08 
362029 7914 82 68 110 95 274 0 8.06 13.79 
362201 5487 50 60 70 55 185 0 6.78 13.79 
362373 5006 43 58 62 48 169 0 6.78 13.79 
362545 5006 43 58 62 48 169 0 6.78 11.08 
362717 5006 43 58 62 48 169 0 7.11 13.45 
362889 5006 43 58 62 48 169 0 10.78 6.46 
363061 3509 39 72 60 43 175 0 5.81 8.04 
363233 2706 36 81 58 39 177 0 5.81 8.06 
363405 2834 31 68 50 34 150 0 5.81 8.06 
363577 2717 31 70 50 34 153 0 5.81 8.04 
363749 2717 31 70 50 34 153 0 5.81 8.06 
363921 2717 31 70 50 34 153 0 16.13 11.10 
364094 2740 32 73 52 36 160 0 5.51 6.44 
364266 2843 38 85 62 43 189 0 5.81 7.41 
364438 7742 79 68 107 92 268 0 5.81 7.41 
364610 7920 82 69 111 96 277 0 5.81 7.41 
364782 7920 82 69 111 96 277 0 5.81 7.41 
364954 7920 82 69 111 96 277 0 6.78 16.44 
365127 7970 82 68 111 96 276 0 6.78 15.79 
365299 7555 76 67 103 88 258 0 6.78 15.79 
365471 2741 33 91 62 47 199 0 6.78 15.79 
365643 2671 30 89 59 46 192 0 6.78 22.12 
365816 2917 35 99 68 54 219 0 6.78 15.79 
365988 2917 35 99 68 54 219 0 6.78 16.12 
366161 2917 35 99 68 54 219 0 6.78 15.79 
366333 2917 35 99 68 54 219 0 6.78 15.79 
366505 2917 35 99 68 54 219 0 6.78 15.79 
366677 2917 35 99 68 54 220 0 6.78 15.79 
366849 2917 35 99 68 54 220 0 6.78 15.79 
367021 2917 35 99 68 54 220 0 6.78 15.79 
367193 2917 35 99 68 54 220 0 6.78 15.79 
367365 2917 35 99 68 54 220 0 6.78 16.12 
367538 2840 37 100 69 53 220 0 6.78 20.54 
367711 2784 35 97 66 51 211 0 6.78 19.91 
367884 2633 33 93 62 47 200 0 6.78 19.60 
368057 3778 34 66 55 42 163 0 6.78 19.60 
368230 3735 34 65 54 41 159 0 6.78 19.60 
368403 3735 34 65 54 41 159 0 6.78 19.60 
368576 3735 34 65 54 41 159 0 6.78 19.58 
368749 3735 34 65 54 41 159 0 6.78 19.58 
368922 3735 34 65 54 41 159 0 22.44 19.91 
369096 3735 34 65 54 41 159 0 6.78 17.37 
369269 5795 51 62 73 59 195 0 7.43 7.74 
369441 7735 82 68 110 94 273 0 5.81 16.12 
369613 4650 51 76 75 58 209 0 9.42 11.42 
369785 2761 39 84 61 41 184 0 8.40 9.74 
369957 3798 62 64 72 41 178 0 9.42 7.74 
370129 3764 82 76 90 48 216 0 11.78 8.06 
370301 3764 80 76 89 48 215 0 12.46 9.74 
370473 3782 82 77 91 49 220 0 12.12 9.74 
370645 3752 84 78 92 49 221 0 6.78 15.79 
370817 3782 82 77 91 49 219 0 15.50 5.17 
370989 3795 80 75 89 48 213 0 27.61 6.44 
371162 2840 37 80 59 40 178 0 15.50 6.44 
371334 4143 45 74 68 51 192 0 11.10 6.44 
371506 5584 55 67 78 62 207 0 12.12 6.51 
371678 2712 37 86 61 42 187 0 9.42 9.40 
371850 3504 45 65 60 38 163 0 7.11 14.79 
372022 3782 81 77 90 49 217 0 10.76 6.44 
372194 3799 84 78 93 50 223 0 16.78 5.17 
372366 3777 77 74 86 47 208 0 35.68 6.43 
372540 4424 25 84 60 57 185 0 29.27 6.44 
372713 6782 61 61 84 70 214 0 123.30 5.17 
372892 4504 38 58 56 43 156 0 22.15 6.46 
373065 7095 65 62 89 75 225 0 27.90 6.44 
373238 7577 68 62 93 80 235 0 29.53 6.44 
373411 7619 67 59 91 78 229 0 24.17 6.46 
373584 7328 69 64 94 80 238 0 29.27 6.44 
373757 5268 46 60 66 52 177 0 70.12 6.44 
373933 3024 34 81 59 44 182 0 64.50 6.44 
374108 3253 33 72 55 41 166 0 58.79 6.44 
374283 3167 35 77 58 43 176 0 55.73 6.44 
374458 3127 34 76 57 42 174 0 62.12 5.17 
374633 3841 35 62 54 40 155 0 49.50 6.44 
374807 6753 60 59 82 68 207 0 34.94 6.46 
374981 7444 69 62 94 80 237 0 41.82 6.44 
375155 7368 76 66 102 86 255 0 30.55 6.44 
375328 5990 60 67 83 67 219 0 10.42 6.44 
375500 2541 41 101 69 47 216 0 10.42 6.46 
375672 3394 104 179 151 103 436 0 10.42 6.44 
375844 3128 73 141 111 76 329 0 10.44 6.44 
376016 1944 39 125 73 48 243 0 10.42 6.44 
376188 1940 39 127 74 49 248 0 18.04 5.17 
376361 1940 39 127 74 49 248 0 9.08 6.44 
376533 1940 39 127 74 49 247 0 7.43 5.17 
376705 1869 39 128 73 47 245 0 9.08 5.17 
376877 1741 40 148 80 52 276 0 8.74 5.17 
377049 1741 40 148 80 52 276 0 8.74 5.17 
377221 1756 40 147 80 52 276 0 10.42 5.17 
377393 1756 40 147 80 52 276 0 10.42 5.17 
377565 1756 40 147 80 52 276 0 18.99 6.44 
377738 1730 38 147 79 52 275 0 7.74 6.44 
377910 1793 40 139 77 49 263 0 7.43 6.44 
378082 1702 44 166 88 55 305 0 5.51 6.44 
378254 1681 44 170 89 56 310 0 5.81 5.17 
378426 1822 44 146 82 51 276 0 4.22 6.44 
378598 3517 46 82 69 49 201 0 5.51 16.10 
378770 6727 122 125 169 141 439 0 9.42 6.46 
378942 6776 137 139 189 158 490 0 10.44 5.17 
379114 6681 121 124 167 139 434 0 8.40 6.46 
379286 5410 47 58 66 52 180 0 7.11 6.44 
379458 5859 66 76 92 74 246 0 8.74 6.44 
379630 5912 67 79 95 77 254 0 7.11 6.46 
379802 5912 67 79 95 77 255 0 7.11 6.44 
379974 5912 67 79 95 77 255 0 7.11 6.44 
380146 5912 67 79 95 77 255 0 7.11 6.46 
380318 5912 67 79 95 77 255 0 7.11 6.44 
380490 5912 67 79 95 77 255 0 7.11 6.46 
380662 5846 69 79 96 77 255 0 7.11 6.44 
380834 5846 69 79 96 77 255 0 7.11 6.44 
381006 5846 69 79 96 77 255 0 7.11 6.44 
381178 5846 69 79 96 77 255 0 7.11 6.44 
381350 5846 69 79 96 77 256 0 7.11 6.44 
381522 5846 69 79 96 77 256 0 7.11 6.46 
381694 5846 69 79 96 77 256 0 7.11 6.44 
381866 5846 69 79 96 77 256 0 7.11 6.46 
382038 5846 69 79 96 77 256 0 7.11 6.44 
382210 5846 69 79 96 77 256 0 7.11 6.46 
382382 5846 69 79 96 77 256 0 7.11 6.44 
382554 5846 69 79 96 77 256 0 7.11 6.46 
382726 5846 69 79 96 77 256 0 7.11 6.44 
382898 5846 69 79 96 77 256 0 7.11 6.44 
383070 5846 69 79 96 77 256 0 7.11 6.44 
383242 5846 69 79 96 77 256 0 7.11 6.46 
383414 5846 69 79 96 77 256 0 7.11 6.44 
383586 5846 69 79 96 77 256 0 7.11 6.46 
383758 5846 69 79 96 77 256 0 7.11 6.46 
383930 5846 69 79 96 77 256 0 7.11 6.46 
384102 5846 69 79 96 77 256 0 7.11 6.44 
384274 5846 69 79 96 77 256 0 7.11 6.44 
384446 5846 69 79 96 77 256 0 7.11 6.46 
384618 5846 69 79 96 77 256 0 7.11 6.46 
384790 5846 69 79 96 77 256 0 7.11 6.44 
384962 5846 69 79 96 77 256 0 7.11 6.44 
385134 5846 69 79 96 77 256 0 7.11 6.44 
385306 5846 69 79 96 77 256 0 7.11 6.44 
385478 5846 69 79 96 77 256 0 7.11 6.44 
385650 5846 69 79 96 77 256 0 7.11 6.44 
385822 5846 69 79 96 77 256 0 7.11 6.44 
385994 5846 69 79 96 77 256 0 7.11 6.44 
386166 5846 69 79 96 77 256 0 7.11 6.44 
386338 5846 69 79 96 77 256 0 7.11 6.46 
386510 5846 69 79 96 77 256 0 7.11 6.44 
386682 5846 69 79 96 77 256 0 7.11 6.46 
386854 5846 69 79 96 77 256 0 7.11 6.44 
387026 5846 69 79 96 77 256 0 7.11 6.44 
387198 5846 69 79 96 77 256 0 7.11 6.46 
387370 5846 69 79 96 77 256 0 7.11 6.44 
387542 5846 69 79 96 77 256 0 7.11 6.46 
387714 5846 69 79 96 77 256 0 7.11 6.44 
387886 5846 69 79 96 77 256 0 7.11 6.46 
388058 5846 69 79 96 77 256 0 7.11 6.46 
388230 5846 69 79 96 77 256 0 7.11 6.46 
388402 5846 69 79 96 77 256 0 7.11 6.44 
388574 5846 69 79 96 77 256 0 7.11 6.44 
388746 5846 69 79 96 77 256 0 7.11 6.46 
388918 5846 69 79 96 77 256 0 7.11 6.44 
389090 5846 69 79 96 77 256 0 7.11 6.44 
389262 5846 69 79 96 77 256 0 7.11 6.46 
