=~=~=~=~=~=~=~=~=~=~=~= PuTTY log 2025.11.28 21:56:42 =~=~=~=~=~=~=~=~=~=~=~=
ets Jul 29 2019 12:21:46

rst:0x1 (POWERON_RESET),boot:0x13 (SPI_FAST_FLASH_BOOT)
configsip: 0, SPIWP:0xee
clk_drv:0x00,q_drv:0x00,d_drv:0x00,cs0_drv:0x00,hd_drv:0x00,wp_drv:0x00
mode:DIO, clock div:1
load:0x3fff0030,len:4980
load:0x40078000,len:16612
load:0x40080400,len:3480
entry 0x400805b4
Found sensor
Milis - ColorTemp - Lux - R - G - B - C - Pot - UsensA - UsensB

399 3149 38 72 57 39 167 0 4.86 17.37 
572 3149 38 72 57 39 167 0 4.86 17.37 
744 3149 38 72 57 39 167 0 4.86 18.65 
917 3149 38 72 57 39 167 7 4.86 17.37 
1089 3149 38 72 57 39 167 0 4.86 18.65 
1262 3149 38 72 57 39 167 0 4.86 17.37 
1434 3149 38 72 57 39 167 0 4.86 17.37 
1606 3149 38 72 57 39 167 0 4.86 17.39 
1778 3149 38 72 57 39 167 0 4.86 17.37 
1950 3149 38 72 57 39 167 5 4.86 17.37 
2122 3149 38 72 57 39 167 0 4.86 17.37 
2294 3149 38 72 57 39 167 0 4.86 17.37 
2466 3149 38 72 57 39 167 7 4.86 18.65 
2639 3149 38 72 57 39 167 6 4.86 17.37 
2811 3149 38 72 57 39 167 0 4.86 18.65 
2984 3149 38 72 57 39 167 7 4.86 17.37 
3156 3149 38 72 57 39 167 0 4.84 17.37 
3328 3149 38 72 57 39 167 0 4.86 17.37 
3500 3149 38 72 57 39 167 7 4.86 17.37 
3672 3149 38 72 57 39 167 0 4.86 17.37 
3844 3149 38 72 57 39 167 0 4.84 17.37 
4016 3149 38 72 57 39 167 7 4.86 17.37 
4188 3149 38 72 57 39 167 0 4.86 17.37 
4360 3149 38 72 57 39 167 0 4.86 17.37 
4532 3149 38 72 57 39 167 4 4.86 18.63 
4705 3149 38 72 57 39 167 0 4.86 17.37 
4877 3149 38 72 57 39 167 0 4.86 17.37 
5049 3149 38 72 57 39 167 6 4.86 17.39 
5221 3149 38 72 57 39 167 0 4.86 17.37 
5393 3149 38 72 57 39 167 0 4.86 17.37 
5565 3149 38 72 57 39 167 0 4.84 17.37 
5737 3149 38 72 57 39 167 0 4.86 17.37 
5909 3149 38 72 57 39 167 0 4.86 17.37 
6081 3149 38 72 57 39 167 0 4.86 17.37 
6253 3149 38 72 57 39 167 0 4.86 17.37 
6425 3149 38 72 57 39 167 0 4.84 17.37 
6597 3149 38 72 57 39 167 0 4.86 17.37 
6769 3149 38 72 57 39 167 0 4.86 17.37 
6941 3149 38 72 57 39 167 0 4.86 17.39 
7113 3149 38 72 57 39 167 0 4.86 17.37 
7285 3149 38 72 57 39 167 3 4.86 17.39 
7457 3149 38 72 57 39 167 0 4.86 17.37 
7629 3149 38 72 57 39 167 0 4.84 17.37 
7801 3149 38 72 57 39 167 6 4.86 17.39 
7973 3149 38 72 57 39 167 0 4.86 17.39 
8145 3149 38 72 57 39 167 0 4.86 17.37 
8317 3149 38 72 57 39 167 8 4.86 18.65 
8490 3149 38 72 57 39 167 0 4.86 17.37 
8662 3149 38 72 57 39 167 0 4.86 17.37 
8834 3149 38 72 57 39 167 9 4.86 17.39 
9006 3149 38 72 57 39 167 0 4.86 18.65 
9179 3149 38 72 57 39 167 6 4.86 17.37 
9351 3149 38 72 57 39 168 17 4.84 55.66 
9526 3093 37 73 57 39 168 0 4.86 17.37 
9698 3149 38 72 57 39 167 0 4.84 18.65 
9871 3093 37 73 57 39 168 3 4.86 17.37 
10043 3093 37 73 57 39 168 0 4.86 18.63 
10216 3149 38 72 57 39 168 0 4.86 17.37 
10388 3149 38 72 57 39 168 0 4.86 18.63 
10561 3093 37 73 57 39 168 0 4.86 17.37 
10733 3093 37 73 57 39 168 2 4.86 18.65 
10906 3093 37 73 57 39 168 0 4.86 18.65 
11079 3093 37 73 57 39 168 6 4.86 17.37 
11251 3093 37 73 57 39 168 7 4.86 17.37 
11423 3093 37 73 57 39 168 0 4.86 60.52 
11598 3093 37 73 57 39 168 0 4.86 17.37 
11770 3093 37 73 57 39 168 0 4.86 17.37 
11942 3093 37 73 57 39 168 0 4.86 17.37 
12114 3093 37 73 57 39 168 0 4.86 17.37 
12286 3093 37 73 57 39 168 3 4.86 17.37 
12458 3093 37 73 57 39 168 0 4.86 18.65 
12631 3093 37 73 57 39 168 0 4.86 17.37 
12803 3093 37 73 57 39 168 2 4.86 18.65 
12976 3093 37 73 57 39 168 0 4.86 17.37 
13148 3093 37 73 57 39 168 0 4.86 18.65 
13321 3093 37 73 57 39 168 1 4.86 17.37 
13493 3093 37 73 57 39 168 0 4.86 18.65 
13666 3093 37 73 57 39 168 0 4.86 18.65 
13839 3093 37 73 57 39 168 9 4.86 18.65 
14012 3093 37 73 57 39 168 0 4.86 17.37 
14184 3093 37 73 57 39 168 3 4.84 17.37 
14356 3093 37 73 57 39 168 0 4.86 18.65 
14529 3093 37 73 57 39 168 0 4.86 60.50 
14704 3093 37 73 57 39 168 1 4.84 17.37 
14876 3093 37 73 57 39 168 0 4.86 60.52 
15051 3093 37 73 57 39 168 0 4.84 17.37 
15223 3093 37 73 57 39 168 0 4.86 18.65 
15396 3093 37 73 57 39 168 0 4.86 17.37 
15568 3093 37 73 57 39 168 6 4.86 17.37 
15740 3093 37 73 57 39 168 0 4.86 17.37 
15912 3093 37 73 57 39 168 0 4.84 18.65 
16085 3093 37 73 57 39 168 0 4.86 18.65 
16258 3093 37 73 57 39 168 0 4.86 60.52 
16433 3093 37 73 57 39 168 0 4.86 17.37 
16605 3149 38 72 57 39 168 0 5.81 58.55 
16780 3149 38 72 57 39 168 0 4.54 15.47 
16952 3446 37 65 55 38 158 4 5.51 56.19 
17127 6091 52 55 71 57 183 0 5.51 46.78 
17301 6181 53 55 72 58 186 0 6.78 45.00 
17475 5931 47 52 65 52 170 0 5.81 30.51 
17648 5703 45 51 62 49 162 0 5.81 20.86 
17821 4764 49 51 62 43 162 2 5.81 42.23 
17995 3317 32 74 56 43 172 0 4.54 17.39 
18167 3412 32 74 56 44 173 0 4.54 20.86 
18340 3163 33 75 56 42 171 0 4.54 17.70 
18512 3229 33 74 56 42 169 0 5.51 15.79 
18684 3163 33 75 56 42 171 0 5.81 16.12 
18856 3531 33 74 57 45 171 0 5.81 16.12 
19028 3531 33 74 57 45 172 0 4.86 5.81 
19200 3167 35 77 58 43 176 0 4.84 10.40 
19372 3087 34 75 56 41 170 0 4.86 18.33 
19545 3087 34 75 56 41 170 0 4.54 6.14 
19717 3167 35 77 58 43 176 0 4.54 6.14 
19889 3133 36 78 59 43 178 0 4.54 6.14 
20061 3355 43 66 58 37 161 0 5.81 16.12 
20233 3311 49 73 65 40 178 0 5.81 6.12 
20405 3224 57 85 75 45 206 1 5.81 16.44 
20577 3224 57 85 75 45 205 0 5.49 12.78 
20749 3249 56 84 74 45 202 0 6.78 15.49 
20921 3701 40 61 56 38 153 1 6.78 15.79 
21093 3895 38 58 54 38 149 0 5.81 14.13 
21265 4067 58 88 83 60 230 0 4.54 16.75 
21437 4012 73 113 105 76 293 4 4.54 19.28 
21610 4010 75 116 108 78 300 0 5.81 19.91 
21783 4029 73 111 104 75 288 0 5.81 16.42 
21955 3927 40 81 67 53 200 0 5.81 17.39 
22128 3612 29 82 59 51 190 0 5.49 15.81 
22300 3709 27 73 54 46 172 0 4.54 49.61 
22474 3546 27 81 57 50 186 0 4.54 11.08 
22646 3474 27 85 59 52 194 0 4.54 15.79 
22818 6809 38 58 62 56 177 0 5.51 9.74 
22990 8659 45 59 73 69 201 0 5.81 10.08 
23162 9740 48 63 80 78 221 0 5.81 9.06 
23334 10915 52 66 87 87 241 0 5.81 15.79 
23506 8666 47 62 76 72 211 0 4.86 4.52 
23678 3222 31 61 48 34 143 0 4.84 4.52 
23850 3483 31 62 50 37 149 0 4.86 10.08 
24022 7047 48 65 75 67 205 2 4.86 9.40 
24194 7433 48 66 77 70 212 0 5.81 4.52 
24366 4940 41 74 68 57 198 0 5.51 5.49 
24538 2379 40 119 76 56 248 5 5.81 9.06 
24710 2368 39 114 73 53 237 0 5.49 9.40 
24882 2406 36 104 67 49 217 0 4.54 9.40 
25054 3609 96 109 114 65 290 5 5.51 9.06 
25226 3562 139 151 160 88 402 0 4.54 8.06 
25398 3568 146 156 167 91 417 0 5.81 5.17 
25570 3583 108 122 127 72 324 2 5.51 5.49 
25742 3630 90 103 107 62 276 0 6.78 5.49 
25914 3900 80 100 102 66 269 0 18.99 9.06 
26087 11850 30 72 68 73 213 2 6.78 6.46 
26259 8904 31 68 64 65 196 5 6.78 6.44 
26431 10656 35 81 77 81 239 0 6.14 9.74 
26603 9178 35 81 75 77 233 0 6.78 9.74 
26775 6487 46 89 84 78 252 0 9.08 9.74 
26947 5451 72 122 118 101 346 0 10.10 5.49 
27119 6023 56 101 97 87 287 0 5.81 10.76 
27291 9309 36 80 75 77 232 0 4.54 11.08 
27463 12497 35 88 82 89 259 0 4.54 17.07 
27635 12433 36 89 83 90 263 0 4.54 6.14 
27807 10288 37 87 81 85 253 1 4.54 16.12 
27979 7822 36 76 71 70 217 0 4.86 7.41 
28151 9843 37 84 79 82 245 0 4.54 16.75 
28323 7185 38 76 72 69 217 1 5.81 36.31 
28497 3554 132 143 152 83 381 0 4.86 44.20 
28671 3572 111 126 131 74 334 0 4.54 6.14 
28843 2492 36 102 67 49 215 0 4.54 18.33 
29016 3892 36 77 62 50 188 0 4.86 16.12 
29188 8077 44 58 70 65 193 5 4.54 6.14 
29360 3980 30 70 55 46 170 0 5.51 15.79 
29532 3595 34 92 67 57 214 0 5.81 17.37 
29705 4297 31 65 54 45 162 2 4.54 17.37 
29877 6466 34 47 53 46 146 0 4.54 23.85 
30050 6294 33 46 51 44 142 0 4.86 5.80 
30222 5678 33 49 51 43 143 4 4.84 29.99 
30395 3726 30 76 57 48 179 0 4.86 55.62 
30570 3682 31 75 57 47 178 0 6.78 32.06 
30743 3926 30 58 49 38 145 0 5.51 18.02 
30916 3913 30 66 53 43 161 0 5.51 15.81 
31088 3730 31 76 58 48 181 3 5.81 14.47 
31260 3615 31 79 59 49 185 0 4.54 16.12 
31432 3627 29 85 61 53 196 0 8.06 51.10 
31607 3576 29 84 60 52 194 3 5.81 9.74 
31779 3610 28 71 53 44 166 0 6.78 54.31 
31954 3366 27 80 56 48 182 0 4.54 7.74 
32126 3454 27 79 56 48 181 0 4.54 6.12 
32298 3880 29 68 53 44 163 0 5.81 16.12 
32470 4013 29 65 52 43 159 0 5.81 15.79 
32642 5069 33 54 52 43 149 0 5.51 14.81 
32814 5285 34 56 55 46 157 0 5.81 14.81 
32986 6528 37 54 59 52 167 0 6.78 16.12 
33159 6555 38 55 60 53 170 0 6.78 15.79 
33331 6680 38 55 61 54 171 0 5.81 15.81 
33503 7262 68 88 105 94 287 0 4.54 38.81 
33677 6568 86 116 132 115 361 0 4.86 5.81 
33849 6971 81 109 126 112 345 0 5.81 34.61 
34023 8856 52 70 86 82 238 0 4.54 6.14 
34195 11908 65 81 110 112 303 0 4.54 6.14 
34367 11880 65 82 111 113 308 0 4.86 15.79 
34539 10483 58 73 96 95 266 0 4.86 5.81 
34711 5540 51 83 82 70 235 0 4.86 45.17 
34885 3417 26 87 59 53 198 0 6.78 49.59 
35059 3474 26 88 60 54 200 0 6.78 4.20 
35231 3474 26 88 60 54 200 0 47.63 46.38 
35408 3512 26 86 59 53 196 3 6.78 47.96 
35582 3454 26 82 57 50 188 0 6.78 17.70 
35755 3342 25 94 62 57 211 0 6.78 16.12 
35928 3623 26 77 55 48 178 0 4.54 48.57 
36102 3789 29 69 53 44 166 0 4.86 4.54 
36274 3655 27 72 53 45 169 3 4.86 4.54 
36446 3375 24 95 62 58 214 0 4.86 48.37 
36620 3416 25 90 60 55 203 0 4.86 15.79 
36792 3802 28 72 54 46 171 3 4.84 16.44 
36964 3492 28 88 61 54 201 0 4.86 28.97 
37137 3560 28 81 58 50 187 0 6.78 15.79 
37309 3800 31 72 56 46 173 2 5.51 14.47 
37481 3801 29 72 55 46 171 0 5.51 15.81 
37653 3576 29 84 60 52 194 0 5.51 22.69 
37826 3556 29 78 57 48 181 4 5.51 15.79 
37998 3531 27 89 61 55 203 0 4.54 19.60 
38171 3682 31 75 57 47 178 0 4.54 16.44 
38343 4132 94 137 132 95 366 1 4.54 16.42 
38515 4119 101 146 141 101 390 0 4.54 16.44 
38687 4119 101 146 141 101 391 0 4.54 16.42 
38859 4119 101 146 141 101 391 5 4.54 16.44 
39031 4119 101 146 141 101 391 0 4.86 4.52 
39203 4119 101 146 141 101 391 0 4.86 17.07 
39375 4152 99 145 140 101 388 5 4.86 49.76 
39549 4108 98 142 137 98 380 0 4.54 4.84 
39721 4137 99 144 139 100 385 0 6.78 19.91 
39894 4137 99 144 139 100 384 1 6.78 20.23 
40067 4093 97 141 136 97 376 0 5.51 18.02 
40240 3401 78 146 119 85 389 0 5.51 16.12 
40412 4164 90 127 125 89 347 0 5.51 17.37 
40585 4196 91 129 127 91 353 0 5.51 16.10 
40757 4196 91 129 127 91 353 0 5.51 17.37 
40930 4196 91 129 127 91 353 0 4.86 4.52 
41102 4102 109 155 151 107 418 0 4.86 16.76 
41274 4092 120 173 167 119 462 0 4.86 4.52 
41446 4063 123 177 171 121 472 0 4.84 7.09 
41618 4098 125 180 174 124 481 0 4.86 4.52 
41790 4053 124 179 172 122 476 0 4.86 5.81 
41962 3965 83 123 116 82 325 0 4.86 7.09 
42134 4005 77 116 109 78 308 0 4.86 7.09 
42306 4000 78 116 110 78 308 0 4.86 7.09 
42478 4000 78 116 110 78 308 2 4.86 15.79 
42650 4000 78 116 110 78 308 0 4.86 7.09 
42822 4026 75 114 107 77 302 0 6.78 7.41 
42994 4023 74 111 105 75 295 4 5.81 14.13 
43166 3826 86 121 116 78 321 0 4.54 14.79 
43338 3843 87 122 117 79 326 0 5.81 48.16 
43512 2917 101 146 125 66 339 0 4.54 16.44 
43684 2767 103 144 122 58 328 0 4.86 4.52 
43856 2634 120 170 140 62 376 0 5.81 15.47 
44028 2612 130 186 152 67 410 1 4.52 10.08 
44200 2594 58 115 84 50 250 0 4.54 6.12 
44372 2077 27 110 64 52 223 0 4.54 6.12 
44544 1699 20 116 61 52 224 6 4.54 6.14 
44716 1752 21 112 60 50 218 0 4.54 6.12 
44888 1752 21 112 60 50 219 0 4.54 6.12 
45060 1752 21 112 60 50 219 3 4.86 18.33 
45233 2344 25 91 56 45 192 0 4.86 18.63 
45406 5855 78 91 109 88 289 0 4.54 6.14 
45578 6439 102 106 140 115 362 5 4.54 6.14 
45750 6573 132 132 180 148 462 0 4.54 6.14 
45922 6637 135 136 185 153 476 0 4.54 6.12 
46094 6693 134 137 185 154 476 5 4.54 14.13 
46266 6609 135 137 185 153 476 0 4.54 14.13 
46438 6609 135 137 185 153 476 0 4.54 14.13 
46610 6637 135 136 185 153 476 4 4.86 4.54 
46782 6650 131 131 179 148 460 0 4.86 4.54 
46954 6717 129 128 176 146 455 0 5.17 5.49 
47126 6431 98 104 136 112 356 0 5.18 7.74 
47298 5841 65 75 91 73 243 0 5.18 7.74 
47470 6012 72 81 100 81 266 0 5.17 7.74 
47642 6028 72 82 101 82 271 0 5.18 7.74 
47814 6028 72 82 101 82 271 0 5.18 6.44 
47986 5877 66 77 93 75 249 0 6.46 7.74 
48158 5547 59 72 83 66 225 0 5.51 7.74 
48330 5547 59 72 83 66 225 0 5.51 17.37 
48503 5004 56 75 80 62 220 0 4.54 16.12 
48675 5142 90 110 124 95 332 0 4.54 6.12 
48847 6118 70 79 98 80 262 0 4.54 18.63 
49020 5997 71 80 99 80 265 0 4.86 10.40 
49192 5997 71 80 99 80 265 0 4.54 17.70 
49364 5636 70 82 97 77 260 0 4.54 14.13 
49536 5426 93 110 128 100 341 0 4.54 14.47 
49708 6519 101 108 141 117 370 0 5.51 6.44 
49880 6472 101 108 140 116 370 2 4.54 21.81 
50053 6319 100 108 139 114 365 0 5.81 32.32 
50226 5983 90 100 124 100 330 0 4.54 36.07 
50400 3925 46 76 68 50 194 0 6.78 36.07 
50574 1944 39 125 73 48 244 0 5.51 33.85 
50747 1998 39 121 72 47 238 0 5.51 15.79 
50919 4393 50 74 72 54 202 0 5.51 19.60 
51092 6449 102 107 141 116 367 0 4.86 19.60 
51265 6498 123 124 167 137 430 0 4.54 6.14 
51437 6428 109 112 149 122 387 0 5.81 16.10 
51609 5166 55 73 79 62 217 0 4.54 39.95 
51783 2232 38 104 66 44 211 0 4.54 17.07 
51955 2834 66 139 103 69 311 0 5.81 41.97 
52129 2682 34 79 56 38 172 3 6.78 39.93 
52303 2618 34 82 57 39 176 0 5.51 32.56 
52476 3064 78 153 119 81 354 0 5.51 39.49 
52650 2874 52 109 81 55 244 0 4.86 4.52 
52822 2623 35 81 57 38 176 0 4.86 5.81 
52994 3273 89 158 130 88 378 0 4.86 5.81 
53166 2483 40 99 67 45 209 0 4.86 5.81 
53338 2406 40 101 67 45 211 0 4.86 5.80 
53510 3500 55 71 69 41 182 0 4.84 36.53 
53684 3690 65 70 76 43 190 0 4.86 37.21 
53858 2415 38 98 65 44 206 0 4.86 15.81 
54030 2749 35 76 55 37 167 3 4.86 29.73 
54203 5077 80 100 111 85 297 0 4.86 28.97 
54376 5609 126 136 169 131 441 0 4.54 48.35 
54550 6796 90 85 121 100 307 0 4.86 16.12 
54722 2551 31 98 63 50 208 0 5.81 21.49 
54895 2270 32 117 71 57 241 0 4.86 16.12 
55067 2587 56 117 84 52 252 0 5.81 16.75 
55239 2612 130 186 152 67 409 0 5.81 16.12 
55411 2617 127 184 150 67 405 0 4.86 39.73 
55585 2628 116 168 137 62 370 0 5.81 16.12 
55757 2743 84 123 102 50 278 0 5.81 21.18 
55930 2944 63 90 78 41 213 5 4.54 16.12 
56102 2958 62 89 77 41 209 0 4.54 16.12 
56274 4012 131 188 181 127 502 0 5.81 6.14 
56446 4059 155 221 214 151 591 5 4.54 7.41 
56618 4023 154 220 212 149 586 0 4.54 8.04 
56790 3736 62 133 106 84 324 0 4.54 5.17 
56962 5694 42 117 92 89 296 1 5.81 4.84 
57134 7057 79 108 124 111 343 0 4.54 8.38 
57306 1835 29 117 65 48 227 0 4.54 10.08 
57478 2107 25 83 50 36 165 0 4.54 10.08 
57650 2143 24 81 49 36 164 0 4.84 5.81 
57822 2143 24 81 49 36 163 0 4.54 17.39 
57994 1897 27 104 59 43 202 0 4.54 13.79 
58166 2998 39 102 72 56 228 0 4.54 15.79 
58338 5981 63 87 96 81 263 0 4.86 17.07 
58510 5981 63 87 96 81 263 0 18.04 21.17 
58683 7910 89 110 138 126 376 0 4.86 18.02 
58856 7390 86 105 130 116 351 0 4.86 3.57 
59028 5963 52 90 88 78 256 0 4.86 15.79 
59200 2643 20 128 74 75 273 0 4.86 16.12 
59372 4013 134 194 186 131 517 0 6.78 16.12 
59545 2798 93 134 113 56 305 0 5.51 54.99 
59720 2721 88 128 106 51 289 0 5.51 29.22 
59893 2701 96 137 114 53 305 0 6.78 9.40 
60065 3830 108 155 147 100 407 0 6.78 22.12 
60238 4037 147 212 204 144 565 0 8.06 17.37 
60411 4018 95 136 131 92 364 0 6.78 19.60 
60584 4062 93 130 127 89 352 0 5.81 17.07 
60757 4005 174 246 238 166 656 0 4.54 16.42 
60929 3953 157 230 218 153 604 3 4.54 13.45 
61101 3983 131 191 182 128 504 0 4.54 14.47 
61273 3987 185 262 253 176 700 0 4.54 14.47 
61445 3986 187 265 256 178 707 0 4.54 14.47 
61617 4000 188 264 256 178 706 0 4.54 14.45 
61789 4002 186 264 255 178 706 0 4.86 5.80 
61961 4002 186 264 255 178 705 0 4.86 5.81 
62133 3987 183 259 250 174 691 0 4.86 5.81 
62305 3606 94 134 125 81 344 0 4.86 5.80 
62477 2575 153 220 178 77 479 0 4.84 5.81 
62649 2580 158 229 185 81 503 1 4.54 16.42 
62821 2580 158 229 185 81 503 0 4.54 18.02 
62993 2577 132 194 156 69 421 0 4.54 10.40 
63165 3507 69 99 91 58 250 2 5.51 14.47 
63337 3891 63 90 86 59 240 0 5.81 6.44 
63509 4005 168 237 230 160 634 0 15.83 6.44 
63681 3994 185 263 254 177 701 3 11.78 15.79 
63854 4011 184 262 253 177 700 0 4.86 5.80 
64026 4001 185 261 253 176 698 0 4.54 23.27 
64199 2852 97 137 117 59 657 15 4.54 29.22 
64372 2859 83 118 101 51 275 0 4.54 25.26 
64545 2873 85 118 102 51 276 0 4.54 29.73 
64718 2875 84 119 102 52 276 0 4.84 22.98 
64891 2875 84 119 102 52 276 0 4.84 4.52 
65063 2582 138 197 160 69 430 0 4.86 5.81 
65235 2561 163 230 187 78 501 0 4.86 4.52 
65407 2550 164 232 188 78 507 0 4.86 4.52 
65579 2645 138 197 162 73 436 8 4.54 6.14 
65751 2022 32 130 75 60 262 0 4.86 16.12 
65923 5123 71 116 112 93 319 0 5.81 16.75 
66095 6802 126 122 171 142 438 0 5.51 15.79 
66267 6658 114 114 156 129 401 0 5.51 15.79 
66439 1944 26 121 68 57 241 0 5.51 20.23 
66612 2154 39 154 91 74 314 0 5.81 17.37 
66785 1805 27 134 73 60 264 0 3.57 4.54 
66957 2145 32 123 73 58 250 0 4.86 4.84 
67129 2299 37 107 68 48 222 0 5.81 16.42 
67301 2559 42 104 71 49 224 0 4.86 9.74 
67473 2761 79 121 99 51 276 0 6.14 6.77 
67645 2511 174 246 198 79 531 0 6.78 8.72 
67817 2655 112 156 130 57 351 0 6.78 7.41 
67989 2789 93 125 108 50 291 0 5.81 7.41 
68161 2789 93 125 108 50 290 0 14.82 5.81 
68333 2795 92 124 107 50 289 0 16.15 15.15 
68506 2534 140 202 162 68 439 0 54.91 16.44 
68681 1688 29 143 75 58 272 5 25.60 16.42 
68855 1767 17 147 69 60 269 0 55.73 45.59 
69032 1892 24 115 64 53 228 4 23.02 16.44 
69205 1882 15 147 68 60 269 0 23.02 19.28 
69379 1983 16 158 72 63 287 5 51.88 13.45 
69554 2048 15 157 71 62 283 0 51.37 9.06 
69729 2400 82 157 112 59 329 0 16.46 9.06 
69902 2520 129 190 151 64 413 0 8.74 9.06 
70074 2655 121 172 142 64 383 0 6.14 8.72 
70246 4039 204 288 280 196 774 0 4.86 9.06 
70418 3941 117 186 170 123 481 0 5.81 14.13 
70590 2871 28 115 72 66 253 0 7.11 14.13 
70762 3440 36 107 75 65 248 0 5.81 13.11 
70934 3508 36 106 75 65 248 0 5.81 14.81 
71106 2318 22 127 73 70 268 0 5.81 12.78 
71278 2318 22 127 73 70 268 0 17.73 16.12 
71451 3620 70 149 118 92 359 0 29.02 18.65 
71625 3992 154 217 210 146 581 0 53.72 29.75 
71801 2566 135 194 157 67 423 0 29.00 29.22 
71976 2573 133 190 154 66 416 0 25.60 18.65 
72150 2518 153 222 177 74 478 0 16.15 18.65 
72323 3671 106 143 138 88 380 0 48.81 19.91 
72498 2509 166 239 191 78 515 5 29.00 16.12 
72672 2497 184 261 209 83 562 0 44.28 43.81 
72848 2506 175 250 200 81 538 4 19.94 22.42 
73022 3911 166 232 224 153 617 0 16.15 18.00 
73195 3970 198 281 271 188 748 0 16.15 16.75 
73368 3970 198 281 271 188 749 0 17.08 16.42 
73541 3980 193 276 265 185 734 0 17.08 16.42 
73714 3985 197 280 270 188 746 5 16.13 16.12 
73887 3985 197 280 270 188 747 0 16.15 16.12 
74060 3923 111 173 159 114 451 0 29.53 15.81 
74234 3101 30 142 88 85 311 0 6.46 14.81 
74406 7084 130 154 192 168 518 0 6.46 21.18 
74579 7034 128 152 189 165 510 5 5.17 16.75 
74751 7034 128 152 189 165 510 0 5.17 18.33 
74924 7034 128 152 189 165 510 0 6.46 18.63 
75097 7034 128 152 189 165 510 3 6.78 5.49 
75269 7041 128 153 190 166 513 0 5.51 5.49 
75441 6609 100 122 147 126 398 0 5.51 15.79 
75613 1885 17 147 79 81 302 4 4.54 16.12 
75785 3893 114 182 165 119 470 0 5.51 31.01 
75958 3396 133 187 172 105 468 0 5.81 16.12 
76130 2592 141 203 165 72 444 6 5.81 35.38 
76304 2567 162 232 188 80 504 0 6.78 16.12 
76477 2591 122 180 145 65 395 0 6.78 15.79 
76649 1950 26 119 67 56 238 0 4.54 36.53 
76823 4122 40 75 65 51 190 0 4.54 16.12 
76995 6627 92 91 125 103 318 0 4.54 16.12 
