=~=~=~=~=~=~=~=~=~=~=~= PuTTY log 2025.11.28 21:58:59 =~=~=~=~=~=~=~=~=~=~=~=
ets Jul 29 2019 12:21:46

rst:0x1 (POWERON_RESET),boot:0x13 (SPI_FAST_FLASH_BOOT)
configsip: 0, SPIWP:0xee
clk_drv:0x00,q_drv:0x00,d_drv:0x00,cs0_drv:0x00,hd_drv:0x00,wp_drv:0x00
mode:DIO, clock div:1
load:0x3fff0030,len:4980
load:0x40078000,len:16612
load:0x40080400,len:3480
entry 0x400805b4
Found sensor
Milis - ColorTemp - Lux - R - G - B - C - Pot - UsensA - UsensB

399 3129 38 74 58 40 172 0 5.81 19.60 
572 3099 39 75 59 40 173 0 5.81 16.44 
744 3099 39 75 59 40 173 0 5.83 16.44 
916 3129 38 74 58 40 172 7 5.81 16.44 
1088 3099 39 75 59 40 173 0 5.81 16.44 
1260 3099 39 75 59 40 173 0 5.83 16.12 
1432 3129 38 74 58 40 172 6 5.81 17.37 
1605 3129 38 74 58 40 172 0 5.81 16.44 
1777 3129 38 74 58 40 172 0 5.81 16.42 
1949 3129 38 74 58 40 172 4 5.81 17.37 
2122 3129 38 74 58 40 172 0 5.81 16.44 
2294 3129 38 74 58 40 172 0 5.81 17.37 
2467 3129 38 74 58 40 172 2 5.81 16.42 
2639 3129 38 74 58 40 172 0 5.81 16.44 
2811 3129 38 74 58 40 172 0 5.81 17.37 
2984 3129 38 74 58 40 172 0 5.81 16.44 
3156 3074 37 75 58 40 172 0 5.81 16.44 
3328 3074 37 75 58 40 172 0 5.81 16.42 
3500 3074 37 75 58 40 172 0 5.81 17.37 
3673 3074 37 75 58 40 172 0 5.83 16.44 
3845 3074 37 75 58 40 172 0 5.81 16.42 
4017 3129 38 74 58 40 172 0 5.81 16.44 
4189 3129 38 74 58 40 172 0 5.81 16.44 
4361 3129 38 74 58 40 172 0 5.81 17.37 
4534 3129 38 74 58 40 172 2 5.81 16.42 
4706 3129 38 74 58 40 172 0 5.81 17.37 
4879 3129 38 74 58 40 172 0 5.81 16.44 
5051 3074 37 75 58 40 172 0 5.81 16.44 
5223 3074 37 75 58 40 172 0 5.81 16.44 
5395 3074 37 75 58 40 172 0 5.81 16.42 
5567 3129 38 74 58 40 172 1 6.78 18.02 
5740 3129 38 74 58 40 172 0 6.78 16.76 
5913 3301 37 69 56 39 163 0 6.78 16.75 
6086 6053 49 53 67 54 175 0 6.78 15.79 
6258 6170 50 54 69 56 180 0 6.78 17.70 
6431 6356 55 55 74 60 190 0 6.78 55.78 
6606 6374 55 56 75 61 193 0 5.81 15.79 
6778 6091 52 55 71 57 183 0 6.78 17.37 
6951 4627 37 52 53 40 145 2 5.81 16.44 
7123 4627 37 52 53 40 145 0 5.51 17.70 
7296 3346 33 69 54 40 161 0 5.49 17.70 
7469 3087 34 75 56 41 170 0 5.81 15.49 
7641 3056 32 75 55 41 169 0 5.81 16.12 
7813 3290 37 77 60 44 180 0 5.81 16.12 
7985 3259 34 69 54 39 162 0 4.86 5.80 
8157 3260 32 67 52 38 157 0 4.86 10.42 
8329 3313 37 75 59 43 175 0 4.86 10.40 
8501 3259 34 69 54 39 161 2 6.78 16.42 
8674 3346 33 69 54 40 163 0 5.81 16.44 
8846 3486 42 79 65 47 189 0 4.54 15.47 
9018 3609 43 80 67 49 194 0 5.81 15.79 
9190 3586 32 56 48 34 138 0 5.81 14.13 
9362 3616 32 54 47 33 134 0 4.54 14.13 
9534 3506 39 58 53 34 144 3 5.49 5.17 
9706 3325 43 62 56 34 150 0 6.78 5.17 
9878 3253 50 73 65 39 175 0 5.51 6.46 
10050 3149 54 80 70 41 190 6 6.78 7.74 
10222 3096 62 92 80 46 217 0 5.51 11.42 
10394 3273 57 85 75 46 205 0 5.81 15.79 
10566 4056 69 106 99 72 276 5 6.78 12.44 
10738 4131 66 103 96 71 270 0 5.81 14.13 
10910 3980 56 90 82 60 232 0 4.54 29.73 
11083 3694 27 81 58 51 188 4 4.54 45.19 
11257 3663 29 83 60 52 194 0 5.51 15.79 
11429 3663 29 83 60 52 193 0 6.78 15.79 
11601 3574 28 73 54 45 171 2 4.54 17.37 
11773 8233 41 58 68 64 191 0 4.54 6.12 
11945 4368 36 71 61 50 181 0 4.54 17.07 
12117 2485 34 96 63 46 203 5 4.54 18.33 
12290 3462 73 112 100 65 276 0 4.54 18.33 
12463 3696 116 136 141 84 361 0 4.54 36.31 
12637 3675 116 137 141 84 362 0 5.81 17.37 
12810 3625 125 140 147 84 374 0 5.81 17.70 
12983 3634 130 143 152 86 383 0 4.54 15.49 
13155 3618 131 144 153 86 384 0 6.78 11.10 
3327 3630 103 118 123 71 313 0 4.86 4.54 
13499 6183 41 73 71 64 208 11 7.74 10.76 
13671 6414 32 73 64 61 198 0 9.42 4.84 
13843 3249 50 134 96 78 308 0 6.46 4.54 
14015 3295 53 132 97 77 305 0 5.18 5.49 
14187 3287 49 125 91 73 289 0 4.86 5.81 
14359 4696 39 95 76 68 239 0 4.84 21.17 
14532 4800 61 89 90 70 249 0 4.86 26.15 
14705 3361 69 99 90 55 245 0 4.86 4.52 
14877 5017 47 93 82 71 244 0 4.86 4.84 
15049 6026 54 101 95 86 283 0 4.86 5.81 
15221 3939 75 140 119 92 352 0 4.86 15.79 
15393 4132 94 137 132 95 369 0 4.86 44.98 
15567 4118 72 104 101 72 281 1 4.86 3.25 
15739 2962 91 133 114 62 310 6 4.86 4.52 
15911 2601 121 175 142 63 384 0 4.86 4.52 
16083 2622 123 176 144 64 387 0 4.86 5.80 
16255 2623 126 181 148 66 399 0 4.86 5.80 
16427 2607 127 183 149 66 403 0 4.86 4.52 
16599 2630 128 183 150 67 403 7 4.86 19.91 
16772 2621 127 182 149 66 401 0 4.86 4.52 
16944 2623 126 181 148 66 399 0 4.86 4.52 
17116 2660 115 165 136 62 366 0 4.86 4.52 
17288 2572 126 184 148 65 401 0 4.86 44.79 
17462 2546 142 207 166 71 449 0 4.86 43.79 
17636 2548 130 192 153 67 414 0 4.86 3.57 
17808 2712 86 126 104 50 284 0 46.48 15.79 
17983 2749 84 121 101 49 274 0 6.78 15.81 
18155 2686 90 133 109 52 296 0 6.78 16.12 
18328 2570 137 198 160 69 431 0 6.78 9.74 
18500 2406 41 108 71 49 225 0 7.75 15.81 
18673 1843 25 122 67 56 241 0 4.54 49.27 
18847 6923 113 103 151 125 222 0 4.54 21.18 
19020 6879 118 111 159 132 403 1 6.78 20.86 
19193 4969 62 100 97 79 275 0 9.42 14.47 
19366 1887 25 117 65 54 231 0 6.78 15.13 
19538 1828 24 115 63 52 227 0 6.78 15.13 
19710 1857 24 116 64 53 228 0 6.78 14.81 
19882 1867 24 112 62 51 222 0 6.78 14.47 
20054 2597 121 177 143 64 389 0 5.49 9.40 
20226 3165 123 179 158 92 433 0 5.49 7.74 
20398 3938 96 156 141 103 401 0 5.49 15.79 
20570 2518 20 125 72 72 266 0 5.18 14.79 
20742 7234 76 111 124 113 350 0 5.18 9.74 
20914 7287 105 127 158 140 428 0 5.18 9.74 
21086 7510 119 142 179 160 484 2 4.84 5.81 
21258 6941 86 107 129 113 351 0 4.84 5.81 
21430 2003 17 136 74 76 281 0 4.86 30.79 
21603 3909 106 166 152 109 431 0 4.86 47.19 
21777 2767 147 209 176 85 475 0 4.86 5.81 
21949 2541 77 144 106 59 308 0 6.78 46.39 
22123 1910 30 132 74 60 262 0 35.44 5.49 
22297 2597 140 200 163 71 439 0 6.46 49.27 
22471 2750 140 199 167 80 451 0 6.46 18.00 
22644 4008 143 206 198 139 548 0 5.49 9.74 
22816 3965 167 238 229 159 632 0 4.86 15.79 
22988 3974 173 248 238 166 658 0 4.86 24.12 
23161 3994 149 211 204 142 562 0 4.86 18.33 
23334 4030 139 199 192 135 530 2 4.86 5.81 
23506 2972 99 142 123 66 334 0 4.86 45.97 
23680 2661 103 150 123 57 334 0 4.86 5.81 
23852 2142 28 108 64 51 220 5 4.86 5.80 
24024 1913 22 100 56 46 199 0 5.81 50.10 
24198 1891 21 99 55 46 197 0 5.51 47.96 
24372 2168 29 111 66 53 226 0 5.49 49.10 
24546 2854 33 90 62 48 197 0 5.51 15.79 
24718 2394 33 110 69 54 229 4 5.49 42.82 
24892 2243 29 104 63 50 213 0 5.49 15.81 
25064 2761 29 79 54 41 172 0 5.51 15.81 
25236 2444 29 93 59 46 196 0 6.78 44.00 
25410 2531 32 101 65 51 215 0 5.81 53.63 
25585 2507 31 98 63 49 206 2 4.86 10.76 
25757 2692 31 86 58 44 184 0 6.78 9.06 
25929 2520 31 96 62 48 202 0 6.78 15.79 
26101 2732 40 107 73 55 233 3 5.49 47.58 
26275 2756 32 90 61 47 197 0 6.78 46.56 
26449 2225 28 105 63 51 216 0 5.51 5.17 
26621 2275 31 108 66 52 223 0 5.51 5.18 
26793 2432 27 87 55 43 183 0 5.49 15.79 
26965 2956 30 76 54 41 170 0 5.51 16.75 
27137 6593 87 86 118 97 303 0 4.54 40.87 
27311 6978 106 98 143 119 362 0 4.86 5.80 
27483 7123 110 100 148 124 373 2 4.84 5.81 
27655 7221 113 102 152 128 384 0 4.86 5.80 
27827 7221 113 102 152 128 384 0 4.86 5.81 
27999 7215 112 101 151 127 382 14 4.86 5.80 
28171 7215 112 101 151 127 382 0 4.86 4.52 
28343 7215 112 101 151 127 381 0 4.86 5.81 
28515 7101 113 101 151 126 381 0 4.86 5.80 
28687 7101 113 101 151 126 381 0 4.86 5.81 
28859 7101 113 101 151 126 381 2 4.86 5.80 
29031 7101 113 101 151 126 381 0 5.81 15.49 
29203 7101 113 101 151 126 381 0 5.81 36.52 
29377 6863 103 95 138 114 348 0 4.54 16.44 
29549 6049 70 75 96 77 249 5 4.86 15.79 
29721 6060 64 71 89 72 234 0 4.86 6.12 
29893 5317 52 63 72 56 194 0 4.86 6.14 
30065 5292 51 62 71 55 190 0 5.81 6.12 
30237 5292 51 62 71 55 191 0 6.78 5.17 
30409 2771 41 93 67 46 205 0 5.81 5.17 
30581 1875 38 124 71 45 238 0 5.51 11.42 
30753 1810 40 138 77 49 261 0 5.81 9.74 
30925 1999 45 128 77 47 250 0 5.81 9.74 
31097 2018 46 129 78 48 253 0 5.81 7.41 
31269 2018 46 129 78 48 254 0 5.81 8.06 
31441 2018 46 129 78 48 254 0 4.86 7.09 
31613 2018 46 129 78 48 254 0 4.86 15.79 
31785 1849 41 134 76 48 255 0 4.86 10.40 
31957 1698 41 155 82 51 284 0 4.86 10.42 
32129 1716 39 146 78 49 269 0 4.86 10.40 
32301 1703 39 147 78 49 271 0 4.86 5.81 
32473 1703 39 147 78 49 271 0 4.86 4.52 
32645 1866 37 121 69 44 232 0 4.86 5.81 
32817 1916 37 121 70 46 234 0 4.86 5.80 
32989 1940 39 127 74 49 247 0 4.86 5.80 
33161 1940 39 127 74 49 246 0 4.86 5.81 
33333 1940 39 127 74 49 246 2 6.80 8.72 
33505 1932 40 127 74 48 246 0 6.80 8.06 
33677 2042 37 113 68 45 225 0 5.81 17.37 
33850 1807 38 133 74 48 252 0 5.81 16.12 
34022 1763 39 141 77 50 264 0 4.86 16.12 
34194 1763 39 141 77 50 265 0 4.86 5.80 
34366 1748 38 142 77 50 267 1 4.86 4.52 
34538 1736 37 141 76 50 263 0 4.86 5.81 
34710 1736 37 141 76 50 264 0 4.86 49.76 
34884 2268 38 97 63 40 199 0 4.86 20.86 
35057 2340 39 95 63 40 197 0 4.86 20.86 
35230 2340 39 95 63 40 197 2 4.86 19.60 
35403 2340 39 95 63 40 197 0 6.78 14.79 
35575 2218 38 102 65 42 206 0 4.54 15.15 
35747 6428 109 112 149 122 386 5 4.86 14.13 
35919 6252 94 101 130 106 338 0 4.86 10.42 
36091 1872 23 114 63 53 227 0 4.86 5.81 
36263 1836 23 111 61 50 219 4 5.51 15.79 
36435 1848 17 158 73 63 287 0 4.86 4.52 
36607 2204 79 178 117 65 359 0 4.86 4.52 
36779 2594 129 184 150 65 405 16 4.86 4.52 
36951 4030 189 265 258 180 712 0 4.86 4.52 
37123 4036 211 297 289 202 799 0 4.86 4.52 
37295 4041 213 298 291 203 802 0 4.86 5.80 
37467 4055 212 297 290 203 800 0 4.86 4.52 
37639 4036 211 297 289 202 799 5 6.78 15.79 
37811 4044 210 295 287 201 792 1 4.54 11.08 
37983 3221 106 149 134 78 365 0 5.51 22.98 
38156 2619 103 150 122 55 334 0 5.18 16.12 
38328 2844 72 104 88 45 241 5 8.74 4.52 
38500 2674 91 131 108 50 296 0 4.86 4.52 
38672 3934 134 190 183 126 504 0 4.84 4.54 
38844 3659 82 172 137 107 416 0 4.86 4.52 
39016 1668 13 170 85 89 338 0 4.86 4.54 
39188 1623 15 170 86 89 339 0 4.86 3.25 
39360 1645 17 157 81 81 311 0 7.43 4.54 
39532 1644 17 159 82 82 316 0 4.54 9.40 
39704 1628 17 164 84 85 326 0 4.54 40.41 
39878 2423 29 146 86 80 307 2 4.54 10.76 
40050 4146 111 153 152 107 415 0 5.81 40.19 
40224 4040 131 182 178 124 485 0 5.17 5.49 
40396 4065 129 181 177 124 482 4 4.86 4.52 
40568 3919 79 134 119 88 341 0 4.86 4.52 
40740 3446 34 141 91 87 316 0 4.86 4.52 
40912 7077 129 153 191 167 514 6 6.14 16.12 
41084 5493 76 119 120 101 340 0 5.18 4.52 
41256 1633 34 176 89 67 327 0 10.42 16.42 
41429 1654 36 173 89 66 322 4 4.54 21.18 
41602 5328 74 112 114 94 320 0 4.54 24.70 
41775 6091 73 90 106 88 285 0 4.54 22.41 
41948 5912 69 83 98 80 262 0 4.54 21.17 
42121 5912 69 83 98 80 262 0 5.18 9.74 
42293 18409 46 84 98 110 263 2 4.86 4.52 
42465 3332 50 110 84 64 351 0 4.86 4.52 
42637 1788 23 164 74 55 286 0 4.86 4.52 
42809 1816 22 165 74 55 288 0 4.86 4.52 
42981 1816 22 165 74 55 287 0 6.46 4.52 
43153 1759 24 171 78 59 301 0 4.54 16.44 
43325 4087 51 101 85 68 253 0 4.54 17.07 
43497 6150 64 84 96 81 266 0 4.54 17.70 
43669 6191 68 87 101 85 278 0 4.86 17.37 
43841 6191 68 87 101 85 278 0 5.51 20.21 
44014 6240 66 85 98 83 270 0 7.11 5.49 
44186 4101 52 99 85 67 250 0 4.86 4.52 
44358 1854 39 146 82 58 283 0 4.86 4.52 
44530 3515 103 131 128 76 341 0 4.86 4.52 
44702 2231 38 110 69 48 225 0 4.86 4.52 
44874 1724 27 118 63 46 224 0 4.86 4.52 
45046 1633 25 146 70 52 262 0 5.18 4.52 
45218 2231 32 100 62 45 203 0 4.84 4.52 
45390 2482 30 82 54 39 172 0 8.06 4.52 
45562 2031 34 117 69 50 232 0 6.46 4.52 
45734 1623 26 152 74 56 277 0 4.86 16.44 
45906 1669 31 154 80 61 292 0 6.14 10.08 
46078 1620 26 148 73 56 271 0 5.17 10.08 
46250 1949 30 119 68 52 234 0 5.18 10.08 
46422 2043 33 113 67 48 224 0 5.18 4.52 
46594 2985 35 90 64 49 202 1 5.18 4.52 
46766 3529 35 79 61 48 188 0 5.17 4.52 
46938 4262 43 79 69 55 204 0 5.18 4.52 
47110 5237 54 82 83 68 234 3 5.18 4.52 
47282 5152 53 82 82 67 230 0 5.18 4.54 
47454 5152 53 82 82 67 230 0 5.18 9.40 
47626 5152 53 82 82 67 230 3 5.18 4.52 
47798 6046 69 95 105 89 288 0 5.18 4.52 
47970 6274 77 102 116 99 316 0 5.18 4.52 
48142 6231 80 104 119 101 322 5 6.46 4.52 
48314 6767 96 119 143 124 386 0 6.46 4.52 
48486 6959 97 121 146 128 395 0 4.86 4.52 
48658 6909 100 124 150 131 405 6 6.14 10.08 
48830 7133 106 129 159 140 428 0 6.14 11.76 
49002 7133 106 129 159 140 428 0 6.14 12.78 
49174 7073 104 127 156 137 420 5 6.14 15.79 
49346 7066 104 126 155 136 419 0 8.74 14.14 
49519 6886 89 110 133 116 361 0 4.54 20.23 
49692 8429 93 115 146 136 399 2 4.54 5.17 
49864 2579 23 120 71 68 255 0 5.81 15.81 
50036 3969 152 220 210 147 581 0 4.54 6.14 
50208 4032 171 243 235 165 650 2 5.81 6.14 
50380 4023 173 245 237 166 653 0 4.54 6.14 
50552 4023 173 245 237 166 654 0 4.54 17.07 
50724 4023 173 245 237 166 654 2 4.54 15.79 
50896 4023 173 245 237 166 654 0 5.81 6.14 
51068 4023 173 245 237 166 654 0 4.54 15.79 
51240 4023 173 245 237 166 653 2 4.54 17.07 
