=~=~=~=~=~=~=~=~=~=~=~= PuTTY log 2025.11.28 20:41:20 =~=~=~=~=~=~=~=~=~=~=~=
4.52 
4.52 
4.52 
4.52 
4.52 
4.52 
4.52 
4.52 
4.52 
4.52 
4.52 
4.52 
4.52 
4.52 
4.52 
4.52 
4.52 
4.52 
4.52 
4.52 
4.52 
4.52 
4.52 
4.52 
4.52 
4.52 
4.52 
4.52 
4.52 
4.52 
4.52 
4.52 
4.52 
4.52 
4.52 
4.52 
4.52 
4.52 
4.52 
4.52 
4.52 
4.52 
4.52 
4.52 
4.52 
4.52 
4.52 
4.52 
4.52 
4.52 
4.52 
4.52 
4.52 
4.52 
4.52 
4.52 
4.52 
4.52 
4.52 
4.52 
4.52 
4.52 
4.52 
4.52 
4.52 
4.52 
4.52 
4.52 
4.52 
4.52 
4.52 
4.52 
4.52 
4.52 
4.52 
4.52 
4.52 
4.52 
4.52 
4.52 
4.52 
4.52 
4.52 
4.52 
4.52 
4.52 
4.52 
4.52 
4.52 
4.52 
4.52 
4.52 
4.52 
4.52 
4.52 
ets Jul 29 2019 12:21:46

rst:ets Jul 29 2019 12:21:46

rst:ets Jul 29 2019 12:21:46

rst:ets Jul 29 2019 12:21:46

rst:ets Jul 29 2019 12:21:46

rst:ets Jul 29 2019 12:21:46

rst:ets Jul 29 2019 12:21:46

rst:ets Jul 29 2019 12:21:46

rst:ets Jul 29 2019 12:21:46

rst:ets Jul 29 2019 12:21:46

rst:ets Jul 29 2019 12:21:46

rst:ets Jul 29 2019 12:21:46

rst:ets Jul 29 2019 12:21:46

rst:ets Jul 29 2019 12:21:46

rst:ets Jul 29 2019 12:21:46

rst:ets Jul 29 2019 12:21:46

rst:ets Jul 29 2019 12:21:46

rst:ets Jul 29 2019 12:21:46

rst:ets Jul 29 2019 12:21:46

rst:ets Jul 29 2019 12:21:46

rst:ets Jul 29 2019 12:21:46

rst:ets Jul 29 2019 12:21:46

rst:ets Jul 29 2019 12:21:46

rst:ets Jul 29 2019 12:21:46

rst:ets Jul 29 2019 12:21:46

rst:ets Jul 29 2019 12:21:46

rst:ets Jul 29 2019 12:21:46

rst:ets Jul 29 2019 12:21:46

rst:ets Jul 29 2019 12:21:46

rst:ets Jul 29 2019 12:21:46

rst:ets Jul 29 2019 12:21:46

rst:ets Jul 29 2019 12:21:46

rst:ets Jul 29 2019 12:21:46

rst:ets Jul 29 2019 12:21:46

rst:ets Jul 29 2019 12:21:46

rst:ets Jul 29 2019 12:21:46

rst:ets Jul 29 2019 12:21:46

rst:ets Jul 29 2019 12:21:46

rst:ets Jul 29 2019 12:21:46

rst:ets Jul 29 2019 12:21:46

rst:ets Jul 29 2019 12:21:46

rst:ets Jul 29 2019 12:21:46

rst:ets Jul 29 2019 12:21:46

rst:ets Jul 29 2019 12:21:46

rst:ets Jul 29 2019 12:21:46

rst:ets Jul 29 2019 12:21:46

rst:ets Jul 29 2019 12:21:46

rst:ets Jul 29 2019 1T),boot:0x13 (S0x1 (POWERON_RESET),boot:0x13 (S0x1 (POWERON_RESET),boot:0x13 (S0x1 (POWERON_RESET),boot:0x13 (S0x1 (POWERON_RESET),boot:0x13 (S0x1 (POWERON_RESET),boot:0x13 (S0x1 (POWERON_RESET),boot:0x13 (S0x1 (POWERON_RESET),boot:0x13 (S0x1 (POWERON_RESET),boot:0x13 (S0x1 (POWERON_RESET),boot:0x13 (S0x1 (POWERON_RESET),boot:0x13 (S0x1 (POWERON_RESET),boot:0x13 (S0x1 (POWERON_RESET),boot:0x13 (S0x1 (POWERON_RESET),boot:0x13 (S0x1 (POWERON_RESET),boot:0x13 (S0x1 (POWERON_RESET),boot:0x13 (S0x1 (POWERON_RESET),boot:0x13 (S0x1 (POWERON_RESET),boot:0x13 (S0x1 (POWERON_RESET),boot:0x13 (S0x1 (POWERON_RESET),boot:0x13 (S0x1 (POWERON_RESET),boot:0x13 (S0x1 (POWERON_RESET),boot:0x13 (S0x1 (POWERON_RESET),boot:0x13 (S0x1 (POWERON_RESET),boot:0x13 (S0x1 (POWERON_RESET),boot:0x13 (S0x1 (POWERON_RESET),boot:0x13 (S0x1 (POWERON_RESET),boot:0x13 (S0x1 (POWERON_RESET),boot:0x13 (S0x1 (POWERON_RESET),boot:0x13 (S0x1 (POWERON_RESET),boot:0x13 (S0x1 (POWERON_RESET),boot:0x13 (S0x1 (POWERON_RESET),boot:0x13 (S0x1 (POWERON_RESET),boot:0x13 (S0x1 (POWERON_RESET),boot:0x13 (S0x1 (POWERON_RESET),boot:0x13 (S0x1 (POWERON_RESET),boot:0x13 (S0x1 (POWERON_RESET),boot:0x13 (S0x1 (POWERON_RESET),boot:0x13 (S0x1 (POWERON_RESET),boot:0x13 (S0x1 (POWERON_RESET),boot:0x13 (S0x1 (POWERON_RESET),boot:0x13 (S0x1 (POWERON_RESET),boot:0x13 (S0x1 (POWERON_RESET),boot:0x13 (S0x1 (POWERON_RESET),boot:0x13 (SPI_FAST_FLASH_BOOT)
configsip: 0, SPIWP:0xee
clk_drv:0x00,q_drv:0x00,d_drv:0x00,cs0_drv:0x00,hd_drv:0x00,wp_drv:0x00
mode:DIO, clock div:1
load:0x3fff0030,len:4980
load:0x40078000,len:16612
load:0x40080400,len:3480
entry 0x400805b4
Found sensor
Milis - ColorTemp - Lux - R - G - B - C - Pot - UsensA - UsensB

399 3436 38 70 58 41 167 13 3.26 3.25 
571 3436 38 70 58 41 167 0 3.25 4.52 
743 3436 38 70 58 41 167 0 3.25 4.52 
915 3436 38 70 58 41 167 0 3.25 4.54 
1087 3436 38 70 58 41 167 0 3.25 4.52 
1259 3436 38 70 58 41 167 12 3.25 4.52 
1431 3436 38 70 58 41 167 0 3.26 4.52 
1603 3436 38 70 58 41 167 0 3.25 4.52 
1775 3436 38 70 58 41 167 7 3.25 4.52 
1947 3436 38 70 58 41 167 0 3.25 4.52 
2119 3436 38 70 58 41 167 7 3.26 4.52 
2291 3436 38 70 58 41 167 8 3.25 4.52 
2463 3436 38 70 58 41 167 0 3.25 4.52 
2635 3436 38 70 58 41 167 0 3.25 4.52 
2807 3436 38 70 58 41 167 7 3.26 4.52 
2979 3436 38 70 58 41 167 6 3.26 4.52 
3151 3436 38 70 58 41 167 0 3.25 4.52 
3323 3436 38 70 58 41 167 3 3.25 4.52 
3495 3436 38 70 58 41 167 0 3.25 4.52 
3667 3436 38 70 58 41 167 0 3.26 4.52 
3839 3436 38 70 58 41 167 11 3.26 4.54 
4011 3436 38 70 58 41 167 0 3.26 4.52 
4183 3436 38 70 58 41 167 0 3.25 4.52 
4355 3436 38 70 58 41 167 0 3.26 4.52 
4527 3436 38 70 58 41 167 0 3.25 4.52 
4699 3436 38 70 58 41 167 3 3.25 4.52 
4871 3436 38 70 58 41 167 0 3.25 4.52 
5043 3436 38 70 58 41 167 2 3.25 4.54 
5215 3436 38 70 58 41 167 0 3.26 4.52 
5387 3436 38 70 58 41 167 0 3.25 4.52 
5559 3436 38 70 58 41 167 20 3.25 4.52 
5731 3436 38 70 58 41 167 0 3.25 4.52 
5903 3436 38 70 58 41 167 0 3.26 4.52 
6075 3436 38 70 58 41 167 9 3.25 4.52 
6247 3436 38 70 58 41 167 0 3.25 4.52 
6419 3436 38 70 58 41 167 6 3.25 4.52 
6591 3436 38 70 58 41 167 10 3.25 4.52 
6763 3436 38 70 58 41 167 0 3.25 4.52 
6935 3436 38 70 58 41 167 0 3.25 4.52 
7107 3436 38 70 58 41 167 5 3.25 4.52 
7279 3436 38 70 58 41 167 6 3.26 4.52 
7451 3436 38 70 58 41 167 0 3.25 4.52 
7623 3436 38 70 58 41 167 0 3.25 4.52 
7795 3436 38 70 58 41 167 0 3.25 4.52 
7967 3436 38 70 58 41 167 0 3.25 4.52 
8139 3436 38 70 58 41 167 7 3.25 4.52 
8311 3436 38 70 58 41 167 0 3.26 4.52 
8483 3436 38 70 58 41 167 0 3.26 4.52 
8655 3436 38 70 58 41 167 0 3.25 4.54 
8827 3436 38 70 58 41 167 0 3.25 4.52 
8999 3436 38 70 58 41 167 2 3.25 4.54 
9171 3436 38 70 58 41 167 0 3.26 4.52 
9343 3436 38 70 58 41 167 2 3.26 4.52 
9515 3436 38 70 58 41 167 0 3.25 4.52 
9687 3436 38 70 58 41 167 0 3.25 4.52 
9859 3436 38 70 58 41 167 22 3.26 4.54 
10031 3436 38 70 58 41 167 0 3.26 4.52 
10203 3436 38 70 58 41 167 0 3.25 4.52 
10375 3436 38 70 58 41 167 9 3.25 4.52 
10547 3436 38 70 58 41 167 0 3.25 4.52 
10719 3436 38 70 58 41 167 6 3.25 4.52 
10891 3436 38 70 58 41 167 9 3.26 4.52 
11063 3436 38 70 58 41 167 0 3.26 4.54 
11235 3436 38 70 58 41 167 0 3.25 4.52 
11407 3436 38 70 58 41 167 4 3.25 4.52 
11579 3436 38 70 58 41 167 6 3.25 4.52 
11751 3436 38 70 58 41 167 0 3.26 4.52 
11923 3436 38 70 58 41 167 1 3.25 4.52 
12095 3460 38 68 57 40 163 0 3.25 4.54 
12267 4844 41 53 57 43 152 0 3.25 3.25 
12439 5720 49 55 67 53 173 8 3.25 3.25 
12611 5482 57 69 80 63 211 0 3.25 4.52 
12783 2932 44 90 68 46 202 0 3.25 54.31 
12958 2747 39 86 62 42 188 6 3.26 55.62 
13133 2970 35 73 55 38 165 0 3.25 54.33 
13308 2969 34 68 52 35 153 6 3.26 54.31 
13483 2969 34 68 52 35 154 0 3.25 52.46 
13657 3037 33 68 52 36 155 6 3.25 3.25 
13829 2965 37 77 58 40 172 0 3.25 60.10 
14004 3538 57 100 85 60 246 0 3.26 60.49 
14179 3795 67 108 97 69 275 1 3.25 61.20 
14354 3795 67 108 97 69 275 0 3.25 4.52 
14526 3779 69 110 99 70 280 0 3.25 61.73 
14701 3743 70 111 100 70 281 0 3.26 61.22 
14876 3743 70 111 100 70 281 0 3.26 61.22 
15051 3743 70 111 100 70 281 0 3.25 61.22 
15226 3743 70 111 100 70 281 0 3.25 61.74 
15401 3743 70 111 100 70 281 0 3.26 62.17 
15576 3743 70 111 100 70 281 0 3.25 61.61 
15751 3743 70 111 100 70 281 0 3.25 61.63 
15926 3743 70 111 100 70 281 0 3.26 61.20 
101 3743 70 111 100 70 281 0 3.26 61.61 
16276 3743 70 111 100 70 281 0 3.26 61.20 
16451 3743 70 111 100 70 281 0 3.25 61.61 
16626 3743 70 111 100 70 281 0 3.25 61.22 
16801 3743 70 111 100 70 281 0 3.25 61.61 
16976 3743 70 111 100 70 282 0 3.25 61.20 
17151 3743 70 111 100 70 281 0 3.25 61.63 
17326 3743 70 111 100 70 281 0 3.25 61.61 
17501 3743 70 111 100 70 282 0 3.26 61.61 
17676 3743 70 111 100 70 281 0 3.25 61.23 
17851 3743 70 111 100 70 281 0 3.25 61.61 
18026 3743 70 111 100 70 281 0 3.26 61.20 
18201 3743 70 111 100 70 281 0 3.25 61.61 
18376 3743 70 111 100 70 282 0 3.26 61.20 
18551 3743 70 111 100 70 282 0 3.25 61.74 
18726 3743 70 111 100 70 282 0 3.25 61.61 
18901 3743 70 111 100 70 282 0 3.26 61.63 
19076 3743 70 111 100 70 282 0 3.25 61.63 
19251 3743 70 111 100 70 282 0 3.25 61.20 
19426 3743 70 111 100 70 282 0 3.25 61.74 
19601 3743 70 111 100 70 282 0 3.26 61.63 
19776 3743 70 111 100 70 282 0 3.25 61.61 
19951 3743 70 111 100 70 282 0 3.25 61.63 
20126 3743 70 111 100 70 282 0 3.25 61.20 
20301 3743 70 111 100 70 282 0 3.25 61.63 
20476 3743 70 111 100 70 282 0 3.25 61.61 
20651 3743 70 111 100 70 282 0 3.25 61.20 
20826 3743 70 111 100 70 282 0 3.25 61.20 
21001 3743 70 111 100 70 282 0 3.26 61.61 
21176 3743 70 111 100 70 282 0 3.25 61.18 
21351 3744 72 111 101 70 282 0 3.26 61.61 
21526 3744 72 111 101 70 282 0 3.25 61.20 
21701 3744 72 111 101 70 282 0 3.26 61.61 
21876 3744 72 111 101 70 282 0 3.26 61.20 
22051 3744 72 111 101 70 282 0 3.25 61.20 
22226 3744 72 111 101 70 282 0 3.25 61.20 
22401 3744 72 111 101 70 282 0 3.25 61.61 
22576 3744 72 111 101 70 282 0 3.26 61.18 
22751 3744 72 111 101 70 282 0 3.26 61.20 
22926 3744 72 111 101 70 282 0 3.25 62.17 
23101 3744 72 111 101 70 282 0 3.25 61.61 
23276 3744 72 111 101 70 282 0 3.26 61.20 
23451 3744 72 111 101 70 282 0 3.25 61.61 
23626 3744 72 111 101 70 282 0 3.25 61.22 
23801 3744 72 111 101 70 282 0 3.25 61.61 
2