=~=~=~=~=~=~=~=~=~=~=~= PuTTY log 2025.11.28 19:54:22 =~=~=~=~=~=~=~=~=~=~=~=
ets Jul 29 2019 12:21:46

rst:0x1 (POWERON_RESET),boot:0x13 (SPI_FAST_FLASH_BOOT)
configsip: 0, SPIWP:0xee
clk_drv:0x00,q_drv:0x00,d_drv:0x00,cs0_drv:0x00,hd_drv:0x00,wp_drv:0x00
mode:DIO, clock div:1
load:0x3fff0030,len:4980
load:0x40078000,len:16612
load:0x40080400,len:3480
entry 0x400805b4
Found sensor
Milis - ColorTemp - Lux - R - G - B - C - Pot - UsensA - UsensB

399 3193 50 104 80 58 240 10 61.46 61.34 
577 3193 50 104 80 58 240 0 61.46 55.64 
755 3193 50 104 80 58 240 1 61.46 31.28 
932 3193 50 104 80 58 240 0 61.44 31.28 
1109 3193 50 104 80 58 240 0 61.46 55.64 
1287 3193 50 104 80 58 240 5 61.71 55.64 
1465 3249 49 104 80 59 240 0 61.03 60.66 
1643 3052 46 94 72 50 212 0 61.05 60.23 
1821 2965 37 77 58 40 176 0 61.05 60.67 
1999 2965 37 77 58 40 175 0 61.03 60.21 
2177 2965 37 77 58 40 175 0 61.05 60.23 
2355 2965 37 77 58 40 175 0 61.03 60.67 
2533 2965 37 77 58 40 175 0 61.05 60.23 
2711 2965 37 77 58 40 175 0 61.03 60.26 
2889 2965 37 77 58 40 175 0 61.03 60.26 
3067 2965 37 77 58 40 175 7 61.03 60.23 
3245 2965 37 77 58 40 175 0 61.01 60.25 
3423 2965 37 77 58 40 175 0 61.03 60.23 
3601 2965 37 77 58 40 175 4 61.03 60.26 
3779 2965 37 77 58 40 175 0 61.03 60.26 
3957 2965 37 77 58 40 175 0 61.01 60.25 
4135 2965 37 77 58 40 176 0 61.03 60.21 
4313 2965 37 77 58 40 176 0 61.05 60.23 
4491 2965 37 77 58 40 175 0 61.03 60.23 
4669 2965 37 77 58 40 175 0 61.05 60.23 
4847 2965 37 77 58 40 175 0 61.03 60.25 
5025 2965 37 77 58 40 175 0 61.03 60.23 
5203 2965 37 77 58 40 175 0 61.03 60.23 
5381 2965 37 77 58 40 175 5 61.06 60.66 
5559 2965 37 77 58 40 175 0 61.06 60.25 
5737 2965 37 77 58 40 176 0 61.03 60.25 
5915 2965 37 77 58 40 176 5 61.03 60.26 
6093 2965 37 77 58 40 176 0 61.03 60.25 
6271 2965 37 77 58 40 176 0 61.03 60.25 
6449 2965 37 77 58 40 176 1 61.03 60.23 
6627 2965 37 77 58 40 176 0 61.03 60.23 
6805 2965 37 77 58 40 176 0 61.03 60.23 
6983 2965 37 77 58 40 176 0 61.03 60.21 
7161 2965 37 77 58 40 176 0 61.03 60.25 
7339 2965 37 77 58 40 176 0 61.03 60.23 
7517 2965 37 77 58 40 176 0 61.05 60.66 
7695 2965 37 77 58 40 176 6 61.03 60.21 
7873 2965 37 77 58 40 176 0 61.03 60.23 
8051 2965 37 77 58 40 176 0 61.03 60.23 
8229 2965 37 77 58 40 176 6 61.01 60.26 
8407 2965 37 77 58 40 176 0 61.03 60.26 
8585 2965 37 77 58 40 176 0 61.03 60.23 
8763 2965 37 77 58 40 176 0 59.36 51.63 
8941 3536 48 85 72 51 208 0 56.29 42.43 
9118 6551 70 71 96 79 244 0 53.91 21.49 
9294 7563 57 53 79 68 201 9 17.41 15.49 
9467 3284 38 82 63 47 190 0 43.89 10.42 
9641 3182 69 105 91 55 250 0 40.02 16.12 
9815 3802 65 100 92 64 256 0 39.34 37.65 
9991 4046 73 109 103 74 288 0 38.86 13.79 
10165 3947 80 119 112 79 311 0 19.31 43.21 
10340 4031 67 102 96 69 267 0 39.58 42.23 
10516 4064 64 100 93 68 261 0 38.64 43.01 
10692 4061 63 97 91 66 255 4 15.83 34.63 
10866 3964 57 95 85 63 243 0 26.74 27.57 
11040 4287 31 76 60 52 186 0 21.20 21.50 
11214 4272 37 61 56 43 160 0 18.36 18.33 
11387 3136 35 73 56 40 168 0 19.62 19.91 
11560 3613 52 68 66 41 175 1 25.33 26.42 
11734 3220 37 72 57 40 168 0 31.08 32.57 
11909 4233 36 60 55 42 157 7 31.08 32.83 
12084 4750 33 71 60 52 181 0 10.44 28.97 
12257 4523 33 70 59 50 177 7 9.76 27.27 
12430 5780 40 55 60 50 165 0 7.43 27.00 
12603 4811 34 51 51 40 141 0 7.75 27.28 
12776 4506 37 55 54 41 150 0 7.75 26.43 
12949 4506 37 55 54 41 150 0 76.98 10.08 
13125 5008 33 51 51 41 142 4 36.14 28.97 
13300 3442 34 63 52 37 150 0 35.46 29.48 
13475 3171 34 72 55 40 166 4 10.10 22.98 
13648 3228 45 91 71 51 211 0 6.46 21.81 
13821 2834 41 96 69 49 212 0 7.75 20.54 
13994 2779 36 90 63 46 196 0 22.73 21.49 
14168 2707 35 88 61 44 191 0 25.31 24.41 
14342 2591 35 86 59 41 184 0 28.76 31.30 
14517 3135 39 85 64 47 195 0 31.35 34.63 
14692 7115 43 59 68 61 189 0 8.38 28.71 
14865 4911 29 52 48 40 140 0 30.31 9.06 
15038 7023 43 60 68 61 188 9 30.31 9.74 
15212 7375 41 56 65 59 180 0 30.29 16.12 
15386 7358 40 55 64 58 177 0 29.55 26.42 
15560 7135 41 54 64 57 175 0 10.78 23.85 
15733 7153 42 55 65 58 178 0 8.74 22.69 
15906 4458 36 62 57 45 163 2 6.46 22.69 
16079 2795 36 88 62 45 192 0 6.46 22.69 
16252 2945 40 88 65 46 194 0 7.75 25.01 
16425 2862 39 88 64 45 194 0 28.75 28.42 
16600 2881 36 83 60 43 184 0 29.78 28.71 
16775 5041 37 57 57 46 159 0 27.90 27.85 
16949 8664 46 61 75 71 207 0 10.42 28.71 
17122 8664 46 61 75 71 208 0 32.11 29.48 
17297 8762 48 63 78 74 215 0 13.14 28.97 
17471 7408 42 58 67 61 186 5 12.46 29.75 
17645 6490 39 54 61 53 167 0 12.12 29.75 
17819 6490 39 54 61 53 167 22 12.12 29.75 
17993 6490 39 54 61 53 167 0 12.12 29.48 
18167 6490 39 54 61 53 167 0 29.53 26.72 
18341 6964 41 57 65 58 180 0 9.42 25.28 
18514 5669 36 52 55 46 152 0 9.42 25.28 
18687 4926 32 49 49 39 138 1 9.42 25.28 
18860 4861 34 49 50 39 138 0 36.38 8.38 
19034 4829 32 50 49 39 137 7 43.69 9.08 
19208 3368 35 66 54 38 157 0 30.31 25.57 
19382 3313 37 75 59 43 177 0 27.61 23.85 
19556 3101 37 79 60 43 181 0 16.15 20.86 
19729 2697 39 100 69 50 216 0 6.78 16.12 
19902 3384 59 87 78 49 214 5 56.00 16.12 
20077 3594 83 96 99 57 254 0 29.27 17.39 
20251 3573 81 95 97 56 249 7 26.76 24.99 
20425 3626 78 93 95 56 245 0 27.34 24.12 
20599 3016 34 75 56 40 169 7 27.61 24.72 
20773 5149 36 58 57 47 162 0 28.76 29.50 
20948 4021 34 66 56 44 165 0 55.88 39.73 
21125 2902 35 82 59 43 182 0 16.15 35.39 
21299 2984 33 75 55 40 168 8 16.15 29.50 
21473 3603 35 56 50 34 140 0 16.78 35.41 
21647 3546 37 57 51 34 142 0 53.40 15.81 
21822 3660 41 57 54 35 148 0 53.23 22.13 
21998 3590 77 91 93 54 239 3 52.56 22.42 
22174 3611 83 97 100 58 256 0 17.41 47.97 
22349 3608 74 87 89 52 230 6 18.38 48.94 
22524 3316 32 60 49 34 143 0 18.36 47.97 
22699 3026 31 66 50 35 150 6 17.73 48.60 
22874 2962 31 67 50 35 150 0 50.71 17.07 
23049 3082 30 63 48 34 144 3 52.38 38.59 
23226 2860 33 76 55 39 168 0 52.73 42.23 
23403 2844 35 82 59 42 181 0 50.54 16.12 
23578 2977 35 79 58 42 178 0 18.99 49.10 
23753 2686 34 85 59 42 184 0 20.59 19.60 
23927 3509 35 59 51 35 144 0 50.37 19.60 
24102 3740 36 54 50 34 138 0 50.86 19.60 
24277 3638 37 54 50 33 138 0 18.36 18.97 
24450 3740 36 54 50 34 138 0 15.16 15.81 
24623 3576 36 58 51 35 144 0 42.30 16.44 
24798 2383 34 100 64 47 207 5 39.34 5.49 
24972 2372 34 102 65 48 211 0 37.28 8.74 
25146 2416 38 110 71 52 229 8 38.20 9.08 
25320 1987 32 117 68 50 232 0 6.46 35.85 
25494 2001 32 117 68 51 233 0 38.66 36.29 
25670 2028 32 118 69 52 235 0 38.20 36.31 
25846 2028 32 118 69 52 235 6 6.46 35.39 
26020 2028 32 118 69 52 235 0 38.20 35.87 
26196 2028 32 118 69 52 235 7 37.74 35.85 
26371 2028 32 118 69 52 235 0 38.20 36.77 
26547 2028 32 118 69 52 235 4 38.20 37.21 
26723 1995 32 119 69 52 236 0 38.20 36.77 
26899 1995 32 119 69 52 236 7 38.20 36.77 
27075 1995 32 119 69 52 236 0 38.20 36.77 
27251 1995 32 119 69 52 236 0 38.20 37.23 
27427 1995 32 119 69 52 236 0 38.18 35.62 
27603 1995 32 119 69 52 236 0 37.74 35.14 
27778 1995 32 119 69 52 236 7 37.74 35.14 
27953 1995 32 119 69 52 236 0 38.18 35.16 
28128 1995 32 119 69 52 236 7 38.18 35.16 
28303 1995 32 119 69 52 236 0 37.74 35.14 
28478 1995 32 119 69 52 236 6 37.74 35.16 
28653 1995 32 119 69 52 236 0 35.68 32.84 
28828 1954 30 117 67 51 231 6 31.31 27.86 
29003 4446 38 76 65 54 194 0 44.86 21.50 
29178 10674 72 88 118 117 325 7 50.18 19.60 
29353 8855 75 97 121 115 336 0 50.18 19.28 
29528 3773 30 99 69 63 228 6 25.02 21.49 
29702 3900 30 96 68 62 224 0 25.60 24.72 
29876 6244 49 73 78 68 221 3 25.33 25.84 
30050 4030 29 79 59 52 189 0 24.23 24.41 
30224 3177 21 104 64 63 227 0 19.31 18.97 
30397 3416 25 90 60 55 202 0 13.14 13.79 
30570 3619 29 96 66 60 219 0 9.42 9.08 
30742 4030 32 85 64 56 205 3 9.08 12.44 
30914 3969 34 95 70 62 226 0 14.82 15.49 
31087 1732 16 152 80 82 309 0 13.48 15.79 
31260 1626 15 158 81 84 319 8 46.48 14.81 
31435 1640 15 159 82 85 321 0 9.42 9.40 
31607 1628 14 150 77 80 303 0 4.86 10.76 
31779 6417 86 114 130 112 359 0 6.14 12.46 
31951 7096 131 156 194 170 525 0 7.43 12.44 
32123 7138 132 157 196 172 529 0 6.14 12.44 
32295 7138 132 157 196 172 529 0 6.14 12.44 
32467 7138 132 157 196 172 530 0 6.14 12.44 
32639 7138 132 157 196 172 530 0 6.14 12.44 
32811 7138 132 157 196 172 530 3 7.75 10.42 
32983 7138 132 157 196 172 530 0 11.80 30.53 
33157 7138 132 157 196 172 529 0 16.15 32.32 
33331 6348 90 123 138 119 382 0 33.92 31.55 
33506 1651 17 149 77 76 296 0 29.27 27.86 
33681 2460 24 132 77 74 279 0 26.18 24.41 
33855 7127 126 151 188 165 509 0 16.15 24.12 
34029 4210 61 124 104 85 312 0 16.15 24.12 
34203 1620 26 145 71 53 260 0 26.45 24.14 
34377 1620 26 145 71 53 260 3 25.60 23.85 
34551 1628 24 145 70 53 260 0 25.60 23.83 
34725 1684 25 161 75 56 286 8 25.60 23.83 
34899 1691 24 167 78 60 300 0 25.60 23.85 
35073 1691 24 167 78 60 300 0 25.60 23.83 
35247 1691 24 167 78 60 300 0 25.60 23.85 
35421 1691 24 167 78 60 300 0 16.46 16.12 
35594 1691 24 167 78 60 300 0 25.60 23.83 
35768 1683 25 167 78 59 300 0 25.60 7.74 
35941 1683 25 167 78 59 300 8 25.60 7.74 
36114 1683 25 167 78 59 300 0 25.60 7.74 
36287 1683 25 167 78 59 300 0 25.60 7.74 
36460 1683 25 167 78 59 300 1 25.60 7.74 
36633 1683 25 167 78 59 300 0 25.60 7.74 
36806 1683 25 167 78 59 300 0 25.60 7.74 
36979 1699 25 168 78 59 300 0 25.60 7.74 
37152 1699 25 168 78 59 300 0 25.60 7.74 
37325 1699 25 168 78 59 300 7 25.60 5.49 
37498 1710 24 162 75 57 290 0 11.10 11.42 
37670 6469 105 138 159 137 437 0 15.83 15.81 
37843 5635 66 124 115 102 342 0 19.64 18.33 
38016 3146 24 85 56 50 190 0 19.94 16.76 
38189 3158 25 82 55 48 185 2 38.20 37.43 
38365 3505 28 77 56 47 180 0 38.42 37.45 
38541 3873 103 155 144 101 397 9 37.98 37.45 
38717 3843 109 167 154 108 427 0 37.52 37.45 
38893 3843 109 167 154 108 427 0 38.20 40.87 
39069 3872 131 198 184 129 511 0 43.89 47.41 
39246 4026 207 295 285 200 789 0 54.25 46.39 
39423 4039 219 307 299 209 827 6 39.10 44.01 
39599 4041 216 304 296 207 818 0 33.92 44.81 
39775 3711 71 148 119 93 362 3 29.53 16.75 
39949 3756 33 140 91 89 318 0 88.40 13.46 
40126 7023 97 117 144 126 389 0 70.40 59.98 
40305 3163 41 110 78 63 250 0 12.12 46.00 
40480 1644 28 141 72 54 261 0 60.89 51.46 
40658 1653 29 142 73 54 264 0 58.67 51.97 
40836 1629 26 137 69 52 253 0 57.41 53.50 
41014 1664 29 141 73 55 262 0 57.41 52.63 
41192 1635 26 138 70 53 257 0 56.87 51.95 
41370 1644 28 139 71 53 259 0 5.51 30.51 
41543 1926 30 112 64 47 219 0 60.33 56.90 
41721 1702 26 125 66 50 236 2 23.02 57.44 
41897 1877 35 135 76 56 263 0 22.15 56.61 
42073 1863 33 134 75 56 259 2 22.44 29.73 
42247 1863 33 134 75 56 260 0 19.96 22.69 
42421 1824 32 134 74 56 258 6 15.83 19.28 
42594 2522 34 90 60 43 190 0 14.48 17.37 
42767 3541 156 165 177 95 442 0 15.16 17.70 
42940 3563 155 165 177 96 444 0 17.41 24.12 
43114 3550 156 166 178 96 446 0 18.36 28.71 
43288 3567 161 170 183 99 458 5 16.15 20.55 
43461 3543 160 170 182 98 456 0 17.10 16.12 
43634 3554 162 171 184 99 459 0 6.46 17.39 
43807 3558 160 169 182 98 454 0 16.46 17.07 
43980 3543 160 170 182 98 455 0 9.08 16.12 
44153 3545 161 170 183 98 456 7 8.74 13.12 
44325 3553 158 166 179 96 446 0 13.48 12.78 
44498 3627 106 123 127 74 326 0 6.46 12.78 
44670 4189 55 75 75 53 205 4 10.10 12.78 
44842 4062 59 77 78 53 210 0 9.76 12.78 
45014 4070 57 77 77 53 210 0 9.08 12.78 
45186 4062 59 77 78 53 210 4 9.76 12.10 
45358 4254 53 74 74 53 203 0 7.74 6.44 
45530 12970 29 71 67 73 211 0 9.42 6.14 
45702 4195 41 96 76 65 236 6 9.08 6.14 
45874 3152 56 149 106 85 337 0 9.08 5.81 
46046 3219 56 144 104 83 328 0 10.44 15.49 
46219 3234 56 142 103 82 323 18 15.83 16.12 
46392 4455 75 103 105 77 201 0 19.94 24.12 
46566 3364 92 122 115 67 306 0 29.55 31.81 
46741 6479 49 90 87 80 256 0 37.98 43.01 
46917 7225 39 78 74 71 222 6 45.68 43.01 
47093 3895 67 129 108 84 320 0 49.20 54.69 
47270 3546 82 118 109 70 300 0 55.61 51.95 
47447 2924 67 103 86 48 237 0 55.76 60.50 
47625 2757 33 89 61 46 194 0 53.26 16.12 
47800 3419 29 61 48 36 144 3 52.73 15.79 
47975 3013 32 79 57 43 176 0 52.39 13.12 
48150 2603 29 85 56 43 182 3 52.89 11.42 
48325 2449 24 77 49 38 163 0 51.88 11.42 
48500 2449 24 77 49 38 163 1 48.26 17.37 
48675 2834 34 91 63 48 198 0 48.06 16.13 
48850 2559 32 97 63 49 206 0 46.68 11.10 
49025 2477 27 94 59 48 199 0 45.87 41.99 
49201 2318 26 95 58 47 198 0 47.85 14.13 
49376 2262 25 96 58 47 199 0 15.83 16.44 
49549 2512 25 83 53 42 175 1 16.46 47.38 
49724 4090 37 68 59 46 172 0 15.83 17.07 
49897 6602 67 68 92 76 236 7 16.15 14.13 
50070 6108 60 65 83 67 214 0 16.46 15.79 
50243 3340 29 62 48 36 147 0 16.46 16.12 
50416 3241 28 60 46 34 140 0 44.88 16.12 
50591 3241 28 60 46 34 140 0 41.85 43.03 
50767 3241 28 60 46 34 139 0 11.78 43.81 
50941 3810 34 64 54 41 158 0 9.42 43.81 
51115 5720 60 69 83 66 218 0 9.42 43.40 
51289 6002 66 72 91 73 234 0 13.46 43.98 
51464 6002 66 72 91 73 235 1 54.93 51.63 
51641 6986 86 82 117 98 297 0 56.15 55.93 
51819 6671 71 70 97 80 248 0 56.01 59.69 
51997 7844 92 79 125 108 313 0 55.59 55.64 
52175 7844 92 79 125 108 313 0 42.06 43.62 
52351 6501 65 66 89 73 230 0 10.78 44.61 
52525 6856 87 83 118 98 299 0 9.08 44.01 
52699 4003 35 63 55 42 161 0 8.74 37.21 
52873 3349 30 70 53 41 163 0 9.42 39.25 
53047 2291 29 103 63 50 214 0 9.76 9.74 
53219 2270 29 107 65 52 222 0 37.74 7.09 
53393 2371 32 107 67 52 222 7 38.66 9.40 
53567 2817 34 93 64 49 203 0 38.64 9.40 
53741 2431 29 95 60 47 198 0 38.66 9.40 
53915 2485 29 94 60 47 198 0 38.66 9.40 
54089 2485 29 94 60 47 198 0 38.66 9.40 
54263 2485 29 94 60 47 198 0 36.60 35.63 
54438 2298 27 100 61 49 206 0 37.30 36.31 
54613 2063 25 109 63 52 221 0 37.74 36.29 
54789 2042 26 109 63 51 219 0 36.14 7.41 
54963 2018 25 110 63 52 220 0 39.80 6.44 
55137 2063 25 109 63 52 220 0 9.76 33.85 
55311 2000 26 110 63 51 222 0 9.08 9.74 
55483 2001 24 109 62 52 221 0 40.24 9.40 
55657 2001 24 109 62 52 221 6 40.24 8.06 
55831 2063 25 109 63 52 221 0 40.26 10.08 
56005 2018 25 110 63 52 222 0 9.08 9.74 
56177 2018 25 110 63 52 222 0 40.26 7.09 
56351 2018 25 110 63 52 222 0 40.24 10.08 
56525 2018 25 110 63 52 222 1 40.26 9.40 
56699 2018 25 110 63 52 222 0 40.70 32.57 
56874 2018 25 110 63 52 222 2 40.24 15.79 
57048 2018 25 110 63 52 222 0 40.24 18.00 
57223 2018 25 110 63 52 223 6 40.24 21.17 
57398 2018 25 110 63 52 223 0 40.24 35.14 
57574 2018 25 110 63 52 223 3 39.78 35.62 
57750 2018 25 110 63 52 223 0 39.80 35.14 
57926 2018 25 110 63 52 223 0 36.82 43.01 
58102 2054 26 111 64 53 225 0 31.09 25.30 
58276 3638 36 79 62 49 190 0 26.47 31.53 
58451 6683 111 110 151 125 387 0 21.22 19.58 
58625 6350 108 113 148 121 385 0 16.76 15.79 
58798 1903 49 150 87 54 288 0 37.28 18.33 
58972 1651 45 178 91 55 321 6 20.28 69.50 
59148 1675 49 186 97 59 337 0 18.99 58.99 
59324 1689 50 190 100 62 350 0 15.83 17.37 
59497 1690 50 190 100 63 350 0 16.15 22.41 
59670 1657 46 179 92 55 323 6 7.43 6.46 
59842 4719 84 121 122 94 338 0 8.74 7.74 
60014 6307 97 106 135 111 354 0 7.75 7.74 
60186 1654 22 128 66 55 245 2 6.46 11.76 
60358 1781 19 163 76 65 297 0 9.08 16.12 
60531 1716 22 176 83 70 322 0 9.08 14.13 
60704 1714 23 180 85 72 331 7 9.08 16.44 
60877 2016 18 177 80 69 319 0 9.08 16.12 
61050 1794 21 177 82 69 320 0 57.85 48.37 
61227 1848 20 178 82 70 322 0 55.88 45.80 
61404 1782 21 176 82 70 321 6 55.74 30.51 
61580 3365 47 126 91 75 289 0 55.27 42.23 
61757 6493 119 130 167 139 436 0 54.59 38.13 
61934 6493 119 130 167 139 437 0 51.71 20.86 
62109 6082 94 108 132 108 348 0 46.87 15.81 
62284 1675 25 144 75 63 278 0 42.69 41.77 
62460 2362 128 221 161 74 460 0 45.07 42.23 
62636 3391 181 258 235 145 647 7 29.53 15.81 
62810 4034 216 303 295 206 815 0 30.31 42.23 
62985 4053 203 284 277 194 765 4 30.06 13.79 
63159 4057 181 253 247 173 681 0 15.83 16.12 
63332 2456 181 265 208 83 543 0 16.15 16.12 
63505 2462 202 289 229 89 618 0 13.48 15.79 
63678 2455 200 289 228 89 617 0 10.78 15.79 
63851 3693 180 253 239 157 658 0 18.99 5.17 
64024 3530 87 202 154 123 480 0 9.76 29.22 
64197 5824 68 139 125 114 379 0 6.46 16.42 
64370 6734 74 91 110 95 298 5 6.46 26.71 
64543 6313 54 69 80 68 217 0 7.75 10.08 
64715 6920 89 108 132 115 358 0 9.10 8.06 
64887 7048 133 158 197 172 531 1 16.46 11.76 
65060 7138 132 157 196 172 530 0 9.08 15.79 
65233 6598 97 124 146 126 397 0 23.89 38.81 
65408 2255 20 125 71 69 262 0 16.15 38.13 
65582 3959 175 252 241 168 668 0 42.50 42.62 
65758 3973 180 257 247 172 682 0 42.89 44.20 
65934 3965 167 238 229 159 632 3 42.89 42.82 
66110 3965 172 244 235 163 647 0 42.89 42.82 
66286 3982 171 243 234 163 646 1 42.89 42.84 
66462 3958 170 243 233 162 644 0 42.89 42.82 
66638 3973 170 242 233 162 642 0 42.89 44.20 
66814 3991 169 241 232 162 641 0 42.89 44.22 
66990 3975 169 242 232 162 641 0 43.30 43.23 
67166 3965 170 241 232 161 640 0 42.89 43.79 
67342 3965 170 241 232 161 640 0 42.89 43.79 
67518 3965 170 241 232 161 640 7 43.28 43.21 
67694 3965 170 241 232 161 639 0 43.30 44.20 
67870 3965 170 241 232 161 640 0 43.30 43.81 
68046 3965 170 241 232 161 639 0 43.30 44.18 
68222 3965 170 241 232 161 639 0 43.30 44.20 
68398 3965 170 241 232 161 639 0 43.30 43.23 
68574 3967 168 241 231 161 639 0 42.89 42.82 
68750 3967 168 241 231 161 639 2 42.89 44.20 
