=~=~=~=~=~=~=~=~=~=~=~= PuTTY log 2025.11.28 20:46:31 =~=~=~=~=~=~=~=~=~=~=~=
4.52 
4.52 
4.52 
4.52 
4.52 
4.52 
4.52 
4.52 
4.52 
4.52 
4.52 
4.52 
4.52 
4.52 
4.52 
4.52 
4.52 
4.52 
4.52 
4.52 
4.52 
4.52 
4.52 
4.52 
4.52 
4.52 
4.52 
4.52 
4.52 
4.52 
4.52 
4.52 
4.52 
4.52 
4.52 
4.52 
4.52 
4.52 
4.52 
4.52 
4.52 
4.52 
4.52 
4.52 
4.52 
4.52 
4.52 
4.52 
4.52 
4.52 
4.52 
4.52 
4.52 
4.52 
4.52 
4.52 
4.52 
4.52 
4.52 
4.52 
4.52 
4.52 
4.52 
4.52 
4.52 
4.52 
4.52 
4.52 
4.52 
4.52 
4.52 
4.52 
4.52 
4.52 
4.52 
4.52 
4.52 
4.52 
4.52 
4.52 
4.52 
4.52 
4.52 
4.52 
4.52 
4.52 
4.52 
4.52 
4.52 
4.52 
4.52 
4.52 
4.52 
4.52 
4.52 
4.52 
4.52 
4.52 
4.52 
4.52 
ets Jul 29 2019 12:21:46

rst:ets Jul 29 2019 12:21:46

rst:ets Jul 29 2019 12:21:46

rst:ets Jul 29 2019 12:21:46

rst:ets Jul 29 2019 12:21:46

rst:ets Jul 29 2019 12:21:46

rst:ets Jul 29 2019 12:21:46

rst:ets Jul 29 2019 12:21:46

rst:ets Jul 29 2019 12:21:46

rst:ets Jul 29 2019 12:21:46

rst:ets Jul 29 2019 12:21:46

rst:ets Jul 29 2019 12:21:46

rst:ets Jul 29 2019 12:21:46

rst:ets Jul 29 2019 12:21:46

rst:ets Jul 29 2019 12:21:46

rst:ets Jul 29 2019 12:21:46

rst:ets Jul 29 2019 12:21:46

rst:ets Jul 29 2019 12:21:46

rst:ets Jul 29 2019 12:21:46

rst:ets Jul 29 2019 12:21:46

rst:ets Jul 29 2019 12:21:46

rst:ets Jul 29 2019 12:21:46

rst:ets Jul 29 2019 12:21:46

rst:ets Jul 29 2019 12:21:46

rst:ets Jul 29 2019 12:21:46

rst:ets Jul 29 2019 12:21:46

rst:ets Jul 29 2019 12:21:46

rst:ets Jul 29 2019 12:21:46

rst:ets Jul 29 2019 12:21:46

rst:ets Jul 29 2019 12:21:46

rst:ets Jul 29 2019 12:21:46

rst:ets Jul 29 2019 12:21:46

rst:ets Jul 29 2019 12:21:46

rst:ets Jul 29 2019 12:21:46

rst:ets Jul 29 2019 12:21:46

rst:ets Jul 29 2019 12:21:46

rst:ets Jul 29 2019 12:21:46

rst:ets Jul 29 2019 12:21:46

rst:ets Jul 29 2019 12:21:46

rst:0x1 (POWERON_RESET),boot:0x13 (SPI_FAST_FLASH_BOOT)
configsip: 0, SPIWP:0xee
clk_drv:0x00,q_drv:0x00,d_drv:0x00,cs0_drv:0x00,hd_drv:0x00,wp_drv:0x00
mode:DIO, clock div:1
load:0x3fff0030,len:4980
load:0x40078000,len:16612
load:0x40080400,len:3480
entry 0x400805b4
Found sensor
Milis - ColorTemp - Lux - R - G - B - C - Pot - UsensA - UsensB

399 3759 36 60 53 38 148 0 3.25 4.54 
571 3759 36 60 53 38 147 1 3.26 4.52 
743 3759 36 60 53 38 147 0 3.26 4.52 
915 3759 36 60 53 38 147 0 3.26 4.52 
1087 3759 36 60 53 38 147 0 3.26 4.54 
1259 3759 36 60 53 38 147 8 3.26 4.52 
1431 3759 36 60 53 38 148 0 3.25 4.52 
1603 3759 36 60 53 38 148 0 3.26 4.52 
1775 3759 36 60 53 38 147 0 3.26 4.52 
1947 3759 36 60 53 38 148 0 3.26 4.52 
2119 3759 36 60 53 38 148 7 3.26 4.52 
2291 3759 36 60 53 38 148 1 3.26 4.52 
2463 3759 36 60 53 38 147 0 3.26 4.52 
2635 3759 36 60 53 38 148 0 3.26 4.54 
2807 3759 36 60 53 38 148 5 3.25 4.52 
2979 3759 36 60 53 38 148 3 3.25 4.52 
3151 3759 36 60 53 38 148 0 3.25 4.52 
3323 3759 36 60 53 38 148 8 3.25 4.52 
3495 3759 36 60 53 38 148 0 3.26 4.54 
3667 3759 36 60 53 38 148 0 3.26 4.52 
3839 3759 36 60 53 38 148 24 3.25 4.52 
4011 3759 36 60 53 38 148 0 3.26 4.52 
4183 3759 36 60 53 38 148 0 3.26 4.52 
4355 3759 36 60 53 38 148 8 3.25 4.52 
4527 3759 36 60 53 38 148 0 3.26 4.52 
4699 3759 36 60 53 38 148 6 3.26 4.52 
4871 3759 36 60 53 38 148 2 3.26 4.52 
5043 3759 36 60 53 38 148 0 3.25 4.52 
5215 3759 36 60 53 38 148 0 3.26 4.54 
5387 3759 36 60 53 38 148 0 3.25 4.52 
5559 3759 36 60 53 38 148 10 3.26 4.52 
5731 3759 36 60 53 38 148 0 3.25 4.52 
5903 3759 36 60 53 38 148 0 3.25 4.52 
6075 3649 35 60 52 37 147 9 3.26 4.52 
6247 3649 35 60 52 37 147 0 3.26 4.54 
6419 3759 36 60 53 38 148 7 3.26 4.52 
6591 3799 35 61 53 39 151 3 3.26 4.52 
6763 3799 35 61 53 39 151 0 3.25 4.52 
6935 3799 35 61 53 39 151 0 3.25 4.52 
7107 3799 35 61 53 39 151 7 3.26 4.52 
7279 3799 35 61 53 39 151 3 3.25 4.52 
7451 3799 35 61 53 39 151 0 3.26 4.52 
7623 3799 35 61 53 39 151 9 3.25 4.52 
7795 3913 36 61 54 40 151 0 3.25 4.52 
7967 3913 36 61 54 40 151 0 3.25 4.52 
8139 3799 35 61 53 39 151 32 3.25 4.54 
8311 3799 35 61 53 39 150 0 3.25 4.52 
8483 3799 35 61 53 39 151 0 3.25 4.52 
8655 3799 35 61 53 39 151 9 3.25 4.52 
8827 3799 35 61 53 39 150 0 3.25 4.52 
8999 3799 35 61 53 39 150 5 3.25 4.52 
9171 3799 35 61 53 39 151 0 3.26 4.52 
9343 3799 35 61 53 39 151 0 3.25 4.52 
9515 3799 35 61 53 39 151 0 3.26 4.52 
9687 3799 35 61 53 39 151 0 3.26 4.52 
9859 3799 35 61 53 39 151 13 3.25 4.52 
10031 3799 35 61 53 39 151 0 3.25 4.52 
10203 3799 35 61 53 39 151 0 3.25 4.52 
10375 3799 35 61 53 39 151 3 3.26 4.52 
10547 3799 35 61 53 39 151 0 3.25 4.54 
10719 3799 35 61 53 39 151 7 3.25 4.54 
10891 3799 35 61 53 39 151 8 3.25 4.52 
11063 3799 35 61 53 39 151 0 3.25 4.52 
11235 3799 35 61 53 39 151 0 3.25 4.54 
11407 3799 35 61 53 39 151 10 3.25 4.52 
11579 3913 36 61 54 40 151 6 3.25 4.52 
11751 3799 35 61 53 39 151 0 3.25 4.54 
11923 3799 35 61 53 39 151 7 3.25 4.52 
12095 3799 35 61 53 39 151 0 3.25 4.52 
12267 3608 34 59 51 36 144 0 3.25 4.52 
12439 3443 35 60 51 35 146 16 3.26 4.52 
12611 3758 34 60 52 38 150 0 3.25 4.54 
12783 3758 34 60 52 38 150 0 3.26 4.52 
12955 3756 33 60 51 38 150 0 3.25 4.52 
13127 3642 33 60 51 37 149 0 3.26 4.52 
13299 3538 34 60 51 36 149 4 3.25 4.52 
13471 3538 34 60 51 36 149 0 3.25 4.54 
13643 3496 34 59 50 35 146 2 3.25 4.52 
13815 3402 34 59 50 34 145 0 3.25 4.52 
13987 3402 34 59 50 34 144 0 3.25 4.52 
14159 3402 34 59 50 34 143 19 3.26 4.52 
14331 3316 35 59 50 33 143 0 3.25 4.54 
14503 3316 35 59 50 33 143 0 3.25 4.52 
14675 3316 35 59 50 33 142 8 3.25 4.52 
14847 3316 35 59 50 33 143 0 3.25 4.52 
15019 3316 35 59 50 33 143 6 3.25 4.52 
15191 3316 35 59 50 33 143 10 3.26 4.52 
15363 3316 35 59 50 33 143 0 3.25 55.79 
15538 3637 34 57 50 35 142 0 3.25 53.47 
15712 5121 44 55 61 47 164 0 3.26 49.76 
15886 4817 39 54 56 43 153 0 3.25 3.25 
16058 3535 37 65 55 39 157 9 3.25 3.25 
16230 3258 60 91 80 49 219 0 3.26 4.52 
16402 3036 63 96 82 47 226 0 3.25 54.16 
16577 3399 68 110 95 63 266 0 3.25 3.25 
16749 3051 41 97 71 53 219 0 3.25 3.25 
16921 2908 34 88 62 47 194 0 3.26 3.25 
17093 3117 42 99 73 55 225 1 3.26 4.52 
17265 3443 72 114 100 66 279 0 3.26 4.52 
17437 3223 64 96 84 51 232 0 3.26 4.52 
17609 3181 64 96 84 50 232 4 3.26 3.25 
17781 3181 64 96 84 50 232 0 3.25 4.52 
17953 3181 64 96 84 50 232 0 3.25 3.25 
18125 3181 64 96 84 50 232 7 3.25 4.52 
18297 3181 64 96 84 50 232 0 3.25 3.25 
18469 3181 64 96 84 50 232 0 3.25 49.25 
18643 3181 64 96 84 50 233 0 3.25 48.76 
18817 3181 64 96 84 50 232 0 3.25 49.25 
18991 3181 64 96 84 50 233 5 3.26 48.76 
19165 3181 64 96 84 50 233 0 3.25 48.76 
19339 3223 64 96 84 51 233 0 3.25 48.76 
19513 3223 64 96 84 51 233 0 3.25 48.76 
19687 3223 64 96 84 51 233 0 3.25 48.76 
19861 3223 64 96 84 51 233 0 3.25 48.77 
20035 3223 64 96 84 51 233 0 3.26 48.76 
20209 3223 64 96 84 51 233 0 3.26 48.76 
20383 3223 64 96 84 51 233 0 3.25 49.61 
20557 3223 64 96 84 51 233 6 3.25 48.76 
20731 3223 64 96 84 51 233 0 3.25 49.61 
20905 3223 64 96 84 51 233 0 3.25 49.61 
21079 3223 64 96 84 51 233 0 3.25 49.59 
21253 3223 64 96 84 51 233 0 3.26 48.76 
21427 3223 64 96 84 51 233 0 3.25 49.61 
21601 3223 64 96 84 51 233 0 3.25 48.76 
21775 3223 64 96 84 51 233 2 3.26 48.76 
21949 3223 64 96 84 51 233 0 3.26 48.76 
22123 3223 64 96 84 51 233 4 3.25 48.76 
22297 3223 64 96 84 51 233 0 3.25 48.77 
22471 3223 64 96 84 51 233 0 3.25 48.76 
22645 3223 64 96 84 51 233 0 3.25 48.76 
22819 3223 64 96 84 51 233 0 3.25 48.76 
22993 3223 64 96 84 51 233 0 3.25 49.25 
23167 3223 64 96 84 51 233 0 3.25 48.76 
23341 3223 64 96 84 51 233 5 3.26 48.77 
23515 3223 64 96 84 51 233 0 3.25 18.33 
23687 3223 64 96 84 51 233 0 3.25 48.74 
23861 3223 64 96 84 51 233 0 3.25 17.37 
24033 3223 64 96 84 51 233 0 3.26 49.59 
24207 3223 64 96 84 51 233 7 3.25 48.74 
24381 3223 64 96 84 51 233 0 3.25 49.62 
24555 3223 64 96 84 51 233 0 3.25 48.76 
24729 3223 64 96 84 51 233 0 3.26 49.59 
24903 3223 64 96 84 51 233 0 3.26 48.77 
25077 3223 64 96 84 51 233 0 3.25 49.27 
25251 3223 64 96 84 51 233 0 3.25 3.25 
25423 3223 64 96 84 51 233 7 3.25 4.52 
25595 3223 64 96 84 51 233 0 3.26 4.52 
25767 3223 64 96 84 51 233 0 3.25 3.25 
25939 3223 64 96 84 51 233 16 3.26 4.52 
26111 3223 64 96 84 51 233 0 3.25 3.25 
26283 3223 64 96 84 51 233 0 3.26 4.52 
26455 3223 64 96 84 51 233 0 3.26 49.25 
26629 3223 64 96 84 51 233 0 3.25 43.40 
26803 3223 64 96 84 51 233 0 3.25 49.25 
26977 3223 64 96 84 51 233 0 3.25 43.40 
27151 3223 64 96 84 51 233 0 3.25 49.25 
27325 3223 64 96 84 51 233 0 3.25 43.01 
27499 3223 64 96 84 51 233 0 3.25 46.38 
27673 3223 64 96 84 51 233 6 3.25 48.74 
27847 3223 64 96 84 51 233 0 3.26 49.25 
28021 3223 64 96 84 51 233 0 3.25 49.25 
28195 3223 64 96 84 51 233 0 3.26 4.52 
28367 3223 64 96 84 51 233 0 3.25 3.25 
28539 3223 64 96 84 51 233 17 3.25 4.52 
28711 3189 63 97 84 51 233 0 3.26 3.25 
28883 3189 63 97 84 51 233 0 3.25 3.25 
29055 3189 63 97 84 51 233 0 3.25 3.25 
29227 3189 63 97 84 51 233 0 3.25 4.52 
29399 3189 63 97 84 51 233 4 3.26 4.52 
29571 3189 63 97 84 51 233 0 3.26 48.55 
29745 3189 63 97 84 51 233 0 3.25 3.25 
29917 3144 67 98 86 50 234 0 3.25 41.07 
30091 3109 65 97 84 49 230 6 3.25 3.25 
30263 4053 68 103 97 70 270 0 3.26 3.25 
30435 3758 40 93 72 59 223 0 3.25 3.25 
30607 5531 35 60 58 50 168 9 3.26 3.25 
30779 3964 38 79 65 52 196 7 3.25 3.25 
30951 3378 55 85 75 48 207 0 3.25 3.25 
31123 3648 86 99 103 60 262 8 3.26 3.25 
31295 7233 24 48 46 44 138 0 3.25 3.25 
31467 9250 27 57 55 56 168 0 3.25 3.25 
31639 7884 30 61 58 57 176 17 3.25 3.25 
31811 7989 38 79 75 74 227 0 3.25 15.79 
31983 5616 54 98 92 81 272 0 3.26 3.25 
32155 5768 48 90 84 75 249 0 3.26 3.25 
32327 7814 27 57 54 53 165 0 3.25 3.25 
32499 13246 29 69 66 72 207 5 3.25 3.25 
32671 9686 31 68 65 67 200 0 3.26 3.25 
32843 15052 30 75 72 80 228 0 3.25 4.54 
33015 14913 31 76 73 81 230 0 3.25 3.25 
33187 14741 30 77 73 81 230 0 3.25 4.52 
33359 14913 31 76 73 81 230 16 3.26 3.25 
33531 14913 31 76 73 81 230 0 3.25 4.52 
33703 14913 31 76 73 81 230 0 3.25 4.52 
33875 14913 31 76 73 81 230 5 3.26 4.52 
34047 13698 31 76 73 80 229 0 3.25 3.25 
34219 13698 31 76 73 80 229 7 3.25 4.52 
34391 13698 31 76 73 80 229 9 3.26 4.54 
34563 13698 31 76 73 80 229 0 3.26 4.52 
34735 14877 30 76 72 80 229 0 3.25 3.25 
34907 14877 30 76 72 80 229 9 3.26 4.52 
35079 14877 30 76 72 80 229 6 3.25 3.25 
35251 14877 30 76 72 80 229 0 3.26 4.52 
35423 14877 30 76 72 80 229 7 3.25 3.25 
35595 14877 30 76 72 80 229 0 3.26 3.25 
35767 14877 30 76 72 80 229 0 3.26 3.25 
35939 14877 30 76 72 80 229 16 3.25 3.25 
36111 14877 30 76 72 80 229 0 3.25 3.25 
36283 14877 30 76 72 80 229 0 3.25 3.25 
36455 15020 29 75 71 79 225 0 3.26 20.86 
36628 9040 33 71 68 69 209 0 3.25 35.62 
36801 3576 133 145 154 85 387 0 3.26 52.14 
36975 3044 54 100 79 52 230 0 3.25 3.25 
37147 2578 38 107 71 53 229 0 3.25 3.25 
37319 7590 52 71 83 76 229 7 3.25 50.27 
37493 9815 50 64 82 80 228 0 3.25 41.33 
37667 5404 34 73 63 57 192 0 3.25 42.62 
37841 14969 18 81 61 70 193 6 3.25 59.67 
38016 3750 30 82 60 52 193 0 3.25 3.25 
38188 3584 26 79 56 49 182 0 3.26 53.97 
38363 3639 27 80 57 50 185 0 3.26 39.03 
38537 3417 26 87 59 53 198 0 3.25 45.00 
38711 3379 25 92 61 56 207 0 3.26 3.25 
38883 3882 28 79 58 51 186 0 3.25 3.25 
39055 5118 32 60 55 47 162 0 3.26 3.25 
39227 5118 32 60 55 47 162 0 3.25 3.25 
39399 5118 32 60 55 47 162 5 3.25 3.25 
39571 5118 32 60 55 47 162 0 3.25 3.25 
39743 4716 33 62 55 46 164 0 3.25 3.25 
39915 4094 29 72 56 48 174 0 3.25 3.25 
40087 3648 28 80 58 50 186 0 3.25 3.25 
40259 3694 27 81 58 51 187 15 3.25 3.25 
40431 3694 27 81 58 51 188 0 3.25 3.25 
40603 3694 27 81 58 51 188 0 3.25 3.25 
40775 3694 27 81 58 51 188 4 3.25 3.25 
40947 3694 27 81 58 51 188 0 3.25 3.25 
41119 3694 27 81 58 51 188 7 3.25 3.25 
41291 3694 27 81 58 51 188 7 3.26 3.25 
41463 3694 27 81 58 51 188 0 3.25 3.25 
41635 3694 27 81 58 51 188 0 3.26 3.25 
41807 3694 27 81 58 51 188 9 3.25 3.25 
41979 3694 27 81 58 51 188 7 3.26 3.25 
42151 3694 27 81 58 51 188 0 3.25 3.25 
42323 3694 27 81 58 51 188 8 3.25 3.25 
42495 3694 27 81 58 51 188 0 3.26 3.25 
42667 3694 27 81 58 51 188 0 3.25 4.52 
42839 3694 27 81 58 51 188 21 3.25 17.07 
43011 3694 27 81 58 51 188 0 3.25 3.25 
43183 3694 27 81 58 51 188 0 3.25 3.25 
43355 3694 27 81 58 51 188 2 3.25 3.25 
43527 3694 27 81 58 51 188 0 3.26 48.93 
43701 3694 27 81 58 51 188 0 3.25 3.25 
43873 3694 27 81 58 51 188 9 3.25 3.25 
44045 3694 27 81 58 51 188 0 3.25 3.25 
44217 3694 27 81 58 51 188 0 3.26 48.93 
44391 3694 27 81 58 51 188 1 3.26 48.93 
44565 3694 27 81 58 51 188 0 3.26 48.93 
44739 3694 27 81 58 51 188 7 3.25 42.42 
44913 3694 27 81 58 51 188 0 3.26 48.93 
45087 3694 27 81 58 51 188 0 3.25 48.93 
45261 3694 27 81 58 51 188 0 3.25 48.93 
45435 3694 27 81 58 51 188 0 3.26 48.93 
45609 3694 27 81 58 51 188 0 3.25 48.93 
45783 3694 27 81 58 51 188 0 3.25 48.93 
45957 3694 27 81 58 51 188 3 3.26 16.42 
46129 3685 28 78 57 49 183 0 3.26 52.80 
46303 6982 48 67 76 68 212 0 3.25 45.78 
46477 9894 69 85 112 109 307 0 3.25 49.59 
46651 12017 60 74 101 103 278 0 3.26 51.27 
46825 12017 60 74 101 103 278 0 3.25 49.59 
46999 12017 60 74 101 103 278 0 3.25 52.97 
47173 12017 60 74 101 103 278 3 3.25 3.25 
47345 12017 60 74 101 103 278 0 3.25 3.25 
47517 12017 60 74 101 103 278 0 3.25 3.25 
47689 12017 60 74 101 103 278 9 3.25 3.25 
47861 12017 60 74 101 103 278 0 3.25 3.25 
48033 12017 60 74 101 103 278 0 3.26 3.25 
48205 12017 60 74 101 103 278 8 3.25 3.25 
48377 12017 60 74 101 103 278 0 3.25 3.25 
48549 11554 60 74 101 102 278 0 3.25 3.25 
48721 9954 57 73 94 92 259 3 3.25 29.75 
48894 11487 66 81 110 111 303 0 3.26 3.25 
49066 10567 70 88 116 115 319 0 3.25 3.25 
49238 3719 36 70 58 44 173 8 3.25 3.25 
49410 8536 69 87 110 103 300 0 3.25 3.25 
49582 10549 88 105 143 141 391 0 3.25 4.52 
49754 10538 88 106 144 142 395 4 3.25 3.25 
49926 4427 53 109 92 77 276 0 3.25 3.25 
50098 2104 31 105 63 46 211 0 3.26 16.12 
50270 1699 27 127 67 50 238 3 3.25 3.25 
50442 1698 28 127 67 49 237 0 3.25 3.25 
50614 1715 28 126 67 49 236 0 3.26 3.25 
50786 1715 28 126 67 49 236 0 3.26 3.25 
50958 1715 28 126 67 49 236 0 3.25 3.25 
51130 1715 28 126 67 49 236 0 3.25 3.25 
51302 1715 28 126 67 49 236 0 3.25 3.25 
51474 1715 28 126 67 49 236 0 3.25 3.25 
51646 1747 33 143 77 57 272 0 3.25 28.97 
51819 1620 23 132 65 49 241 0 3.25 28.95 
51992 1620 22 130 64 49 238 0 3.26 28.97 
52165 1620 22 130 64 49 238 0 3.25 28.95 
52338 1620 22 130 64 49 238 8 3.25 28.97 
52511 1620 22 130 64 49 238 0 3.25 28.97 
52684 1620 22 130 64 49 238 0 3.26 28.97 
52857 1620 22 130 64 49 238 0 3.26 28.95 
53030 1620 22 130 64 49 238 0 3.25 28.97 
53203 1620 22 130 64 49 238 3 3.25 28.97 
53376 1620 22 130 64 49 238 0 3.25 4.52 
53548 1620 22 130 64 49 238 0 3.25 3.25 
53720 1625 25 132 66 49 242 4 3.26 3.25 
53892 1813 31 127 70 52 244 0 3.26 55.64 
54067 5429 58 103 97 84 282 0 3.26 4.52 
54239 10206 86 104 140 137 383 19 3.25 42.43 
54413 4134 27 105 71 69 242 0 3.25 4.54 
54585 3552 36 110 77 68 253 0 3.26 3.25 
54757 4042 137 197 190 134 524 0 3.25 3.25 
54929 3999 115 168 160 113 442 0 3.25 3.25 
55101 3713 30 84 61 53 197 0 3.26 45.59 
55275 3568 24 68 49 42 159 0 3.25 44.22 
55449 4083 108 159 152 109 421 0 3.26 49.25 
55623 4130 118 170 165 118 456 0 3.25 55.76 
55798 3046 80 114 100 55 270 0 3.26 50.63 
55972 2857 99 138 119 59 318 0 3.26 68.88 
56147 3130 62 86 77 43 209 0 3.26 47.77 
56321 2872 90 125 108 54 289 4 3.25 3.25 
56493 2826 100 142 121 60 325 0 3.25 3.25 
56665 2867 87 124 106 54 286 0 3.26 3.25 
56837 2967 78 106 94 48 254 9 3.25 4.52 
57009 3468 136 122 142 66 285 0 3.26 4.54 
57181 2760 115 163 137 66 381 0 3.25 4.52 
57353 2734 120 171 143 68 384 8 3.26 3.25 
57525 2743 118 168 141 67 378 0 3.25 3.25 
57697 2678 114 163 135 62 364 0 3.25 3.25 
57869 2690 116 163 136 62 364 5 3.26 3.25 
58041 2690 116 163 136 62 364 0 3.26 3.25 
58213 2690 116 163 136 62 364 0 3.25 4.52 
58385 2690 116 163 136 62 365 2 3.26 3.25 
58557 2690 116 163 136 62 365 0 3.25 4.52 
58729 2690 116 163 136 62 365 0 3.25 3.25 
58901 2690 116 163 136 62 364 0 3.25 3.25 
59073 2690 116 163 136 62 364 0 3.25 3.25 
59245 2690 116 163 136 62 364 0 3.25 38.35 
59419 2690 116 163 136 62 364 20 3.26 38.35 
59593 2690 116 163 136 62 365 0 3.25 39.97 
59767 2690 116 163 136 62 365 0 3.25 3.25 
59939 2690 116 163 136 62 365 10 3.25 4.52 
60111 2675 116 164 136 62 365 0 3.25 3.25 
60283 2675 116 164 136 62 366 0 3.26 3.25 
60455 2675 116 164 136 62 366 0 3.26 3.25 
60627 2689 115 164 136 63 366 0 3.25 3.25 
60799 2689 115 164 136 63 366 7 3.26 3.25 
60971 2689 115 164 136 63 366 2 3.25 3.25 
61143 2689 115 164 136 63 366 0 3.25 3.25 
61315 2689 115 164 136 63 366 0 3.26 3.25 
61487 2689 115 164 136 63 366 4 3.26 3.25 
61659 2689 115 164 136 63 366 5 3.25 3.25 
61831 2689 115 164 136 63 366 0 3.26 3.25 
62003 2689 115 164 136 63 366 5 3.25 3.25 
62175 2689 115 164 136 63 366 0 3.26 3.25 
62347 2689 115 164 136 63 366 0 3.25 3.25 
62519 2689 115 164 136 63 366 22 3.25 3.25 
62691 2689 115 164 136 63 366 0 3.25 3.25 
62863 2689 115 164 136 63 366 0 3.26 3.25 
63035 2689 115 164 136 63 366 9 3.26 20.86 
63208 2689 115 164 136 63 366 0 3.25 39.95 
63382 2689 115 164 136 63 366 0 3.26 38.33 
63556 2689 115 164 136 63 366 0 3.25 38.35 
63730 2689 115 164 136 63 366 0 3.25 39.95 
63904 2689 115 164 136 63 366 0 3.25 39.95 
64078 2689 115 164 136 63 366 0 3.25 39.95 
64252 2689 115 164 136 63 366 4 3.26 38.35 
64426 2689 115 164 136 63 366 0 3.26 39.95 
64600 2689 115 164 136 63 366 5 3.25 38.35 
64774 2689 115 164 136 63 366 0 3.25 39.95 
64948 2689 115 164 136 63 366 0 3.25 38.35 
65122 2689 115 164 136 63 366 0 3.26 38.33 
65296 2689 115 164 136 63 366 0 3.26 38.35 
65470 2689 115 164 136 63 366 0 3.25 38.35 
65644 2689 115 164 136 63 366 0 3.25 3.25 
65816 2689 115 164 136 63 366 6 3.25 3.25 
65988 2689 115 164 136 63 366 0 3.26 3.25 
66160 2689 115 164 136 63 366 0 3.26 3.25 
66332 2689 115 164 136 63 366 2 3.25 3.25 
66504 2689 115 164 136 63 366 0 3.25 3.25 
66676 2689 115 164 136 63 366 0 3.25 3.25 
66848 2689 115 164 136 63 366 0 3.25 3.25 
67020 2689 115 164 136 63 366 0 3.25 3.25 
67192 2689 115 164 136 63 366 0 3.25 3.25 
67364 2689 115 164 136 63 366 0 3.25 3.25 
67536 2689 115 164 136 63 366 0 3.25 3.25 
67708 2689 115 164 136 63 366 0 3.25 3.25 
67880 2689 115 164 136 63 366 0 3.25 3.25 
68052 2689 115 164 136 63 366 0 3.25 3.25 
68224 2689 115 164 136 63 366 0 3.25 3.25 
68396 2689 115 164 136 63 366 0 3.25 16.12 
68568 2696 117 166 138 64 371 0 3.25 3.25 
68740 2758 111 160 134 65 361 0 3.25 3.25 
68912 2672 120 170 141 64 380 0 3.25 4.52 
69084 2610 126 182 148 66 402 2 3.25 3.25 
69256 2660 102 151 123 58 336 0 3.26 3.25 
69428 2648 102 150 122 57 335 0 3.26 16.12 
69600 2755 83 120 100 49 273 0 3.25 26.42 
69773 2678 93 135 111 52 305 0 3.25 4.52 
69945 2702 89 128 106 50 291 0 3.25 3.25 
70117 2578 133 193 156 68 422 2 3.26 3.25 
70289 2629 125 178 146 65 394 0 3.25 3.25 
70461 2703 114 164 136 64 367 0 3.26 4.52 
70633 2769 105 148 125 60 335 4 3.25 47.77 
70807 2850 91 125 108 53 291 0 3.25 3.25 
70979 2716 122 172 144 67 387 9 3.26 3.25 
71151 2749 120 170 143 68 384 0 3.25 3.25 
71323 2763 118 171 143 70 386 0 3.25 39.69 
71497 2764 120 170 143 69 384 5 3.25 4.52 
71669 2696 112 162 134 63 361 0 3.26 16.44 
71841 3249 51 78 68 42 189 0 3.26 16.12 
72013 3313 45 72 62 40 174 9 3.26 3.25 
72185 3147 45 82 66 44 193 0 3.25 42.60 
72359 2895 40 89 65 46 199 2 3.25 3.25 
72531 2682 35 98 66 50 212 9 3.26 49.45 
72705 2660 35 95 64 48 205 0 3.26 16.44 
72877 2660 35 95 64 48 205 0 3.25 49.44 
73051 2660 35 95 64 48 206 0 3.25 3.25 
73223 2660 35 95 64 48 206 0 3.26 41.77 
73397 2660 35 95 64 48 206 7 3.26 3.25 
73569 2660 35 95 64 48 205 0 3.25 42.21 
73743 2660 35 95 64 48 205 0 3.25 41.79 
73917 2660 35 95 64 48 205 0 3.25 42.21 
74091 2660 35 95 64 48 205 0 3.25 42.23 
74265 2660 35 95 64 48 205 0 3.25 42.23 
74439 2660 35 95 64 48 205 1 3.26 42.21 
74613 2660 35 95 64 48 205 8 3.25 42.21 
74787 2660 35 95 64 48 205 0 3.25 4.52 
74959 2660 35 95 64 48 205 6 3.25 39.73 
75133 2660 35 95 64 48 205 0 3.26 40.17 
75307 2660 35 95 64 48 205 0 3.25 42.23 
75481 2660 35 95 64 48 205 0 3.25 39.71 
75655 2660 35 95 64 48 205 0 3.25 42.21 
75829 2660 35 95 64 48 205 7 3.26 42.21 
76003 2660 35 95 64 48 205 0 3.25 39.73 
76177 2660 35 95 64 48 205 0 3.25 3.25 
76349 2709 34 95 64 49 205 0 3.26 42.42 
76523 2329 29 104 64 51 216 0 3.25 4.52 
76695 1963 25 115 65 54 229 9 3.25 4.52 
76867 5931 76 84 105 84 275 0 3.25 3.25 
77039 6681 119 119 163 135 420 7 3.25 4.52 
77211 6673 122 120 166 137 426 9 3.25 3.25 
77383 6673 122 120 166 137 426 0 3.26 3.25 
77555 6666 118 117 161 133 414 0 3.25 3.25 
77727 6426 92 93 125 102 322 8 3.26 29.22 
77900 6836 113 108 153 127 389 0 3.25 29.22 
78073 6885 114 109 155 129 395 0 3.25 29.22 
78246 6885 114 109 155 129 395 0 3.25 29.24 
78419 6885 114 109 155 129 395 0 3.26 3.25 
78591 6744 111 107 150 124 382 0 3.25 31.28 
78764 5087 54 78 80 64 222 0 3.25 3.25 
78936 2969 26 68 48 37 153 0 3.25 3.25 
79108 3034 27 66 48 36 150 0 3.25 3.25 
79280 3125 27 66 48 37 150 0 3.26 31.28 
79453 3046 26 67 48 37 151 0 3.25 3.25 
79625 2523 27 82 53 41 175 4 3.25 3.25 
79797 2372 25 87 54 43 183 0 3.26 3.25 
79969 2372 25 87 54 43 183 0 3.25 3.25 
80141 2495 26 85 54 43 181 2 3.25 3.25 
80313 2559 26 84 54 43 180 0 3.25 3.25 
80485 2559 26 84 54 43 180 0 3.25 3.25 
80657 5298 61 81 88 70 238 0 3.25 28.99 
80830 6965 120 112 162 135 412 0 3.25 28.99 
81003 7095 124 114 167 140 424 0 3.25 28.97 
81176 7095 124 114 167 140 425 5 3.25 4.52 
81348 7095 124 114 167 140 425 0 3.25 28.71 
81521 7095 124 114 167 140 425 0 3.25 3.25 
81693 7018 122 114 165 138 420 5 3.26 29.24 
81866 6879 118 111 159 132 405 0 3.25 3.25 
82038 6879 118 111 159 132 404 0 3.26 3.25 
82210 6879 118 111 159 132 404 2 3.25 3.25 
82382 6879 118 111 159 132 404 0 3.26 3.25 
82554 6879 118 111 159 132 404 0 3.25 3.25 
82726 6879 118 111 159 132 404 3 3.26 3.25 
82898 6879 118 111 159 132 404 0 3.26 3.25 
83070 6879 118 111 159 132 404 0 3.25 3.25 
83242 6879 118 111 159 132 405 5 3.25 3.25 
83414 6879 118 111 159 132 404 0 3.26 3.25 
83586 6879 118 111 159 132 405 0 3.26 3.25 
83758 6879 118 111 159 132 405 8 3.25 3.25 
83930 6879 118 111 159 132 405 0 3.26 3.25 
84102 6879 118 111 159 132 404 0 3.26 3.25 
84274 6879 118 111 159 132 404 9 3.26 3.25 
84446 6879 118 111 159 132 404 0 3.25 28.71 
84619 6879 118 111 159 132 404 0 3.25 28.71 
84792 6879 118 111 159 132 404 0 3.26 28.70 
84965 6879 118 111 159 132 404 0 3.25 3.25 
85137 6879 118 111 159 132 404 0 3.25 3.25 
85309 6879 118 111 159 132 404 0 3.25 3.25 
85481 6879 118 111 159 132 404 0 3.26 3.25 
85653 6879 118 111 159 132 404 0 3.25 3.25 
85825 6879 118 111 159 132 404 3 3.25 3.25 
85997 6879 118 111 159 132 405 0 3.25 3.25 
86169 6879 118 111 159 132 405 0 3.25 3.25 
86341 6879 118 111 159 132 405 5 3.25 3.25 
86513 6879 118 111 159 132 405 0 3.25 3.25 
86685 6879 118 111 159 132 405 0 3.25 3.25 
86857 6879 118 111 159 132 405 8 3.25 3.25 
87029 6879 118 111 159 132 405 0 3.25 3.25 
87201 6879 118 111 159 132 405 0 3.25 3.25 
87373 6879 118 111 159 132 405 9 3.25 3.25 
87545 6879 118 111 159 132 405 0 3.25 3.25 
87717 6879 118 111 159 132 405 0 3.25 3.25 
87889 6879 118 111 159 132 405 8 3.26 3.25 
88061 6879 118 111 159 132 405 0 3.26 3.25 
88233 6879 118 111 159 132 405 0 3.25 3.25 
88405 6879 118 111 159 132 405 6 3.25 3.25 
88577 6879 118 111 159 132 405 0 3.25 3.25 
88749 6879 118 111 159 132 405 0 3.25 3.25 
88921 6879 118 111 159 132 405 2 3.25 3.25 
89093 6879 118 111 159 132 405 0 3.25 3.25 
89265 6879 118 111 159 132 405 0 3.26 3.25 
89437 6879 118 111 159 132 405 0 3.25 3.25 
89609 6879 118 111 159 132 405 0 3.25 3.25 
89781 6879 118 111 159 132 405 0 3.25 3.25 
89953 6879 118 111 159 132 405 0 3.26 3.25 
90125 6879 118 111 159 132 405 0 3.25 3.25 
90297 6879 118 111 159 132 405 0 3.25 3.25 
90469 6879 118 111 159 132 405 0 3.25 3.25 
90641 6879 118 111 159 132 405 1 3.25 3.25 
90813 6879 118 111 159 132 405 0 3.25 3.25 
90985 6879 118 111 159 132 405 0 3.25 3.25 
91157 6879 118 111 159 132 405 4 3.25 3.25 
91329 6879 118 111 159 132 405 0 3.26 3.25 
91501 6879 118 111 159 132 405 0 3.26 3.25 
91673 6879 118 111 159 132 405 7 3.25 3.25 
91845 6879 118 111 159 132 405 0 3.26 3.25 
92017 6879 118 111 159 132 405 0 3.25 3.25 
92189 6879 118 111 159 132 405 9 3.26 3.25 
92361 6879 118 111 159 132 405 0 3.26 3.25 
92533 6879 118 111 159 132 405 0 3.25 3.25 
92705 6879 118 111 159 132 405 8 3.25 3.25 
92877 6879 118 111 159 132 405 0 3.26 3.25 
93049 6879 118 111 159 132 405 0 3.26 3.25 
93221 6879 118 111 159 132 405 5 3.26 3.25 
93393 6879 118 111 159 132 405 0 3.26 3.25 
93565 6879 118 111 159 132 405 0 3.25 3.25 
93737 6879 118 111 159 132 405 3 3.25 3.25 
93909 6879 118 111 159 132 405 0 3.25 3.25 
94081 6879 118 111 159 132 405 0 3.26 3.25 
94253 6879 118 111 159 132 405 0 3.25 3.25 
94425 6879 118 111 159 132 405 0 3.25 3.25 
94597 6879 118 111 159 132 405 0 3.26 3.25 
94769 6879 118 111 159 132 405 0 3.26 3.25 
94941 6879 118 111 159 132 405 0 3.26 3.25 
95113 6879 118 111 159 132 405 0 3.25 3.25 
95285 6879 118 111 159 132 405 0 3.26 3.25 
95457 6879 118 111 159 132 405 0 3.25 3.25 
95629 6879 118 111 159 132 405 0 3.25 3.25 
95801 6879 118 111 159 132 405 0 3.26 3.25 
95973 6879 118 111 159 132 405 3 3.25 3.25 
96145 6879 118 111 159 132 405 0 3.26 3.25 
96317 6879 118 111 159 132 405 0 3.25 3.25 
96489 6879 118 111 159 132 405 7 3.25 3.25 
96661 6879 118 111 159 132 405 0 3.26 3.25 
96833 6879 118 111 159 132 405 0 3.26 3.25 
97005 6879 118 111 159 132 405 9 3.26 3.25 
97177 6879 118 111 159 132 405 0 3.26 3.25 
97349 6879 118 111 159 132 405 0 3.26 3.25 
97521 6879 118 111 159 132 405 8 3.25 3.25 
97693 6879 118 111 159 132 405 0 3.25 3.25 
97865 6879 118 111 159 132 405 0 3.25 3.25 
98037 6879 118 111 159 132 405 7 3.25 3.25 
98209 6879 118 111 159 132 405 0 3.25 3.25 
98381 6879 118 111 159 132 405 0 3.26 3.25 
98553 6879 118 111 159 132 405 2 3.26 3.25 
98725 6741 114 109 154 127 391 0 3.26 3.25 
98897 6582 100 100 136 112 349 0 3.25 3.25 
99069 6529 102 101 138 113 352 0 3.25 3.25 
99241 6639 101 101 138 114 353 0 3.25 3.25 
99413 6576 103 101 139 114 354 0 3.25 3.25 
99585 6576 103 101 139 114 354 0 3.26 3.25 
99757 6576 103 101 139 114 355 0 3.26 3.25 
99929 6576 103 101 139 114 355 0 3.26 3.25 
100101 6576 103 101 139 114 355 0 3.25 3.25 
100273 6576 103 101 139 114 355 1 3.26 3.25 
100445 6576 103 101 139 114 355 0 3.26 3.25 
100617 6576 103 101 139 114 355 0 3.25 3.25 
100789 6576 103 101 139 114 355 3 3.26 3.25 
100961 6576 103 101 139 114 355 0 3.26 3.25 
101133 6576 103 101 139 114 355 0 3.25 3.25 
101305 6576 103 101 139 114 355 6 3.25 3.25 
101477 6576 103 101 139 114 355 0 3.25 3.25 
101649 6576 103 101 139 114 355 0 3.25 3.25 
101821 6576 103 101 139 114 355 8 3.25 3.25 
101993 6576 103 101 139 114 355 0 3.26 3.25 
102165 6576 103 101 139 114 355 0 3.25 3.25 
102337 6576 103 101 139 114 355 8 3.26 3.25 
102509 6576 103 101 139 114 355 0 3.25 3.25 
102681 6576 103 101 139 114 355 0 3.25 3.25 
102853 6576 103 101 139 114 355 6 3.25 3.25 
103025 6576 103 101 139 114 355 0 3.25 3.25 
103197 6576 103 101 139 114 355 0 3.26 3.25 
103369 6576 103 101 139 114 355 1 3.25 3.25 
103541 6576 103 101 139 114 355 0 3.26 3.25 
103713 6576 103 101 139 114 355 0 3.25 3.25 
103885 6576 103 101 139 114 355 0 3.25 3.25 
104057 6576 103 101 139 114 355 0 3.26 3.25 
104229 6576 103 101 139 114 355 0 3.26 3.25 
104401 6576 103 101 139 114 355 0 3.26 3.25 
104573 6576 103 101 139 114 355 0 3.25 3.25 
104745 6576 103 101 139 114 355 0 3.25 3.25 
104917 6576 103 101 139 114 355 0 3.26 3.25 
105089 6576 103 101 139 114 355 0 3.25 3.25 
105261 6576 103 101 139 114 355 0 3.26 3.25 
105433 6576 103 101 139 114 355 0 3.25 3.25 
105605 6576 103 101 139 114 355 4 3.26 3.25 
105777 6576 103 101 139 114 355 0 3.26 3.25 
105949 6576 103 101 139 114 355 0 3.25 3.25 
106121 6576 103 101 139 114 355 5 3.26 3.25 
106293 6576 103 101 139 114 355 0 3.25 3.25 
106465 6576 103 101 139 114 355 0 3.26 3.25 
106637 6576 103 101 139 114 355 8 3.26 3.25 
106809 6576 103 101 139 114 355 0 3.25 3.25 
106981 6576 103 101 139 114 355 0 3.25 3.25 
107153 6576 103 101 139 114 355 7 3.26 3.25 
107325 6576 103 101 139 114 355 0 3.25 3.25 
107497 6685 105 103 143 118 364 0 3.25 3.25 
107669 6778 111 106 150 124 382 5 3.25 3.25 
107841 6612 103 100 139 114 354 0 3.25 4.52 
108013 6838 117 111 158 131 402 0 3.26 3.25 
108185 6836 113 108 153 127 389 0 3.26 3.25 
108357 6878 114 108 154 128 393 0 3.26 3.25 
108529 7011 121 113 164 137 418 0 3.26 3.25 
108701 3132 38 113 78 65 253 0 3.25 3.25 
108873 2661 79 128 101 52 283 0 3.25 3.25 
109045 3475 152 216 199 125 546 0 3.26 3.25 
109217 3756 83 172 139 109 419 0 3.25 3.25 
109389 6669 65 106 109 99 314 0 3.26 3.25 
109561 5343 65 123 112 98 332 0 3.25 3.25 
109733 2775 59 122 90 59 270 0 3.26 3.25 
109905 3547 184 205 214 119 544 1 3.26 3.25 
110077 3563 190 209 220 122 558 0 3.26 3.25 
110249 3552 191 210 221 122 560 0 3.26 3.25 
110421 3552 191 210 221 122 560 4 3.26 3.25 
110593 3552 191 210 221 122 560 0 3.25 3.25 
110765 3552 191 210 221 122 560 0 3.26 3.25 
110937 3552 191 210 221 122 560 7 3.26 3.25 
111109 3552 191 210 221 122 560 0 3.25 3.25 
111281 3552 191 210 221 122 560 0 3.25 3.25 
111453 3552 191 210 221 122 560 7 3.26 3.25 
111625 3552 191 210 221 122 560 0 3.26 3.25 
111797 3552 191 210 221 122 560 0 3.26 3.25 
111969 3552 191 210 221 122 560 3 3.25 3.25 
112141 3552 191 210 221 122 561 0 3.26 3.25 
112313 3552 191 210 221 122 561 0 3.26 3.25 
112485 3552 191 210 221 122 561 0 3.26 3.25 
112657 3552 191 210 221 122 561 0 3.25 3.25 
112829 3552 191 210 221 122 561 0 3.26 3.25 
113001 3552 191 210 221 122 561 0 3.26 3.25 
113173 3552 191 210 221 122 561 0 3.25 3.25 
113345 3552 191 210 221 122 561 0 3.25 3.25 
113517 3543 189 209 219 121 556 0 3.25 3.25 
113689 3358 101 138 128 76 344 0 3.25 3.25 
113861 2947 44 127 87 70 281 0 3.26 3.25 
114033 8076 93 113 144 132 390 0 3.26 3.25 
114205 2589 20 132 76 77 281 2 3.26 3.25 
114377 3948 104 163 150 108 425 0 3.26 3.25 
114549 3712 115 165 155 103 428 0 3.25 3.25 
