=~=~=~=~=~=~=~=~=~=~=~= PuTTY log 2025.11.28 18:35:57 =~=~=~=~=~=~=~=~=~=~=~=
ets Jul 29 2019 12:21:46

rst:0x1 (POWERON_RESET),boot:0x13 (SPI_FAST_FLASH_BOOT)
configsip: 0, SPIWP:0xee
clk_drv:0x00,q_drv:0x00,d_drv:0x00,cs0_drv:0x00,hd_drv:0x00,wp_drv:0x00
mode:DIO, clock div:1
load:0x3fff0030,len:4980
load:0x40078000,len:16612
load:0x40080400,len:3480
entry 0x400805b4
Found sensor
Milis - ColorTemp - Lux - R - G - B - C - Pot - UsensA - UsensB

399 2590 29 93 60 48 198 11 62.19 55.49 
577 6705 60 61 83 69 213 0 66.91 35.62 
754 2668 35 81 57 39 177 0 67.88 35.62 
931 3721 53 61 64 38 165 0 67.88 35.63 
1108 3781 64 66 74 42 184 0 66.37 38.37 
1285 3804 63 67 74 43 185 0 62.03 36.55 
1462 3163 42 73 60 39 173 0 59.23 49.10 
1640 3769 41 74 63 47 184 3 59.52 49.10 
1818 6693 53 56 74 62 193 0 60.37 37.89 
1995 6446 52 54 72 59 187 0 63.29 43.21 
2172 6985 56 58 79 67 205 0 64.68 36.29 
2349 2692 36 83 59 40 181 0 64.70 35.85 
2526 2678 37 85 60 41 185 0 64.68 35.85 
2703 2631 36 86 60 41 187 0 64.70 35.62 
2880 2631 36 86 60 41 187 0 65.93 35.62 
3057 2678 37 85 60 41 185 6 65.79 35.39 
3234 3331 36 62 52 35 149 0 65.81 37.01 
3411 3681 39 55 52 34 142 0 65.81 37.01 
3588 3681 39 55 52 34 142 0 65.79 37.01 
3765 3681 39 55 52 34 142 0 65.79 35.39 
3942 3681 39 55 52 34 142 10 65.81 37.01 
4119 3681 39 55 52 34 142 0 65.79 35.39 
4296 3681 39 55 52 34 142 0 65.77 35.39 
4473 3681 39 55 52 34 142 0 65.91 36.09 
4650 3681 39 55 52 34 142 0 65.91 35.63 
4827 3681 39 55 52 34 142 0 65.89 36.07 
5004 3681 39 55 52 34 142 0 65.91 36.07 
5181 3681 39 55 52 34 142 0 65.91 36.53 
5358 3681 39 55 52 34 142 5 65.89 36.07 
5535 3681 39 55 52 34 142 0 65.89 36.53 
5712 3681 39 55 52 34 142 0 65.89 36.53 
5889 3681 39 55 52 34 142 0 65.89 36.07 
6066 3681 39 55 52 34 142 0 65.87 35.63 
6243 3681 39 55 52 34 142 6 65.89 36.97 
6420 3681 39 55 52 34 142 0 65.87 36.07 
6597 3681 39 55 52 34 142 0 65.89 28.71 
6774 3681 39 55 52 34 142 0 65.89 35.62 
6951 3681 39 55 52 34 142 0 65.76 37.67 
7128 3681 39 55 52 34 142 2 61.15 54.50 
7306 3302 33 54 46 30 131 0 62.12 60.35 
7484 3354 16 25 22 14 62 0 57.82 48.57 
7661 4045 14 19 19 13 51 4 56.13 49.61 
7838 4696 16 20 22 16 59 0 57.12 51.29 
8016 6345 44 47 61 50 159 0 56.83 51.63 
8194 6657 52 54 72 60 187 5 56.81 52.82 
8372 6535 53 54 73 60 188 0 56.83 39.27 
8549 6535 53 54 73 60 188 0 56.83 53.14 
8727 6535 53 54 73 60 188 3 57.12 48.93 
8904 6535 53 54 73 60 188 0 56.83 39.95 
9081 6535 53 54 73 60 188 0 56.83 49.10 
9258 6535 53 54 73 60 188 0 57.12 49.25 
9435 6535 53 54 73 60 188 0 56.83 38.59 
9612 6535 53 54 73 60 188 10 31.33 36.99 
9787 6535 53 54 73 60 188 0 25.31 29.24 
9961 6535 53 54 73 60 187 6 29.27 24.41 
10135 6535 53 54 73 60 187 0 33.92 55.93 
10311 6535 53 54 73 60 187 8 56.69 49.25 
10488 6657 52 54 72 60 187 0 57.26 39.03 
10665 6657 52 54 72 60 187 0 56.69 49.61 
10842 6657 52 54 72 60 187 0 57.10 48.91 
11019 6657 52 54 72 60 187 0 57.12 49.59 
11196 6657 52 54 72 60 187 10 57.12 49.59 
11373 6657 52 54 72 60 187 0 56.69 51.29 
11551 6657 52 54 72 60 187 0 56.69 37.67 
11728 6657 52 54 72 60 187 0 57.12 57.17 
11906 6657 52 54 72 60 187 0 57.12 52.12 
12084 6657 52 54 72 60 187 0 57.12 48.93 
12261 6657 52 54 72 60 187 0 56.69 49.27 
12438 6657 52 54 72 60 187 0 57.12 38.35 
12615 6657 52 54 72 60 187 5 56.83 49.61 
12792 6657 52 54 72 60 187 0 57.10 48.94 
12969 6657 52 54 72 60 187 0 56.69 39.27 
13146 6657 52 54 72 60 187 3 57.12 38.35 
13323 6657 52 54 72 60 187 0 56.69 48.93 
13500 6657 52 54 72 60 187 0 56.69 38.81 
13677 6657 52 54 72 60 187 0 56.69 48.91 
13854 6535 53 54 73 60 187 0 56.71 49.27 
14031 6657 52 54 72 60 187 3 56.71 39.27 
14208 6535 53 54 73 60 187 0 57.10 49.28 
14385 6657 52 54 72 60 187 0 57.12 49.28 
14562 6535 53 54 73 60 187 0 56.69 49.27 
14739 6535 53 54 73 60 187 0 57.12 48.91 
14916 6657 52 54 72 60 187 0 57.10 39.27 
15093 6535 53 54 73 60 187 0 22.73 29.99 
15267 6657 52 54 72 60 187 0 25.02 25.84 
15441 6657 52 54 72 60 187 0 19.64 28.71 
15615 6657 52 54 72 60 187 6 18.04 20.86 
15788 6657 52 54 72 60 187 0 19.31 22.69 
15962 6657 52 54 72 60 187 0 56.69 49.28 
16139 6657 52 54 72 60 187 0 56.69 38.35 
16316 6657 52 54 72 60 187 4 56.71 49.62 
16493 6657 52 54 72 60 187 0 56.71 40.43 
16670 6657 52 54 72 60 187 0 56.69 49.61 
16847 6535 53 54 73 60 188 2 56.71 49.27 
17024 6535 53 54 73 60 187 0 56.71 48.74 
17201 6535 53 54 73 60 187 0 56.71 49.27 
17378 6535 53 54 73 60 188 0 56.71 48.76 
17555 6535 53 54 73 60 187 0 56.71 48.77 
17732 6535 53 54 73 60 187 4 56.71 48.76 
17909 6535 53 54 73 60 187 0 56.71 49.27 
18086 6535 53 54 73 60 187 0 56.71 48.76 
18263 6535 53 54 73 60 187 0 56.71 48.77 
18440 6535 53 54 73 60 187 0 56.69 49.25 
18617 6535 53 54 73 60 187 0 56.71 48.76 
18794 6535 53 54 73 60 187 0 56.71 49.62 
18971 6535 53 54 73 60 187 0 56.69 49.27 
19148 6535 53 54 73 60 187 3 56.71 48.76 
19325 6535 53 54 73 60 187 0 56.71 49.27 
19502 6535 53 54 73 60 187 0 56.71 48.76 
19679 6535 53 54 73 60 187 0 56.69 49.27 
19856 6657 52 54 72 60 187 0 56.73 48.76 
20033 6535 53 54 73 60 187 3 56.71 49.25 
20210 6535 53 54 73 60 187 0 56.29 49.28 
20387 6535 53 54 73 60 187 0 56.69 49.27 
20564 6657 52 54 72 60 187 0 56.69 49.27 
20741 6535 53 54 73 60 187 0 56.69 48.77 
20918 6535 53 54 73 60 187 0 56.69 49.25 
21095 6535 53 54 73 60 187 0 56.71 49.25 
21272 6535 53 54 73 60 187 0 56.71 49.25 
21449 6535 53 54 73 60 187 4 56.71 49.27 
21626 6657 52 54 72 60 187 0 56.73 48.77 
21803 6657 52 54 72 60 187 0 56.71 49.25 
21980 6657 52 54 72 60 187 0 56.71 49.27 
22157 6535 53 54 73 60 187 0 56.69 49.25 
22334 6535 53 54 73 60 187 0 56.69 48.77 
22511 6535 53 54 73 60 187 0 56.69 49.27 
22688 6535 53 54 73 60 187 0 56.71 49.27 
22865 6535 53 54 73 60 187 1 56.71 49.27 
23042 6657 52 54 72 60 187 0 56.71 48.77 
23219 6657 52 54 72 60 187 0 56.69 49.27 
23396 6657 52 54 72 60 187 0 56.71 48.77 
23573 6535 53 54 73 60 187 0 56.71 49.25 
23750 6657 52 54 72 60 187 3 56.69 49.25 
23927 6535 53 54 73 60 187 0 56.69 49.27 
24104 6657 52 54 72 60 187 0 56.71 48.77 
24281 6657 52 54 72 60 187 0 56.71 49.25 
24458 6535 53 54 73 60 187 0 56.69 48.77 
24635 6657 52 54 72 60 187 0 56.71 49.27 
24812 6657 52 54 72 60 187 0 56.69 49.27 
24989 6657 52 54 72 60 187 0 56.71 49.25 
25166 6657 52 54 72 60 187 4 56.69 49.27 
25343 6657 52 54 72 60 187 0 56.71 48.76 
25520 6657 52 54 72 60 187 0 56.69 49.25 
25697 6657 52 54 72 60 187 0 56.69 49.25 
25874 6535 53 54 73 60 187 0 56.71 49.61 
26051 6535 53 54 73 60 187 0 56.69 48.77 
26228 6535 53 54 73 60 187 0 56.69 49.27 
26405 6535 53 54 73 60 187 0 56.71 49.27 
26582 6535 53 54 73 60 187 2 56.73 48.76 
26759 6657 52 54 72 60 187 0 56.75 49.25 
26936 6657 52 54 72 60 187 0 56.75 48.76 
27113 6657 52 54 72 60 187 0 56.75 49.27 
27290 6657 52 54 72 60 187 0 56.73 49.62 
27467 6657 52 54 72 60 187 0 56.73 48.77 
27644 6657 52 54 72 60 187 0 56.75 48.77 
27821 6657 52 54 72 60 187 0 56.73 48.77 
27998 6535 53 54 73 60 187 2 56.75 49.62 
28175 6535 53 54 73 60 187 0 56.75 48.76 
28352 6657 52 54 72 60 187 0 56.75 48.77 
28529 6657 52 54 72 60 187 0 56.75 48.76 
28706 6657 52 54 72 60 187 0 56.73 48.76 
28883 6657 52 54 72 60 187 1 56.75 48.77 
29060 6657 52 54 72 60 187 0 56.75 48.77 
29237 6657 52 54 72 60 187 0 56.61 49.25 
29414 6657 52 54 72 60 187 0 17.73 19.91 
29587 6554 54 55 74 61 190 0 13.48 45.19 
29762 3976 36 68 58 45 171 0 6.78 39.03 
29936 3261 50 79 68 43 191 0 38.90 33.85 
30111 3979 43 69 63 46 179 0 28.76 25.84 
30285 3907 29 74 56 48 177 0 24.21 4.84 
30458 6196 40 61 64 56 180 0 33.66 6.14 
30631 3221 39 74 59 41 174 5 30.58 7.09 
30804 3628 84 98 101 59 259 0 47.48 35.63 
30980 4788 42 66 64 51 182 0 45.49 15.79 
31155 7100 27 56 52 50 159 0 45.88 22.12 
31330 9075 27 59 56 57 172 2 46.87 47.36 
31507 10685 26 60 57 60 177 0 32.90 48.93 
31683 9856 26 58 55 57 170 0 35.70 17.07 
31857 5865 26 55 49 45 157 0 40.49 55.66 
32034 3804 45 64 61 41 166 0 39.13 16.12 
32208 3696 46 66 62 41 169 0 35.48 35.63 
32383 6220 28 55 51 47 153 0 47.26 29.48 
32559 8402 27 57 54 54 167 3 18.99 43.40 
32734 4897 33 73 61 54 188 0 36.60 16.75 
32908 3370 42 114 82 68 263 0 16.13 15.79 
33081 3245 44 131 91 77 298 3 32.62 9.40 
33255 3241 43 120 85 70 275 0 36.36 15.81 
33429 3213 44 130 90 76 296 6 42.06 43.20 
33605 3905 38 94 72 61 226 0 45.07 43.42 
33781 9053 31 66 63 64 192 0 20.89 29.22 
33955 6096 26 52 48 44 144 0 19.94 28.71 
34129 7038 26 54 50 48 152 5 19.94 16.12 
34302 5170 37 62 60 50 172 0 26.18 50.46 
34478 3580 90 105 108 62 277 0 29.27 32.57 
34653 3627 99 110 116 66 294 0 31.09 32.57 
34828 3618 72 85 87 51 224 0 31.08 32.57 
35003 3706 66 79 81 49 210 0 31.08 31.30 
35178 3706 66 79 81 49 210 2 31.08 32.57 
35353 3706 66 79 81 49 210 0 31.08 32.57 
35528 3706 66 79 81 49 210 4 31.09 32.57 
35703 3706 66 79 81 49 210 0 31.08 32.57 
35878 3706 66 79 81 49 210 5 31.08 32.56 
36053 3706 66 79 81 49 210 0 31.08 32.57 
36228 3706 66 79 81 49 210 5 31.08 32.57 
36403 3706 66 79 81 49 210 0 31.08 32.57 
36578 3706 66 79 81 49 210 5 31.08 32.57 
36753 3706 66 79 81 49 211 0 29.78 32.59 
36928 3706 66 79 81 49 211 6 29.78 32.57 
37103 3706 66 79 81 49 211 0 29.78 32.56 
37278 3706 66 79 81 49 211 4 30.57 33.61 
37453 3706 66 79 81 49 210 0 32.10 36.29 
37628 3673 61 75 76 46 198 1 38.18 44.40 
37804 3147 45 82 66 44 192 0 44.66 49.08 
37981 3630 33 68 55 42 164 0 55.73 42.82 
38158 6943 41 56 64 57 177 0 62.83 42.64 
38335 7311 41 59 67 61 187 0 54.74 16.44 
38510 6869 41 58 65 58 181 4 53.57 16.12 
38685 3321 33 71 55 41 166 0 53.72 15.79 
38860 3101 37 79 60 43 181 3 54.08 16.12 
39035 2990 36 81 60 43 182 0 21.22 15.79 
39208 3045 37 80 60 43 181 4 15.16 23.29 
39381 2636 36 98 66 49 211 0 41.40 17.37 
39556 2520 35 97 64 47 206 0 40.46 15.81 
39730 2685 36 97 66 49 208 0 41.60 16.75 
39905 2452 32 94 61 45 197 0 16.46 38.57 
40079 2308 30 96 60 45 199 0 17.08 45.39 
40254 2886 31 76 54 40 169 0 16.46 48.76 
40429 2926 30 72 52 38 161 0 42.48 42.64 
40605 2845 29 76 53 40 169 0 53.06 54.33 
40782 6481 38 57 61 54 172 0 56.00 36.99 
40959 9508 43 58 72 70 201 16 53.40 55.64 
41137 9161 45 58 73 70 202 0 41.14 36.75 
41313 8962 43 59 72 69 200 0 40.02 42.62 
41489 3321 33 71 55 41 166 0 16.15 48.38 
41664 2762 30 78 54 40 170 0 15.16 17.37 
41837 2698 33 84 58 42 183 0 15.16 15.49 
42010 2268 34 108 67 50 221 0 16.15 13.11 
42183 2147 28 96 58 43 196 0 16.15 13.11 
42356 2191 26 89 54 41 181 2 16.15 13.11 
42529 2117 26 90 54 40 181 0 15.50 14.79 
42702 2163 27 89 54 40 181 0 42.50 42.62 
42878 2265 26 84 52 39 172 0 73.85 6.46 
43054 2512 42 119 78 58 253 0 31.08 2.92 
43227 2866 31 78 55 41 173 0 4.54 5.49 
43399 10445 62 80 104 103 288 3 7.43 19.91 
43572 10252 74 92 121 119 334 1 19.94 17.07 
43745 10737 85 105 141 140 387 0 21.20 17.39 
43918 10360 85 106 140 138 386 0 19.31 19.91 
44091 8718 64 87 105 100 294 0 22.46 21.18 
44265 2404 18 114 65 65 241 0 27.61 28.14 
44439 2533 17 117 67 68 249 3 31.08 32.32 
44614 3903 66 132 109 86 328 0 32.62 32.56 
44789 4074 140 203 195 139 542 4 32.62 33.59 
44964 4068 138 202 193 138 538 0 16.13 30.26 
45138 4070 144 209 201 143 558 2 15.83 17.39 
45311 4076 149 216 208 148 577 0 16.46 15.79 
45484 3848 58 121 98 78 297 0 16.15 17.39 
45657 3211 21 93 59 56 207 0 16.76 18.97 
45830 3511 24 78 54 48 180 0 16.46 23.56 
46004 2956 20 106 64 63 232 0 14.82 15.79 
46177 2348 15 134 74 79 284 0 15.16 16.42 
46350 2795 20 117 69 69 252 0 16.78 15.79 
46523 3342 25 94 62 57 210 0 18.05 15.79 
46696 2380 16 133 74 78 281 0 19.31 15.49 
46869 2329 16 137 76 80 290 0 16.76 15.47 
47042 2250 16 136 75 79 287 0 13.48 15.79 
47215 2329 16 137 76 80 288 0 15.83 18.63 
47388 2814 21 108 65 63 234 4 10.10 16.75 
47561 1831 14 141 75 79 290 0 14.82 18.63 
47734 1869 15 146 78 82 302 0 15.83 24.70 
47908 1822 14 143 76 80 294 0 16.13 45.58 
48083 2477 18 115 66 66 244 0 15.83 26.71 
48257 3387 27 100 66 61 225 0 16.46 46.80 
48432 3545 28 89 62 55 206 0 15.83 19.58 
48605 3545 28 89 62 55 206 2 18.04 20.23 
48778 3691 31 89 64 56 209 0 20.26 19.60 
48952 3934 43 87 72 57 217 0 20.59 19.91 
49126 3801 32 61 51 39 151 0 20.57 19.91 
49300 3877 30 57 48 37 143 0 20.57 19.91 
49474 3877 30 57 48 37 143 0 20.59 19.91 
49648 3877 30 57 48 37 143 0 18.36 18.02 
49821 3877 30 57 48 37 143 3 15.52 12.78 
49994 3626 29 74 55 46 175 0 10.44 5.81 
50166 2553 18 122 70 71 259 0 4.86 4.20 
50338 1898 15 136 73 76 282 5 5.51 4.52 
50510 2136 18 126 70 70 263 0 5.51 4.52 
50682 4111 32 62 53 42 158 0 5.51 3.89 
50854 3992 30 62 51 41 155 5 5.51 4.84 
51026 3992 30 62 51 41 155 0 5.51 4.84 
51198 3992 30 62 51 41 155 0 6.78 5.49 
51370 3626 29 74 55 46 175 5 5.81 29.48 
51543 1628 13 146 75 79 296 0 5.81 14.13 
51715 1626 13 150 77 81 303 0 5.81 14.13 
51887 1620 12 151 77 82 305 5 5.81 14.13 
52059 1620 12 151 77 82 306 0 5.81 14.79 
52231 1625 13 154 79 83 312 0 5.81 24.12 
52404 1620 12 155 79 84 314 5 6.14 15.79 
52576 2653 21 101 61 57 217 0 5.81 31.79 
52749 1992 19 129 71 69 265 0 7.11 18.97 
52922 6122 73 104 113 97 316 1 30.29 8.06 
53095 6901 100 123 149 130 404 0 30.29 10.08 
53269 6767 96 119 143 124 389 0 30.80 9.74 
53443 6767 96 119 143 124 389 0 30.29 15.15 
53617 6767 96 119 143 124 389 0 30.29 12.10 
53791 6767 96 119 143 124 389 0 30.29 11.42 
53965 6767 96 119 143 124 389 0 16.15 15.15 
54138 6524 86 109 128 110 349 3 13.12 16.12 
54311 1883 18 139 75 75 286 0 13.48 15.81 
54484 1651 13 167 84 89 336 0 13.12 16.44 
54657 1683 13 172 86 91 344 0 14.48 15.79 
54830 1642 13 167 84 88 334 0 15.16 16.13 
55003 1626 14 166 84 88 333 5 15.16 17.37 
55176 1642 13 167 84 88 334 0 14.48 18.65 
55349 1684 13 170 85 90 341 0 14.48 18.65 
55522 1650 13 173 87 92 348 0 16.15 15.81 
55695 1650 13 173 87 92 347 0 6.78 28.15 
55868 5172 54 145 114 107 366 0 6.14 17.37 
56041 6216 83 116 128 110 356 0 19.62 8.38 
56214 1792 27 117 64 48 227 0 14.82 8.06 
56387 3569 165 189 195 111 501 5 11.10 6.44 
56559 3789 136 163 168 104 441 0 4.54 6.14 
56731 5245 79 140 131 112 384 0 5.18 6.12 
56903 3719 161 249 226 156 637 5 5.18 6.12 
57075 3635 137 228 199 140 572 0 4.86 6.46 
57247 3645 138 229 200 141 574 0 8.74 10.76 
57419 3685 95 167 143 104 417 4 14.48 15.79 
57592 6122 35 70 64 59 193 0 18.68 22.12 
57766 3575 164 187 194 110 497 0 25.02 27.28 
57940 2084 41 131 79 55 263 0 26.74 28.42 
58114 6050 76 108 117 100 327 0 27.03 28.71 
58288 7339 120 146 181 161 491 0 21.84 25.28 
58462 7169 109 134 164 145 447 0 16.46 18.65 
58635 1803 29 122 67 50 235 0 14.16 14.79 
58808 3491 148 180 179 103 468 0 15.50 16.13 
58981 3549 169 194 200 113 513 0 19.31 20.86 
59155 3565 171 193 201 113 514 0 25.89 27.00 
59329 2664 70 150 108 70 327 0 46.67 34.37 
59505 4857 62 113 103 86 301 0 32.88 35.62 
59680 5631 63 137 119 109 366 0 31.35 34.88 
59855 1625 15 162 83 86 326 0 47.24 33.85 
60031 2199 20 124 70 68 260 0 46.85 33.85 
60207 6086 74 102 113 96 313 0 45.87 33.61 
60383 6436 85 111 128 110 350 0 42.28 42.42 
60559 7075 111 137 167 147 454 0 23.89 38.81 
60734 7166 113 138 170 150 462 0 19.94 22.98 
60908 5089 66 122 111 95 328 0 15.50 19.28 
61081 2286 39 112 71 50 231 0 16.46 57.44 
61257 3580 181 199 210 117 534 0 22.73 35.39 
61432 3580 169 187 197 110 502 0 72.35 36.75 
61610 3078 61 106 86 55 247 0 71.54 39.49 
61788 1633 21 133 64 49 241 0 69.14 38.11 
61965 1704 26 123 65 49 234 0 67.17 50.78 
62143 1620 24 138 68 52 253 0 24.74 56.08 
62319 1630 22 115 58 44 213 15 23.58 59.65 
62495 1722 23 107 57 43 204 0 23.60 5.49 
62668 1724 23 105 56 42 200 2 23.60 5.49 
62841 1724 23 105 56 42 200 0 23.89 52.99 
63017 1743 24 108 58 44 206 0 63.26 52.97 
63195 1685 26 126 66 50 238 0 61.86 50.63 
63373 2030 27 97 57 42 194 0 61.15 52.96 
63551 2363 28 85 54 40 178 0 61.46 52.63 
63729 2351 28 87 55 41 180 0 19.62 55.78 
63905 2378 29 90 57 43 188 0 18.99 4.20 
64078 2658 26 73 49 37 158 0 59.91 52.82 
64256 3009 27 63 46 34 142 0 60.04 59.40 
64434 3061 26 59 44 32 134 0 60.45 64.24 
64612 2937 27 69 49 37 154 0 55.10 52.29 
64789 2610 28 78 52 39 167 0 51.71 49.42 
64966 2553 26 72 48 35 154 0 49.16 48.76 
65143 1743 24 108 58 44 207 0 49.16 48.76 
65320 4195 42 80 69 55 206 0 48.45 47.96 
65497 4794 45 79 73 60 214 0 44.86 46.19 
65674 8136 84 105 131 121 360 0 44.66 46.56 
65851 8994 94 114 149 141 406 0 45.08 47.35 
66028 8947 93 113 147 139 402 0 48.45 43.20 
66205 7084 62 87 99 89 277 0 19.94 17.07 
66378 3333 23 100 64 61 223 0 18.99 18.65 
66551 2957 23 101 63 59 221 3 19.94 21.18 
66725 2785 21 110 66 64 236 0 22.73 24.41 
66899 2380 16 133 74 78 281 3 24.74 26.42 
67073 2405 15 124 69 73 263 0 16.47 29.48 
67247 3670 32 94 67 59 220 0 38.88 35.63 
67423 3408 27 103 68 63 233 0 36.60 38.13 
67599 3387 31 107 72 65 244 6 36.82 38.37 
67775 3986 100 154 143 103 402 0 37.04 37.21 
67951 3908 124 184 173 121 482 0 35.44 36.09 
68126 3925 107 170 155 112 440 0 31.59 32.06 
68301 3052 31 137 86 81 302 0 27.34 29.48 
68475 4824 30 116 80 80 274 0 30.82 32.84 
68650 10781 81 98 133 132 365 0 33.66 54.33 
68826 10701 79 97 130 129 357 0 58.79 55.49 
69004 9961 78 98 128 125 352 0 58.38 49.25 
69181 8004 80 101 125 115 343 0 57.68 55.93 
69359 8806 99 121 156 147 426 0 54.59 29.22 
69535 8466 79 101 126 118 346 1 49.01 19.28 
69710 9509 71 90 116 112 320 0 16.76 15.79 
69883 2576 28 82 54 41 176 0 14.82 14.81 
70056 2642 24 69 46 35 149 0 15.83 16.44 
70229 2282 27 89 55 42 185 0 15.52 20.86 
70402 2542 29 80 53 39 172 0 16.15 45.78 
70577 1893 27 110 62 47 216 0 18.04 47.19 
70752 1866 29 118 66 50 231 0 46.67 49.10 
70929 1853 27 115 64 49 224 0 47.84 49.28 
71106 1949 30 119 68 52 235 0 21.52 49.93 
71281 1811 26 109 60 45 212 0 50.88 50.78 
71458 2191 27 92 56 42 188 0 51.88 51.63 
71635 1791 30 130 71 54 253 0 51.53 50.78 
71812 1801 28 130 71 56 253 0 16.78 48.93 
71987 1782 28 127 69 54 247 0 15.52 55.64 
72162 1943 32 128 73 56 253 0 16.46 57.87 
72338 2485 34 96 63 46 203 0 57.41 60.25 
72516 3044 57 106 84 55 245 0 57.26 60.11 
72694 3537 153 176 181 102 464 0 57.26 59.96 
72872 3561 162 183 190 107 486 0 54.57 56.22 
73050 3546 161 184 190 107 486 0 49.01 50.76 
73227 3076 63 121 95 64 279 0 42.89 43.81 
73403 1870 29 116 65 49 228 0 37.28 38.81 
73579 7848 50 76 84 79 241 4 38.44 40.17 
73755 10347 56 73 94 93 261 0 67.15 65.25 
73934 7680 46 62 73 67 202 0 66.61 44.01 
74112 11384 58 74 98 99 272 0 66.59 66.10 
74291 12414 62 78 106 109 293 0 37.26 40.17 
74467 12414 62 78 106 109 293 0 35.68 36.31 
74642 10144 53 72 90 89 252 0 35.19 37.91 
74817 11821 59 77 102 104 268 1 35.21 37.91 
74992 11821 59 77 102 104 283 0 35.44 36.99 
75167 10492 64 81 106 105 292 0 34.42 35.39 
75342 6872 76 100 117 103 323 0 34.42 35.41 
75517 5093 80 114 118 94 328 0 35.44 36.77 
75692 5381 80 113 119 97 331 0 37.72 40.41 
75868 9713 50 66 83 81 229 1 38.62 42.23 
76044 10120 50 68 85 84 239 0 38.18 42.23 
76220 11865 55 72 95 97 265 0 37.28 40.85 
76396 9216 51 69 85 82 237 0 129.62 37.91 
76577 6599 52 88 89 81 259 0 122.18 71.25 
76760 3559 24 90 60 56 205 0 117.21 78.54 
76943 4069 56 96 86 65 247 0 78.29 72.74 
77123 4095 69 105 99 72 278 0 76.50 73.75 
77303 4123 46 68 65 47 182 0 76.58 74.97 
77483 4084 51 79 74 54 210 0 76.16 74.15 
77663 4129 54 81 77 56 216 0 75.72 74.09 
77843 4129 54 81 77 56 216 0 117.13 74.78 
78025 4129 54 81 77 56 216 0 119.70 77.06 
78208 4079 66 101 95 69 268 0 24.45 28.71 
78382 4119 77 116 110 80 307 0 28.46 29.22 
78557 4156 62 95 90 66 253 0 28.48 28.71 
78732 4077 50 73 70 50 195 0 31.59 31.55 
78907 4153 85 125 120 87 334 0 36.36 32.32 
79082 4157 97 142 137 99 381 0 16.13 55.33 
79257 4166 88 132 126 92 352 0 16.76 55.49 
79432 4200 66 95 93 67 257 0 16.76 2.92 
79604 4111 68 100 96 69 267 0 17.08 20.55 
79777 3913 75 114 106 75 295 0 17.08 47.57 
79952 3304 54 79 71 43 197 0 15.83 22.10 
80125 3631 56 82 76 50 209 0 13.48 49.40 
80300 4189 90 131 127 92 352 0 6.78 37.89 
80474 3873 43 88 72 57 217 0 7.11 34.37 
80648 4366 30 74 58 51 182 0 7.75 37.89 
80822 9588 45 60 75 73 209 0 28.48 37.21 
80997 6779 39 54 61 54 169 0 15.83 30.75 
81171 7220 39 54 62 56 172 0 29.53 25.28 
81345 9508 43 58 72 70 200 0 28.75 26.72 
81519 9508 43 58 72 70 200 0 28.76 26.42 
81693 9508 43 58 72 70 202 0 28.76 26.71 
81867 9508 43 58 72 70 201 2 28.76 26.71 
82041 9508 43 58 72 70 201 0 29.26 26.13 
82215 9508 43 58 72 70 201 0 28.19 26.71 
82389 7927 41 54 65 60 180 0 28.75 28.71 
82564 10237 46 60 77 76 213 0 28.75 29.72 
82739 10912 49 63 83 83 229 5 31.59 31.79 
82914 10888 50 64 84 84 233 0 32.37 31.53 
83089 9061 44 59 73 70 203 0 32.62 32.04 
83264 7358 40 55 64 58 178 0 33.15 32.56 
83439 8349 43 59 70 66 196 0 32.10 32.30 
83614 8566 45 61 74 70 206 0 29.53 28.70 
83789 8661 46 60 74 70 205 0 23.89 22.41 
83963 10289 48 62 80 79 221 0 20.89 18.33 
84136 8859 43 59 71 68 198 0 21.52 19.91 
84310 7239 39 55 63 57 176 0 26.47 26.15 
84484 7707 39 55 64 59 179 2 31.86 31.30 
84659 9161 45 58 73 70 202 0 37.28 37.23 
84835 10814 49 64 83 83 231 1 43.88 43.59 
85011 10836 56 73 95 95 263 0 49.16 49.95 
85188 11399 61 78 104 105 288 0 53.24 51.97 
85365 10249 70 87 115 113 317 0 56.01 53.14 
85543 9544 75 95 122 118 337 0 57.97 61.49 
85721 8019 81 104 128 118 352 0 58.12 61.35 
85899 3253 33 86 62 50 197 0 58.51 61.34 
86077 2006 25 93 54 41 185 0 58.12 61.22 
86255 1964 24 94 54 41 187 0 54.25 56.88 
86433 2078 26 95 56 43 192 0 49.18 51.29 
86610 7631 78 100 121 110 333 0 42.89 45.58 
86786 9916 77 97 126 123 348 0 43.69 45.59 
86962 3481 21 106 66 66 235 0 42.89 46.78 
87138 3519 22 87 57 54 196 0 39.56 43.21 
87314 3147 19 110 66 67 240 0 36.14 37.91 
87490 4120 88 135 127 93 357 0 29.78 32.06 
87665 3814 85 123 116 79 321 0 129.01 29.73 
87845 2935 79 114 98 52 266 0 126.46 25.57 
88025 3006 66 98 84 47 229 0 67.57 71.96 
88204 3219 35 70 55 39 166 0 67.85 29.48 
88381 3097 48 75 64 38 179 0 131.75 29.50 
88562 3210 50 74 65 39 179 0 69.84 65.94 
88741 3117 63 93 81 47 223 0 60.88 50.78 
88919 3114 61 91 79 46 216 11 58.26 53.65 
89097 3136 62 92 80 47 219 0 58.26 53.14 
89275 3487 68 98 90 57 243 0 57.53 17.07 
89451 3632 73 105 98 64 261 2 57.54 15.79 
89626 3507 74 109 99 64 273 0 55.25 19.60 
89802 3263 56 82 73 44 201 0 49.50 15.49 
89977 3045 34 79 58 43 179 0 15.83 46.38 
90152 2913 33 89 62 48 198 0 7.74 42.42 
90326 2501 29 98 62 50 208 0 6.46 41.09 
90500 2613 25 78 51 40 168 0 6.14 46.38 
90674 2418 27 95 59 48 200 0 44.47 36.07 
90850 2671 32 101 66 53 218 0 35.68 37.64 
91025 2336 32 106 66 51 221 0 37.74 15.79 
91199 2602 124 180 146 65 396 0 35.67 34.37 
91374 2565 144 208 168 72 455 0 10.42 28.97 
91547 2577 144 206 167 72 450 0 6.46 23.27 
91720 3893 127 183 174 120 483 0 6.14 15.79 
91892 3889 98 175 151 114 444 0 9.76 30.51 
92066 2452 19 130 74 75 277 0 35.44 15.79 
92240 7821 114 138 174 158 473 0 15.83 25.57 
92414 3471 45 111 83 67 260 0 61.01 27.86 
92590 2315 32 104 65 49 217 0 17.71 26.72 
92764 1854 30 120 67 50 234 0 44.27 15.79 
92939 1628 26 141 71 54 261 3 37.26 37.89 
93115 1620 25 141 70 54 260 0 13.80 16.12 
93288 1802 29 126 69 53 244 0 15.83 18.02 
93461 7285 90 111 136 121 370 0 17.08 17.70 
93634 6949 63 94 103 93 292 3 16.46 16.12 
93807 3664 28 97 66 61 222 0 14.82 17.70 
93980 2343 19 121 69 68 255 0 18.05 17.70 
94153 1762 15 142 75 78 291 0 18.05 17.70 
94326 1809 15 143 76 79 294 0 17.73 19.28 
94499 1809 15 143 76 79 295 0 21.84 28.70 
94673 1729 13 139 73 77 285 0 38.20 37.67 
94849 3652 69 148 117 92 357 0 39.10 38.81 
95025 4020 170 247 236 167 656 0 42.30 16.12 
95200 4008 175 252 242 170 671 0 23.89 43.62 
95375 4019 175 256 244 173 680 0 16.46 22.69 
95548 4012 169 246 235 166 654 0 9.08 16.44 
95721 2682 24 136 80 79 292 0 6.46 14.13 
95893 5977 58 107 101 91 300 0 5.81 5.81 
96065 7835 120 143 182 165 494 0 6.78 4.20 
96237 7457 102 127 156 140 425 0 9.08 4.20 
96409 7397 100 125 153 137 417 0 6.78 5.17 
96581 7397 100 125 153 137 417 0 5.81 4.52 
96753 7397 100 125 153 137 417 0 9.42 4.20 
96925 7148 93 118 142 126 389 0 12.12 4.52 
97097 7212 90 115 138 123 380 0 10.78 6.12 
97269 7139 93 117 141 125 386 0 5.81 6.12 
97441 7139 93 117 141 125 386 0 9.08 7.09 
97613 7139 93 117 141 125 385 0 7.74 15.81 
97786 7742 105 129 161 146 439 0 10.10 15.81 
97959 7222 83 113 131 118 365 0 9.76 15.81 
98132 2444 21 113 66 63 239 0 9.42 15.79 
98305 2290 20 115 66 63 241 0 9.42 15.79 
98478 2290 20 115 66 63 241 0 8.06 16.75 
98651 2671 22 112 67 64 239 2 3.25 27.27 
98824 7566 105 130 161 145 439 0 5.18 22.12 
98997 2359 39 128 80 62 268 0 11.10 8.38 
99169 1828 21 160 72 55 281 0 14.48 14.47 
99342 1835 20 154 69 52 268 0 15.83 15.81 
99515 1839 20 150 67 50 260 0 15.83 24.43 
99689 1765 20 149 68 52 264 0 29.02 15.79 
99863 1733 25 114 61 46 217 0 16.46 20.23 
100036 6446 81 122 130 115 368 0 41.60 39.49 
100212 4545 38 124 89 85 296 0 45.27 44.20 
100388 4020 88 135 126 91 357 0 47.26 45.19 
100565 2600 130 187 152 67 413 0 46.26 45.80 
100742 2557 138 200 161 69 437 0 44.27 46.78 
100919 2704 103 144 121 55 328 0 43.28 45.99 
101095 2813 86 117 101 48 273 0 50.52 55.17 
101272 2947 68 95 83 43 226 0 76.77 64.26 
101451 4066 87 121 119 83 327 0 76.45 55.91 
101630 4110 122 172 168 119 467 0 46.07 55.64 
101807 4055 145 205 199 140 551 0 38.20 37.67 
101983 4007 154 224 214 151 596 0 28.20 30.51 
102158 2700 19 124 72 73 267 0 30.82 42.21 
102333 8425 61 80 98 92 271 0 55.86 42.43 
102510 9576 59 75 96 93 266 0 55.59 54.31 
102688 9953 74 92 121 118 332 0 55.73 48.93 
102865 10604 80 101 133 132 367 0 53.38 50.61 
103042 7438 72 92 111 100 305 0 49.18 46.78 
103219 9947 79 100 130 127 358 13 42.48 40.85 
103395 10933 71 90 119 119 329 0 36.62 36.31 
103570 8606 52 74 87 83 245 0 36.84 28.70 
103745 2760 36 86 61 43 189 0 27.05 22.69 
103919 3626 78 93 95 56 246 1 23.32 15.79 
104092 4355 46 66 65 48 179 0 13.82 14.13 
104265 6427 29 56 53 49 158 0 14.16 8.06 
104437 3778 30 55 47 35 137 0 13.14 12.10 
104610 3682 29 53 45 33 131 0 15.16 12.78 
104783 4600 27 49 44 36 130 0 14.16 13.45 
104956 5269 29 51 48 41 140 0 15.52 13.46 
105129 5018 29 51 48 40 137 0 16.47 14.47 
105302 4972 29 50 47 39 135 1 15.84 16.13 
105475 5126 40 71 66 56 192 0 15.83 15.47 
105648 4457 65 104 98 76 279 0 13.48 12.78 
105821 4474 57 93 87 68 250 0 9.42 7.41 
105993 5223 28 50 47 40 138 0 5.81 4.20 
106165 4253 28 47 43 33 123 0 5.81 4.20 
106337 3989 28 48 43 32 123 2 5.81 4.20 
106509 4082 29 47 43 32 123 0 5.81 4.22 
106681 4082 29 47 43 32 123 0 5.81 4.20 
106853 4082 29 47 43 32 122 3 5.83 4.20 
107025 4082 29 47 43 32 122 0 5.83 4.20 
107197 4082 29 47 43 32 122 0 5.83 4.20 
107369 4082 29 47 43 32 122 3 5.81 4.22 
107541 4082 29 47 43 32 122 0 5.83 4.22 
107713 4082 29 47 43 32 122 0 5.81 4.20 
107885 4082 29 47 43 32 122 0 5.81 4.20 
108057 4082 29 47 43 32 122 0 5.81 4.22 
108229 4082 29 47 43 32 122 0 5.81 4.20 
108401 4082 29 47 43 32 122 0 7.11 7.41 
108573 4032 28 46 42 31 120 0 8.07 9.40 
108745 3993 26 45 40 30 116 0 7.75 10.40 
108917 3623 27 52 43 32 127 0 7.75 10.42 
109089 3676 28 53 44 33 130 0 8.40 10.42 
109261 3676 28 53 44 33 130 0 10.44 11.76 
109433 3531 29 58 47 35 140 0 10.10 12.78 
109606 3547 30 61 49 37 147 0 10.10 11.42 
109778 3584 29 62 49 38 149 0 7.75 10.08 
109950 3633 29 63 50 39 152 0 4.86 5.81 
110122 3817 28 53 45 34 131 0 4.54 5.17 
110294 4547 28 49 45 36 130 0 4.54 5.17 
110466 4763 28 49 45 37 132 0 5.81 5.81 
110638 4763 28 49 45 37 131 0 11.10 11.10 
110810 4660 26 47 43 35 126 0 16.78 14.81 
110983 6096 26 52 48 44 144 0 18.04 16.12 
111156 7239 29 61 57 55 172 0 21.84 21.79 
111330 7277 28 56 53 51 161 0 27.90 25.86 
111504 9091 25 55 52 53 161 0 28.48 27.01 
111678 6236 27 51 48 44 144 0 28.48 27.00 
111852 7038 26 54 50 48 152 0 26.74 25.28 
112026 6724 27 53 50 47 151 0 21.52 18.95 
112200 9083 26 57 54 55 166 0 13.82 12.78 
112373 7353 29 59 56 54 170 0 8.74 8.38 
112545 4628 33 58 53 43 154 0 9.08 7.09 
112717 3817 28 53 45 34 132 2 8.40 5.49 
112889 3845 28 48 42 31 121 0 7.11 4.52 
113061 3778 30 55 47 35 136 0 6.78 4.54 
113233 3661 30 58 48 36 141 2 6.78 5.17 
113405 3661 30 58 48 36 142 0 7.43 6.78 
113577 3613 30 57 47 35 139 0 6.46 5.81 
113749 3695 30 56 47 35 137 1 7.43 8.72 
113921 3695 30 56 47 35 138 0 7.43 8.36 
114093 3805 28 50 43 32 126 0 4.54 5.17 
114265 3682 29 53 45 33 131 0 5.18 5.49 
114437 3743 30 57 48 36 141 0 5.81 5.80 
114609 3622 31 57 48 35 140 0 9.42 7.09 
114781 3613 30 57 47 35 139 0 13.80 11.10 
114954 3947 29 50 44 33 127 0 16.46 15.15 
115127 6316 28 53 50 46 148 0 17.73 15.79 
115300 6354 28 54 51 47 151 0 18.04 15.81 
115473 7776 30 64 60 59 182 0 18.04 16.12 
115646 6928 32 65 61 58 185 0 17.10 15.49 
115819 7335 31 65 61 59 186 0 16.46 15.15 
115992 7239 29 61 57 55 173 0 16.15 14.13 
116165 5521 29 54 50 44 148 2 16.13 15.49 
116338 6689 26 52 49 46 148 0 16.15 15.49 
116511 7100 25 50 47 45 141 0 16.15 15.49 
116684 7100 25 50 47 45 141 0 16.15 15.49 
116857 7100 25 50 47 45 141 0 16.13 15.47 
117030 7100 25 50 47 45 141 2 16.13 15.49 
117203 7100 25 50 47 45 141 0 15.83 14.81 
117376 7100 25 50 47 45 141 0 14.82 14.45 
117549 7163 26 52 49 47 148 0 5.81 6.77 
117721 6220 28 55 51 47 154 0 6.78 8.72 
117893 3647 29 55 46 34 136 0 6.78 7.41 
118065 3622 31 57 48 35 140 0 6.78 7.41 
118237 3695 30 56 47 35 138 0 6.78 7.41 
118409 3695 30 56 47 35 138 0 7.74 7.41 
118581 3695 30 56 47 35 138 0 9.42 8.36 
118753 3695 30 56 47 35 138 0 15.83 11.08 
118926 3765 28 52 44 33 129 0 15.83 13.79 
119099 5872 27 51 48 43 143 3 16.15 14.79 
119272 7006 25 53 49 47 149 0 10.42 12.44 
119444 7100 25 50 47 45 143 3 9.76 10.42 
119616 7130 27 57 53 51 162 0 10.78 11.42 
119788 7158 28 58 54 52 164 0 11.44 12.10 
119961 7100 27 56 52 50 158 2 14.16 15.79 
120134 6759 27 54 51 48 154 0 24.45 18.67 
120308 4114 37 55 53 38 146 0 23.02 22.98 
120482 3674 43 60 57 37 155 0 23.02 22.98 
120656 3593 48 65 62 39 167 0 23.02 22.97 
120830 3579 49 67 64 40 172 0 17.41 18.33 
121003 3579 49 67 64 40 172 0 18.36 16.12 
121176 3627 50 66 64 40 170 3 15.83 16.44 
121349 3710 45 61 59 38 158 0 14.16 11.10 
121522 5521 29 54 50 44 149 0 15.16 12.44 
121695 6855 29 57 54 51 162 0 14.82 13.11 
121868 7070 26 55 51 49 155 0 15.52 14.13 
122041 6316 28 53 50 46 149 0 15.52 14.13 
122214 4814 28 50 46 38 134 0 15.52 14.13 
122387 4814 28 50 46 38 133 0 14.82 14.79 
122560 4814 28 50 46 38 133 0 15.50 15.47 
122733 4814 28 50 46 38 134 0 16.15 16.12 
122906 7592 26 55 51 50 156 0 19.64 17.70 
123079 8383 26 55 52 52 160 0 29.02 20.86 
123253 7353 29 59 56 54 169 0 15.83 29.48 
123427 3656 56 72 71 44 187 0 17.41 19.91 
123600 3604 72 87 88 52 228 0 20.26 20.23 
123774 3201 34 67 53 37 156 2 20.59 20.23 
123948 2836 27 66 47 34 145 0 20.57 20.23 
124122 2788 26 66 46 34 145 0 21.52 22.42 
124296 2756 29 73 51 37 160 0 23.89 25.57 
124470 2532 31 88 58 43 187 0 24.45 26.72 
124644 2672 28 77 52 39 167 0 23.89 26.71 
124818 2676 29 76 52 38 165 0 35.68 28.71 
124993 2519 31 90 59 44 192 0 35.90 27.86 
125168 2482 30 82 54 39 172 0 26.47 27.00 
125342 2847 31 80 56 42 177 0 28.48 27.85 
125516 8858 42 57 69 66 193 0 30.31 30.24 
125691 9588 45 60 75 73 208 0 31.60 30.24 
125866 8555 44 58 71 67 197 0 31.59 30.26 
126041 8445 42 57 69 65 191 0 31.60 30.24 
126216 8445 42 57 69 65 192 0 33.39 32.32 
126391 7836 41 56 66 61 183 0 38.42 37.45 
126567 3719 27 76 55 48 178 0 43.88 42.42 
126743 3951 45 74 67 49 191 0 50.37 49.10 
126920 3342 60 90 80 50 220 0 55.59 42.62 
127097 3171 47 93 73 51 218 0 57.26 44.01 
127274 6568 53 59 75 63 196 0 54.93 45.20 
127451 7136 57 57 80 68 204 0 51.37 49.25 
127628 7254 60 60 84 72 217 0 50.37 47.58 
127805 3317 32 74 56 43 172 0 49.18 49.44 
127982 3034 37 88 64 48 199 0 49.67 49.44 
128159 2966 35 87 62 47 196 0 50.69 48.93 
128336 3024 35 86 62 47 195 0 55.10 49.42 
128513 2985 35 85 61 46 191 0 58.79 44.98 
128690 6182 47 54 67 55 177 0 59.48 43.40 
128867 6317 56 62 79 65 206 0 58.92 45.19 
129044 2704 35 82 58 40 178 0 55.73 41.79 
129221 2989 36 76 57 40 173 0 49.84 53.48 
129398 7043 61 60 84 71 215 0 46.26 51.63 
129575 3715 35 70 57 44 171 0 17.08 15.79 
129748 3214 57 96 80 52 229 0 18.36 16.13 
129921 3536 45 69 62 41 173 0 48.43 48.94 
130098 4001 47 73 68 49 190 0 49.67 53.69 
130275 3176 54 90 75 48 213 0 52.72 43.81 
130452 3280 31 68 52 39 157 0 52.21 44.22 
130629 3647 29 55 46 34 134 0 48.23 49.42 
130806 3211 32 71 54 40 165 0 48.82 44.40 
130983 3128 54 90 75 47 212 0 16.46 48.37 
131158 3457 50 76 68 44 189 0 12.12 9.06 
131330 4041 46 74 68 50 193 2 11.44 7.41 
131502 3894 32 52 47 34 134 0 10.44 6.77 
131674 3938 30 50 45 33 129 0 16.46 45.41 
131849 3931 34 53 49 35 137 0 44.27 48.94 
132026 4013 43 70 64 47 182 0 46.26 49.11 
132203 3536 45 69 62 41 172 0 49.50 52.12 
132380 3265 58 95 81 52 228 0 51.02 42.99 
132557 2942 36 88 63 47 197 0 50.03 49.27 
132734 2780 29 77 53 40 170 0 49.16 48.16 
132911 3117 42 99 73 55 225 0 44.28 48.38 
133088 3210 45 93 72 52 217 0 39.56 42.21 
133264 3113 67 99 86 50 236 0 35.68 39.25 
133440 4001 47 73 68 49 191 0 31.08 15.79 
133614 3840 29 70 54 45 169 0 27.03 17.70 
133788 4734 32 51 49 39 140 0 25.60 35.85 
133963 4251 33 54 50 38 142 0 25.60 35.84 
134138 3308 33 65 52 37 153 0 28.19 33.85 
134313 3328 35 65 53 37 154 0 31.33 35.39 
134488 4322 31 52 48 37 137 0 31.86 35.38 
134663 5347 32 47 49 40 138 0 29.26 33.86 
134838 4354 30 52 47 37 137 0 25.89 29.22 
135012 5198 34 49 51 41 142 0 20.89 26.71 
135186 4294 34 55 51 39 145 0 16.13 21.79 
135359 3283 34 67 53 38 158 0 16.46 18.02 
135532 3714 38 56 52 35 143 0 14.82 18.02 
135705 3754 41 57 55 36 148 0 14.16 20.54 
135878 3754 41 57 55 36 148 0 14.48 16.44 
136051 3754 41 57 55 36 148 0 13.12 17.68 
136224 3660 41 57 54 35 147 0 13.12 16.44 
136397 3660 41 57 54 35 147 0 18.68 18.29 
136570 3754 41 57 55 36 148 0 19.31 18.65 
136743 3754 41 57 55 36 148 2 22.15 21.18 
136917 3603 35 56 50 34 139 0 22.15 22.98 
137091 3241 33 66 52 37 154 0 21.83 21.18 
137265 3221 29 59 46 33 138 0 21.52 20.21 
137439 3283 34 67 53 38 157 5 21.52 18.95 
137613 3372 33 67 53 39 159 0 18.68 18.00 
137786 3637 34 57 50 35 142 0 19.30 16.12 
137959 3754 41 57 55 36 149 3 22.44 20.54 
138133 3665 42 57 55 35 148 0 26.47 24.12 
138307 3681 39 55 52 34 141 0 30.04 35.39 
138482 3308 33 65 52 37 153 0 28.75 49.44 
138658 4786 32 49 48 38 132 0 24.45 48.93 
138833 3484 35 64 53 38 154 0 19.31 17.07 
139006 3603 35 56 50 34 141 0 14.14 13.45 
139179 3629 46 61 59 37 158 3 14.16 16.12 
139352 3664 48 62 61 38 162 0 12.80 17.70 
139525 3731 43 59 57 37 154 2 15.16 15.79 
139698 6220 28 55 51 47 154 0 12.80 13.11 
139871 6259 28 56 52 48 157 0 9.08 8.06 
140043 4005 30 54 47 36 137 0 7.75 7.11 
140215 3667 32 58 49 36 143 0 7.75 7.09 
140387 3661 30 58 48 36 142 0 9.08 7.09 
140559 3695 30 56 47 35 137 0 18.36 6.77 
140732 3695 30 56 47 35 137 0 10.10 12.77 
140905 4653 27 50 45 37 132 0 16.46 17.37 
141078 5175 28 49 46 39 135 0 16.15 18.33 
141251 3647 50 64 63 39 167 0 20.26 15.79 
141424 3676 50 65 64 40 169 1 21.84 22.41 
141598 3660 46 62 60 38 161 0 19.62 22.41 
141772 3617 61 78 77 47 202 0 19.94 24.99 
141946 3660 66 85 84 52 223 0 18.36 22.41 
142120 3627 68 86 85 52 224 0 16.15 17.05 
142293 3595 65 82 81 49 213 0 17.08 17.70 
142466 3589 59 77 75 46 198 0 19.94 18.65 
142639 3625 58 76 74 46 197 0 41.85 42.62 
142815 3697 55 71 70 44 185 0 37.96 48.93 
142991 3595 65 82 81 49 214 0 40.94 16.12 
143166 3632 65 81 81 49 213 0 53.74 15.79 
143341 3659 63 77 78 47 204 0 52.04 48.93 
143518 3789 40 58 55 37 151 0 52.55 51.63 
143695 5957 28 53 50 45 148 0 52.55 51.61 
143872 6316 28 53 50 46 150 0 53.06 15.79 
144047 6724 27 53 50 47 150 0 35.68 52.14 
144223 6542 26 53 49 46 149 0 58.09 42.21 
144400 6616 27 55 51 48 154 0 67.30 51.27 
144578 4875 28 48 45 37 130 0 67.59 49.42 
144756 4127 28 45 42 31 119 0 59.76 54.31 
144934 4066 30 47 44 32 123 0 35.67 50.12 
145110 4403 29 47 44 34 126 0 15.83 31.30 
145284 5521 29 54 50 44 149 0 56.54 35.62 
145461 5957 28 53 50 45 149 0 58.34 35.85 
145638 7277 28 56 53 51 159 0 58.36 38.35 
145815 7850 28 59 56 55 169 0 58.36 35.39 
145992 6901 32 64 60 57 180 0 58.38 55.78 
146170 7288 30 63 59 57 180 0 58.80 37.23 
146347 7025 32 63 60 57 180 0 42.69 19.91 
146522 7264 30 62 58 56 177 0 44.68 24.70 
146697 6652 28 56 52 49 157 0 67.44 46.38 
146875 5597 28 52 49 43 145 0 67.71 65.23 
147054 5640 29 53 50 44 147 0 64.38 60.93 
147233 5998 29 54 51 46 152 0 59.91 55.91 
147411 5914 29 56 52 47 155 0 18.36 57.03 
147587 4540 34 57 53 42 152 0 18.36 57.02 
147763 3890 40 58 55 38 152 0 18.36 57.00 
147939 4000 39 58 55 39 152 11 18.36 55.91 
148115 4000 39 58 55 39 152 0 59.08 52.29 
148293 4081 38 57 54 39 150 0 58.65 51.78 
148471 4928 32 54 51 42 146 0 59.50 56.34 
8649 4544 33 54 51 40 145 0 70.64 49.93 
148827 4245 37 55 53 39 147 0 84.32 69.92 
149007 3723 49 64 63 40 169 0 84.40 69.46 
149187 3706 52 66 66 41 174 0 84.32 72.05 
149367 3753 51 65 65 41 173 0 83.95 73.80 
149547 3753 51 65 65 41 173 0 64.79 57.32 
149725 3725 50 64 64 40 170 0 74.83 55.51 
149904 5215 31 52 50 42 144 0 66.74 63.97 
150083 6752 29 59 55 52 166 0 71.37 55.64 
150262 3883 28 57 47 37 141 0 73.92 63.56 
150441 3727 28 54 45 34 133 0 74.46 66.08 
150620 3699 27 48 41 30 119 0 74.44 66.08 
150799 3796 21 36 32 23 91 0 74.46 67.34 
150978 3729 21 35 31 22 88 0 74.46 49.59 
151156 3729 21 35 31 22 88 0 74.46 65.65 
151335 3729 21 35 31 22 89 0 74.37 57.73 
151514 3729 21 35 31 22 89 0 70.29 49.40 
151692 3661 27 50 42 31 123 0 64.51 61.78 
151871 3661 30 58 48 36 142 0 60.04 17.07 
152047 4013 31 57 49 38 144 0 19.94 17.37 
152220 4633 32 55 51 41 148 0 20.89 53.47 
152396 5914 29 56 52 47 154 0 63.82 53.13 
152574 6759 27 54 51 48 154 0 111.01 16.75 
152753 4875 28 48 45 37 130 0 20.89 17.70 
152926 3801 34 50 47 32 130 0 20.26 18.33 
153099 3744 39 54 52 34 141 0 20.59 19.60 
153273 3744 39 54 52 34 140 0 20.57 17.07 
153446 3744 39 54 52 34 141 0 21.84 17.07 
153619 3809 36 53 50 34 138 0 90.63 71.59 
153800 3730 35 51 48 32 132 0 45.08 58.97 
153977 4204 32 50 47 35 132 0 45.27 48.76 
154154 4825 27 47 44 36 127 0 69.07 56.75 
154333 4551 28 46 43 34 123 0 84.47 75.39 
154514 3704 37 53 50 33 137 0 83.95 74.07 
154694 3665 42 57 55 35 148 0 18.36 16.75 
154867 3754 41 57 55 36 149 0 16.46 15.49 
155040 3665 42 57 55 35 147 0 16.46 17.37 
155213 3771 37 52 50 33 135 0 16.78 19.30 
155386 3676 50 65 64 40 170 0 13.80 10.42 
155559 3660 52 67 66 41 174 6 9.42 6.78 
155731 3710 45 61 59 38 159 0 11.10 9.06 
155903 4353 28 46 43 33 122 1 16.15 12.77 
156076 4353 28 46 43 33 123 0 28.48 16.75 
156250 3643 48 64 62 39 166 0 32.62 29.48 
156425 3605 52 76 70 46 192 0 35.44 29.46 
156600 2808 34 82 58 42 180 0 33.92 34.12 
156775 3815 30 53 46 34 134 0 28.76 26.13 
156949 3813 32 53 47 34 134 0 22.73 15.79 
157122 2826 32 81 57 42 179 0 15.16 15.79 
157295 3477 51 85 73 50 208 0 10.78 5.81 
157467 3723 49 64 63 40 168 0 8.40 5.80 
157639 5269 29 51 48 41 140 11 12.46 8.06 
157811 5742 27 52 48 43 143 0 15.84 16.12 
157984 5506 27 50 47 41 138 0 26.49 20.86 
158158 4683 32 53 50 40 143 0 20.89 23.83 
158332 3660 46 62 60 38 161 0 26.47 28.15 
158506 3407 52 90 76 52 217 0 29.78 28.97 
158681 5988 25 74 58 57 176 0 29.26 28.97 
158856 7693 39 54 63 58 176 0 23.89 27.57 
159030 6802 39 55 62 55 173 0 21.52 24.41 
159204 2864 36 85 61 44 189 2 18.99 21.18 
159378 3359 47 87 71 50 207 0 19.31 19.28 
159551 3720 47 64 62 40 168 0 19.94 20.86 
159725 3683 36 58 52 36 147 0 21.20 21.17 
159899 3136 35 73 56 40 168 4 19.62 20.86 
160073 3087 34 75 56 41 171 0 18.05 19.60 
160246 3432 36 65 54 38 157 0 18.04 19.60 
160419 3690 47 63 61 39 164 0 16.46 16.12 
160592 3676 50 65 64 40 170 0 16.78 15.49 
160765 3660 52 67 66 41 174 0 17.71 14.47 
160938 3632 51 66 65 40 171 2 23.87 18.65 
161112 3684 51 68 66 42 176 0 33.92 30.00 
161287 3452 44 69 61 40 170 0 38.88 29.48 
161462 2592 32 86 58 42 184 0 38.88 38.81 
161638 8337 41 57 68 64 189 0 35.68 34.60 
161813 7117 41 61 67 61 189 0 30.31 22.12 
161987 2752 33 83 58 42 182 2 15.83 17.37 
162160 3649 58 77 75 47 200 0 8.40 15.79 
162333 4892 35 58 55 45 159 0 9.42 8.72 
162505 4745 29 55 49 41 144 1 9.42 6.77 
162677 3590 31 59 49 36 144 0 9.42 8.72 
162849 3743 30 57 48 36 141 0 9.08 8.36 
163021 3743 30 57 48 36 140 2 9.08 8.72 
163193 3743 30 57 48 36 141 0 9.08 8.72 
163365 3661 30 58 48 36 143 0 9.08 8.38 
163537 3743 30 57 48 36 140 1 15.81 10.08 
163710 3613 30 57 47 35 139 0 13.14 11.10 
163883 3714 27 51 43 32 126 0 17.08 15.79 
164056 5696 26 51 47 42 140 0 27.05 18.63 
164230 5830 28 54 50 45 148 0 15.83 20.23 
164403 3638 56 74 72 45 192 0 17.41 20.54 
164576 3640 62 79 78 48 205 0 21.52 28.97 
164750 3531 49 68 64 40 172 0 35.19 35.39 
164925 2882 32 75 54 39 166 0 37.50 27.27 
165100 2490 32 88 58 42 186 0 29.27 29.75 
165275 2536 30 81 54 39 173 0 28.75 29.73 
165450 2709 28 73 50 37 158 0 28.75 29.22 
165625 2473 27 76 50 36 159 0 29.26 26.13 
165799 2521 27 76 50 37 159 0 34.68 35.62 
165974 2688 31 80 55 40 174 0 34.68 35.38 
166149 2365 29 86 55 40 180 0 34.66 35.62 
166324 2235 25 81 50 37 166 0 30.57 26.42 
166499 2376 28 83 53 39 173 0 29.53 28.97 
166674 2512 29 84 55 41 178 0 29.02 41.07 
166849 3048 28 63 47 34 142 0 29.02 40.68 
167024 3023 29 65 48 35 145 0 28.48 26.71 
167198 3023 29 65 48 35 146 0 23.02 21.49 
167372 2930 28 68 49 36 151 1 16.76 16.12 
167545 2564 33 90 60 44 192 0 12.12 10.42 
167717 2829 34 85 60 44 188 0 6.78 5.17 
167889 3568 39 60 54 36 150 3 5.81 4.84 
168061 3720 41 56 54 35 147 0 5.81 4.84 
168233 3665 42 57 55 35 148 0 9.76 7.41 
168405 3665 42 57 55 35 147 1 21.84 23.26 
168579 3665 42 57 55 35 147 2 22.44 24.12 
168753 3654 33 52 47 32 132 0 22.73 24.99 
168927 3560 30 53 45 32 131 0 20.57 25.26 
169101 3560 30 53 45 32 130 0 16.15 15.81 
169274 3450 30 56 46 33 135 1 13.12 16.44 
169447 3638 37 54 50 33 137 0 13.14 14.79 
169620 3698 43 58 56 36 150 0 14.48 13.11 
169793 3742 38 54 51 34 139 0 13.14 9.74 
169966 3836 32 48 45 31 125 0 13.14 14.13 
170139 4132 29 48 44 33 125 12 11.44 13.79 
170312 4273 30 48 45 34 127 0 11.44 13.79 
170485 4596 29 50 46 37 134 0 11.44 13.79 
170658 4863 29 51 47 39 137 3 13.48 16.75 
170831 4863 29 51 47 39 137 0 20.25 18.63 
171004 3780 40 55 53 35 144 0 21.84 24.12 
171178 3438 32 58 48 34 140 0 19.94 22.69 
171352 3556 32 58 49 35 141 0 19.31 16.75 
171525 3576 36 58 51 35 144 0 10.76 15.79 
171698 3883 39 55 53 36 145 0 7.75 9.40 
171870 4814 28 50 46 38 134 0 8.40 8.72 
172042 5058 27 50 46 39 135 1 7.74 8.06 
172214 5223 28 50 47 40 137 0 7.11 8.72 
172386 5269 29 51 48 41 141 0 8.74 11.42 
172558 5383 27 51 47 41 139 4 13.80 15.49 
172731 4972 29 50 47 39 136 0 17.73 19.58 
172904 3744 39 54 52 34 140 0 21.52 22.97 
173078 3467 30 59 48 35 142 0 22.44 23.83 
173252 3433 29 53 44 31 128 0 20.57 21.81 
173426 3575 31 56 47 34 136 3 16.78 15.79 
173599 3511 34 62 52 37 151 0 11.80 10.42 
173771 3780 40 55 53 35 145 0 9.08 7.09 
173943 5640 29 53 50 44 148 3 6.46 5.49 
174115 4164 29 54 47 37 139 0 6.14 4.84 
174287 3613 30 57 47 35 139 0 6.14 4.84 
174459 3613 30 57 47 35 139 17 7.11 4.52 
174631 3695 30 56 47 35 138 0 7.11 4.52 
174803 3695 30 56 47 35 139 0 7.11 4.52 
174975 3695 30 56 47 35 138 0 7.11 4.52 
175147 3695 30 56 47 35 139 0 6.46 4.52 
175319 3695 30 56 47 35 138 3 9.76 9.40 
175491 4010 28 51 44 34 130 0 12.78 12.78 
175664 5506 27 50 47 41 139 0 13.80 14.79 
175837 3770 36 52 49 33 134 0 14.14 15.13 
176010 3720 41 56 54 35 145 3 14.48 13.79 
176183 3720 41 56 54 35 144 0 14.48 14.47 
176356 3720 41 56 54 35 144 0 16.15 16.75 
176529 3720 41 56 54 35 146 0 17.41 17.05 
176702 3720 41 56 54 35 145 0 17.41 17.07 
176875 3720 41 56 54 35 145 0 17.41 17.07 
177048 3720 41 56 54 35 146 0 17.41 17.07 
177221 3720 41 56 54 35 145 0 17.41 17.05 
177394 3720 41 56 54 35 145 3 17.39 17.07 
177567 3720 41 56 54 35 145 0 17.41 17.07 
177740 3720 41 56 54 35 145 0 17.41 17.07 
177913 3720 41 56 54 35 146 0 17.41 17.07 
178086 3720 41 56 54 35 146 0 17.41 17.07 
178259 3720 41 56 54 35 146 0 17.41 17.07 
178432 3720 41 56 54 35 146 0 17.41 17.07 
178605 3720 41 56 54 35 146 0 17.41 17.07 
178778 3720 41 56 54 35 146 2 17.41 17.07 
178951 3720 41 56 54 35 145 0 17.41 17.07 
179124 3720 41 56 54 35 145 0 17.41 17.07 
179297 3720 41 56 54 35 145 0 17.41 17.07 
179470 3720 41 56 54 35 145 0 17.41 17.07 
179643 3720 41 56 54 35 145 0 17.41 17.05 
179816 3720 41 56 54 35 145 0 17.41 17.07 
179989 3720 41 56 54 35 145 0 17.41 17.05 
180162 3720 41 56 54 35 146 1 17.41 17.05 
180335 3720 41 56 54 35 146 0 17.41 17.07 
