=~=~=~=~=~=~=~=~=~=~=~= PuTTY log 2025.11.28 18:33:24 =~=~=~=~=~=~=~=~=~=~=~=
ets Jul 29 2019 12:21:46

rst:0x1 (POWERON_RESET),boot:0x13 (SPI_FAST_FLASH_BOOT)
configsip: 0, SPIWP:0xee
clk_drv:0x00,q_drv:0x00,d_drv:0x00,cs0_drv:0x00,hd_drv:0x00,wp_drv:0x00
mode:DIO, clock div:1
load:0x3fff0030,len:4980
load:0x40078000,len:16612
load:0x40080400,len:3480
entry 0x400805b4
Found sensor
Milis - ColorTemp - Lux - R - G - B - C - Pot - UsensA - UsensB

399 6657 52 54 72 60 187 8 57.68 47.40 
576 6657 52 54 72 60 187 0 57.68 46.78 
753 6657 52 54 72 60 187 2 57.68 46.78 
930 6657 52 54 72 60 187 0 57.68 46.78 
1107 6657 52 54 72 60 187 0 58.09 46.38 
1284 6657 52 54 72 60 187 0 57.68 48.55 
1461 6657 52 54 72 60 187 0 57.68 46.78 
1638 6657 52 54 72 60 187 7 57.66 46.38 
1815 6657 52 54 72 60 187 0 57.66 46.38 
1992 6657 52 54 72 60 187 0 57.68 46.39 
2169 6657 52 54 72 60 187 0 57.68 46.78 
2346 6657 52 54 72 60 187 0 57.70 46.78 
2523 6657 52 54 72 60 187 0 57.68 46.78 
2700 6657 52 54 72 60 187 0 57.68 46.78 
2877 6657 52 54 72 60 187 0 57.66 46.78 
3054 6657 52 54 72 60 187 8 57.68 47.19 
3231 6657 52 54 72 60 187 0 57.66 46.78 
3408 6657 52 54 72 60 187 0 57.68 46.78 
3585 6657 52 54 72 60 187 0 57.68 46.78 
3762 6657 52 54 72 60 187 0 57.68 46.78 
3939 6657 52 54 72 60 187 3 57.68 46.78 
4116 6657 52 54 72 60 187 0 57.68 46.78 
4293 6657 52 54 72 60 187 0 57.68 47.19 
4470 6657 52 54 72 60 187 5 58.09 46.80 
4647 6657 52 54 72 60 187 0 57.68 46.78 
4824 6657 52 54 72 60 187 0 57.68 46.78 
5001 6657 52 54 72 60 187 0 57.66 46.78 
5178 6657 52 54 72 60 187 0 57.70 46.80 
5355 6657 52 54 72 60 187 7 57.68 46.78 
5532 6657 52 54 72 60 187 0 57.68 47.19 
5709 6657 52 54 72 60 187 0 58.09 46.39 
5886 6446 52 54 72 59 186 0 57.68 46.80 
6063 6565 51 54 71 59 185 0 57.66 46.78 
6240 6446 52 54 72 59 186 5 57.68 46.80 
6417 6657 52 54 72 60 187 0 57.68 46.78 
6594 6657 52 54 72 60 187 0 57.68 46.39 
6771 6657 52 54 72 60 187 14 57.66 46.78 
6948 6657 52 54 72 60 187 0 57.68 46.80 
7125 6657 52 54 72 60 187 0 57.66 46.78 
7302 6446 52 54 72 59 186 0 57.68 46.39 
7479 6657 52 54 72 60 187 0 57.66 46.78 
7656 6657 52 54 72 60 187 4 57.66 46.39 
7833 6657 52 54 72 60 187 0 57.68 46.39 
8010 6657 52 54 72 60 187 0 57.68 46.80 
8187 6657 52 54 72 60 187 7 57.68 46.78 
8364 6657 52 54 72 60 187 0 57.66 46.78 
8541 6657 52 54 72 60 187 0 57.68 46.78 
8718 6657 52 54 72 60 187 0 57.68 46.78 
8895 6657 52 54 72 60 187 0 57.68 46.78 
9072 6657 52 54 72 60 187 7 57.66 46.39 
9249 6657 52 54 72 60 187 0 57.68 46.78 
9426 6657 52 54 72 60 187 0 57.70 46.38 
9603 6657 52 54 72 60 187 0 57.68 46.80 
9780 6657 52 54 72 60 187 0 57.68 46.78 
9957 6657 52 54 72 60 187 0 57.70 46.78 
10134 6657 52 54 72 60 187 0 57.68 46.78 
10311 6657 52 54 72 60 187 0 57.68 46.78 
10488 6657 52 54 72 60 187 6 57.68 46.80 
10665 6657 52 54 72 60 187 0 57.68 46.78 
10842 6657 52 54 72 60 187 0 57.68 46.39 
11019 6657 52 54 72 60 187 0 57.68 46.78 
11196 6657 52 54 72 60 187 0 57.68 46.78 
11373 6657 52 54 72 60 187 4 57.68 46.80 
11550 6657 52 54 72 60 187 0 57.66 46.39 
11727 6657 52 54 72 60 187 0 57.68 46.38 
11904 6657 52 54 72 60 187 2 57.68 46.39 
12081 6657 52 54 72 60 187 0 58.09 46.39 
12258 6657 52 54 72 60 187 0 57.68 46.39 
12435 6657 52 54 72 60 187 0 57.66 46.39 
12612 6657 52 54 72 60 187 0 57.66 46.38 
12789 6657 52 54 72 60 187 7 57.66 46.78 
12966 6657 52 54 72 60 187 0 57.68 46.38 
13143 6657 52 54 72 60 187 0 57.66 46.38 
13320 6657 52 54 72 60 187 0 58.07 46.39 
13497 6657 52 54 72 60 187 0 57.66 46.78 
13674 6657 52 54 72 60 187 0 57.68 46.38 
13851 6657 52 54 72 60 187 0 57.66 46.78 
14028 6657 52 54 72 60 187 0 57.68 46.38 
14205 6657 52 54 72 60 187 6 57.68 46.78 
14382 6657 52 54 72 60 187 0 57.68 46.80 
14559 6657 52 54 72 60 187 0 57.68 46.39 
14736 6657 52 54 72 60 187 0 57.68 46.38 
14913 6657 52 54 72 60 187 0 57.68 46.78 
15090 6657 52 54 72 60 187 3 57.41 42.43 
15267 6535 53 54 73 60 187 0 21.84 53.65 
15443 6535 53 54 73 60 188 0 16.46 49.61 
15618 3457 34 69 55 41 165 0 43.47 44.81 
15794 3278 50 77 67 42 187 0 43.28 44.40 
15970 3263 56 82 73 44 200 0 42.48 45.80 
16146 3263 56 82 73 44 200 0 44.88 46.19 
16323 3249 54 82 72 44 199 6 16.46 50.63 
16498 3266 49 74 65 40 180 0 22.44 52.14 
16674 3352 31 67 52 39 158 4 22.73 52.63 
16850 6313 48 51 66 54 171 0 55.10 48.93 
17027 6546 50 53 70 58 182 0 18.68 52.31 
17202 6356 49 53 68 56 177 0 46.65 48.38 
17379 3211 32 71 54 40 164 0 42.50 44.81 
17555 3292 51 77 68 42 187 4 42.30 43.81 
17731 3264 52 78 69 42 191 0 43.67 45.81 
17907 3221 48 75 65 40 181 2 16.15 43.83 
18082 3238 55 81 72 43 197 0 15.50 17.07 
18255 3289 55 81 72 44 199 5 16.15 16.13 
18428 3394 41 65 57 37 160 0 16.46 16.75 
18601 3511 32 57 48 34 138 0 15.83 16.12 
18774 3576 36 58 51 35 144 3 15.83 15.79 
18947 3265 51 76 67 41 184 0 15.83 15.81 
19120 3292 51 77 68 42 187 0 15.83 17.70 
19293 3222 50 77 67 41 186 0 15.83 17.70 
19466 3287 43 66 58 36 161 0 15.83 17.70 
19639 3342 42 63 56 35 156 6 16.46 17.70 
19812 3381 41 62 55 35 152 0 55.73 18.65 
19988 3575 31 56 47 34 136 0 56.83 18.65 
20164 3373 29 57 46 33 136 0 56.00 18.65 
20340 3367 24 53 41 31 125 6 56.00 18.65 
20516 3367 24 53 41 31 125 0 56.42 18.65 
20692 3367 24 53 41 31 125 0 55.73 15.79 
20867 3304 26 54 42 31 126 0 16.46 12.78 
21040 3438 32 58 48 34 139 5 47.85 9.74 
21215 3289 55 81 72 44 197 0 49.16 15.79 
21390 3223 52 79 69 42 192 5 47.45 11.08 
21565 3250 49 76 66 41 183 0 10.10 9.74 
21737 3250 49 76 66 41 183 0 7.75 40.65 
21911 3539 42 64 58 38 160 0 6.78 40.85 
22085 4036 42 65 61 44 170 0 42.08 10.42 
22259 4002 42 64 60 43 166 0 46.87 13.11 
22434 3972 44 69 64 46 179 0 17.73 18.00 
22607 3678 45 71 64 44 179 4 18.68 17.07 
22780 3298 46 71 62 39 173 0 17.08 16.12 
22953 3283 29 66 50 38 152 0 15.83 17.07 
23126 3138 30 70 52 39 160 0 16.78 50.29 
23301 3117 30 67 50 37 153 0 16.15 50.80 
23476 3117 30 67 50 37 151 0 17.08 50.80 
23651 3117 30 67 50 37 151 0 20.89 53.97 
23827 3138 30 70 52 39 161 0 59.77 42.62 
24004 3730 30 54 46 34 134 0 61.17 37.23 
24181 4378 32 45 45 33 123 0 73.22 24.41 
24358 4243 31 45 44 32 122 4 73.22 22.98 
24535 4243 31 45 44 32 122 0 58.94 22.98 
24711 4378 32 45 45 33 123 0 19.31 19.91 
24884 3627 30 60 49 37 146 0 14.82 16.12 
25057 3258 36 71 56 40 166 5 7.11 9.74 
25229 3319 52 78 69 43 191 0 2.94 36.75 
25402 4006 48 76 70 51 197 0 5.51 35.63 
25576 3675 32 83 62 52 197 0 9.42 16.12 
25749 3612 21 72 49 45 165 0 16.15 16.12 
25922 3625 22 72 50 45 165 0 15.83 16.44 
26095 3737 21 71 49 45 165 0 22.15 24.70 
26269 3976 51 92 80 61 232 0 45.87 46.19 
26446 3924 56 88 81 58 228 0 49.01 48.94 
26623 3098 59 91 78 46 215 0 48.99 47.97 
26800 3537 57 89 79 53 221 0 48.25 48.93 
26977 3487 51 88 75 52 215 0 49.35 48.77 
27154 3090 37 87 64 48 198 0 49.50 48.93 
27331 3024 35 86 62 47 193 0 48.84 47.58 
27508 2972 33 83 59 45 187 3 47.04 48.93 
27685 3344 48 100 78 58 236 0 42.69 44.00 
27861 3459 52 81 72 47 201 0 40.48 39.73 
28037 3400 49 74 66 42 184 0 40.92 36.77 
28213 4060 51 81 75 55 211 0 40.48 37.67 
28389 3951 45 74 67 49 191 0 40.46 36.07 
28565 3801 29 72 55 46 172 0 40.46 35.63 
28741 3801 29 72 55 46 173 0 37.26 35.39 
28916 3855 28 73 55 47 173 0 33.64 33.61 
29091 3855 28 73 55 47 175 3 33.64 33.35 
29266 3855 28 73 55 47 174 0 33.64 33.34 
29441 3802 28 72 54 46 172 2 33.64 33.59 
29616 3802 28 72 54 46 173 0 33.39 31.02 
29791 3855 28 73 55 47 173 1 34.68 22.41 
29966 3855 28 73 55 47 174 0 34.15 21.79 
30140 4739 30 53 49 40 143 0 19.62 20.54 
30314 5889 35 51 54 46 147 0 16.78 27.57 
30488 6156 36 51 56 48 156 0 16.46 26.42 
30662 7258 40 56 64 58 178 0 16.13 16.12 
30835 5863 39 58 61 52 171 0 16.15 15.81 
31008 2906 31 74 53 39 164 2 16.46 16.12 
31181 3004 44 99 73 53 224 0 20.89 21.18 
31355 2811 36 86 61 44 189 0 16.13 21.18 
31528 2684 30 81 55 41 175 0 16.13 23.27 
31701 2712 32 83 57 42 181 0 17.73 31.81 
31875 5411 37 63 61 52 176 0 32.37 35.41 
32050 4864 32 64 56 48 167 0 23.60 34.39 
32225 3473 28 82 58 50 189 0 35.44 35.63 
32400 3490 26 80 56 49 184 0 36.82 35.62 
32575 3713 30 84 61 53 196 0 35.68 28.70 
32750 4163 30 87 64 58 205 0 35.68 35.62 
32925 4163 30 87 64 58 205 0 35.68 35.63 
33100 4163 30 87 64 58 205 0 36.82 35.63 
33275 4163 30 87 64 58 206 0 36.14 24.12 
33450 3913 30 88 64 57 205 0 36.58 19.91 
33624 3671 28 86 61 54 200 0 38.18 16.75 
33798 6020 35 59 59 52 170 0 16.47 15.49 
33971 6779 39 54 61 54 169 0 13.48 24.12 
34144 5889 36 55 57 49 162 5 24.23 23.85 
34318 2615 33 89 60 44 192 0 23.89 23.56 
34492 2451 34 95 62 45 200 0 24.74 24.43 
34666 2416 31 92 59 44 194 0 16.76 28.15 
34840 3789 32 69 55 44 167 0 16.78 29.50 
35014 9067 43 56 70 67 194 0 16.46 30.51 
35188 9409 42 58 71 69 199 0 18.05 30.77 
35362 9508 43 58 72 70 200 2 19.31 20.23 
35535 8330 41 56 67 63 186 0 19.31 20.23 
35708 6682 35 53 57 51 162 0 19.64 20.23 
35881 6682 35 53 57 51 162 0 18.04 20.23 
36054 6682 35 53 57 51 162 0 15.16 15.81 
36227 8337 41 57 68 64 190 0 23.58 24.12 
36401 8248 42 60 70 66 197 0 15.50 15.79 
36574 2545 34 93 62 45 199 0 17.08 20.55 
36747 3198 32 79 58 45 181 0 35.46 35.63 
36922 8120 40 58 67 63 188 0 41.21 42.21 
37098 3720 33 84 63 53 199 0 48.84 44.42 
37275 3754 71 106 98 67 273 0 51.53 46.00 
37452 2957 59 94 78 45 218 0 56.01 43.42 
37629 2716 32 89 60 46 194 4 62.13 38.59 
37806 5927 52 68 77 64 208 0 58.67 45.80 
37983 5527 53 69 77 62 208 0 72.35 35.63 
38161 3232 44 72 61 39 172 0 72.96 37.45 
38339 3865 43 52 54 34 140 3 63.10 43.03 
38516 4090 32 45 44 31 121 0 72.86 36.75 
38694 4090 32 45 44 31 121 0 72.33 61.91 
38873 3898 43 53 55 35 144 0 55.85 58.56 
39051 3841 54 60 65 39 165 0 55.73 49.93 
39228 3757 45 57 57 36 151 0 69.04 48.93 
39406 3600 40 58 54 35 148 0 65.87 36.31 
39583 2754 35 81 58 40 178 0 63.10 36.29 
39760 2610 38 89 62 42 192 0 62.95 38.83 
39937 2617 36 88 61 42 191 0 58.09 42.42 
40114 2704 35 82 58 40 179 4 70.82 35.85 
40291 3758 62 65 72 41 180 0 70.82 37.21 
40469 3781 64 66 74 42 183 0 71.18 36.07 
40646 3781 66 66 75 42 185 3 60.88 36.55 
40823 3766 67 68 77 43 190 0 61.73 36.07 
41000 3824 67 68 77 44 191 0 70.55 36.07 
41177 3787 68 69 78 44 192 0 69.14 36.07 
41354 3827 71 71 81 46 199 0 63.10 59.42 
41532 3265 43 71 60 39 170 0 60.74 49.10 
41710 2724 36 85 60 42 186 0 60.47 46.99 
41887 7534 78 72 107 92 273 0 60.45 47.77 
42065 8111 88 75 120 105 301 3 57.10 49.44 
42242 8106 87 74 119 104 299 0 55.86 49.45 
42419 8162 89 75 121 106 302 0 54.91 48.93 
42596 8049 91 77 124 108 310 0 54.06 47.99 
42773 5625 49 67 73 60 200 0 53.38 49.27 
42950 3470 31 70 54 42 165 0 51.88 53.97 
43127 2922 27 77 53 42 170 0 19.94 52.97 
43302 2941 29 79 55 43 175 0 19.94 52.97 
43477 2197 27 102 61 49 210 0 19.94 52.63 
43652 2197 27 102 61 49 209 0 17.71 50.61 
43827 2137 25 102 60 49 209 0 16.76 49.11 
44002 2392 29 107 66 54 224 0 16.78 49.42 
44177 2314 28 105 64 52 219 0 18.04 48.93 
44352 2314 28 105 64 52 220 0 52.89 53.16 
44529 2491 33 107 68 54 227 0 52.70 48.94 
44706 3267 31 76 56 44 175 0 52.70 48.93 
44883 3441 31 72 55 43 170 3 51.36 51.80 
45060 2880 31 90 61 49 198 0 51.36 52.80 
45237 2353 29 106 65 53 221 0 51.37 51.97 
45414 2477 28 107 66 56 227 0 52.21 43.62 
45591 2405 28 104 64 53 218 0 55.71 56.05 
45769 3571 34 72 57 44 173 0 62.25 60.50 
45947 6622 80 80 109 90 282 0 58.07 62.32 
46125 6915 86 86 119 100 308 0 59.35 44.20 
46302 6896 89 87 122 102 313 0 59.77 66.62 
46481 6896 89 87 122 102 314 0 55.86 48.94 
46658 6896 89 87 122 102 314 0 56.56 39.73 
46835 7366 103 95 141 120 359 0 58.80 43.21 
47012 7360 103 94 140 119 355 0 56.00 42.82 
47189 4838 59 86 87 68 242 0 55.85 54.86 
47367 1928 36 119 69 46 232 3 55.73 61.25 
47545 2498 33 81 55 37 172 0 55.73 60.79 
47723 2633 32 74 52 35 162 0 55.71 61.23 
47901 2675 34 74 53 35 162 2 55.73 60.79 
48079 2675 34 74 53 35 162 2 55.73 62.03 
48257 2675 34 74 53 35 162 0 52.55 51.29 
48434 2672 32 75 53 36 162 3 51.87 51.14 
48611 2007 35 111 66 44 220 0 49.84 50.97 
48788 5254 60 79 86 68 235 0 48.04 49.10 
48965 6463 81 83 111 91 287 0 48.04 49.10 
49142 7447 110 100 150 128 380 0 48.04 49.11 
49319 7404 109 100 149 127 379 16 49.33 49.10 
49496 7404 109 100 149 127 378 0 50.86 42.60 
49673 7398 109 99 148 126 376 0 52.22 49.44 
49850 7009 100 95 136 114 345 0 51.37 42.24 
50027 7135 99 95 136 115 347 0 50.35 49.61 
50204 7189 101 96 138 117 352 0 47.45 49.61 
50381 7398 109 99 148 126 377 0 20.25 18.33 
50554 7392 108 98 147 125 372 0 16.76 52.89 
50729 6620 76 78 105 87 272 0 16.15 52.99 
50904 2624 26 83 54 43 177 0 16.15 53.65 
51079 2042 25 104 60 49 210 0 55.73 44.81 
51256 2792 29 89 59 48 194 0 57.54 44.01 
51433 6986 101 98 138 116 354 0 57.68 44.40 
51610 7059 110 103 149 125 379 0 57.68 44.40 
51787 7116 112 105 152 128 389 1 56.68 49.27 
51964 7123 112 106 153 129 391 0 50.85 53.16 
52141 7088 112 107 153 129 392 0 46.85 46.99 
52318 2459 28 97 61 49 205 0 41.40 43.04 
52494 2638 116 169 138 63 374 0 42.48 45.19 
52670 3877 117 170 161 111 447 3 47.46 49.42 
52847 3384 105 153 138 86 381 0 16.46 52.99 
53022 2676 95 141 115 55 314 0 17.08 55.01 
53197 2124 24 101 59 49 206 0 16.15 54.84 
53372 2093 23 98 57 47 199 0 17.08 53.50 
53547 2131 22 96 56 47 196 0 48.25 48.94 
53724 1958 24 110 62 52 221 0 43.08 45.00 
53900 2644 50 105 76 48 229 0 42.69 44.01 
54076 2632 118 172 140 64 381 0 45.07 46.39 
54253 3941 92 131 126 87 347 0 48.62 49.61 
54430 2736 100 146 121 59 329 0 49.50 49.42 
54607 2790 67 104 85 45 237 0 16.46 48.94 
54782 2869 28 75 52 40 164 0 16.46 48.94 
54957 3067 29 80 56 45 178 0 16.46 49.78 
55132 3156 28 80 56 46 179 0 15.83 51.29 
55307 2963 29 77 54 42 171 0 15.52 17.07 
55480 2995 27 71 50 39 159 0 16.13 17.07 
55653 3005 27 77 53 43 171 0 16.13 17.05 
55826 3056 27 78 54 44 173 0 16.15 17.07 
55999 3016 26 78 53 44 173 0 16.15 17.07 
56172 2929 26 78 53 43 173 6 16.15 17.07 
56345 2929 26 78 53 43 173 0 17.41 18.97 
56518 2635 27 88 57 46 189 0 45.07 19.28 
56693 4387 41 76 67 54 197 0 45.65 19.60 
56868 6887 93 89 126 105 321 0 45.68 19.60 
57043 7095 94 92 130 110 333 0 46.07 19.60 
57218 7095 94 92 130 110 333 0 44.27 18.34 
57393 7013 96 92 131 110 334 0 16.78 17.70 
57566 4556 46 82 74 60 215 0 15.83 1.97 
57738 2475 28 101 63 52 214 0 15.83 1.97 
57910 2281 27 95 58 46 195 0 17.41 16.42 
58083 2189 26 95 57 45 195 0 45.66 18.34 
58258 2905 29 89 60 49 196 2 46.85 19.60 
58433 6397 71 79 100 83 263 0 47.04 19.91 
58608 7045 93 92 129 109 330 3 47.06 19.91 
58783 6905 94 91 128 107 326 0 46.07 47.19 
58960 6540 80 83 110 91 285 0 43.28 16.12 
59135 3839 36 73 60 47 180 0 43.47 15.49 
59310 2187 26 101 60 49 207 0 50.17 47.97 
59487 2474 28 95 60 48 200 0 16.15 13.11 
59660 2675 54 103 77 46 227 0 16.15 13.11 
59833 2768 81 117 98 48 266 0 16.15 13.11 
60006 2768 81 117 98 48 266 0 51.03 16.44 
60181 2731 80 117 97 47 265 0 41.62 16.12 
60356 2437 36 99 65 46 208 0 41.38 16.12 
60531 2596 28 86 56 44 184 0 40.48 14.47 
60705 3009 29 73 52 40 164 0 37.50 40.87 
60881 2623 28 89 58 46 191 0 35.68 9.74 
61055 2600 113 170 136 63 373 0 35.44 8.06 
61229 2565 144 208 168 72 455 0 35.68 9.40 
61403 2577 144 206 167 72 451 0 10.10 11.10 
61575 2572 140 203 164 71 444 4 6.78 10.08 
61747 2561 137 197 159 68 430 0 8.06 10.08 
61919 2584 136 196 159 69 430 0 8.38 46.00 
62093 2566 133 194 156 68 424 3 4.54 40.41 
62267 2567 137 200 161 70 437 0 5.81 37.45 
62441 3764 133 191 180 121 497 0 11.78 38.59 
62615 4024 105 160 150 108 423 0 15.16 16.76 
62788 3970 53 92 81 61 236 0 16.46 18.33 
62961 4025 64 104 95 70 272 4 16.76 18.33 
63134 3755 37 104 76 66 246 0 14.82 17.39 
63307 5334 27 112 77 79 265 0 16.15 24.70 
63481 12183 69 88 118 121 329 0 18.99 24.41 
63655 2305 33 106 66 50 219 0 25.31 27.32 
63829 1982 32 119 69 51 234 0 25.31 27.85 
64003 5748 42 78 73 65 216 0 26.18 27.86 
64177 11330 63 81 107 108 298 1 26.74 28.97 
64351 11330 63 81 107 108 298 0 31.33 33.10 
64526 12261 66 84 113 116 314 0 36.60 37.89 
64702 10007 52 89 97 98 284 0 36.36 36.77 
64877 2923 16 114 66 69 246 0 38.88 37.23 
65053 3566 28 95 65 59 218 0 42.89 35.41 
65229 4072 142 206 198 141 552 4 42.69 43.23 
65405 4099 145 209 202 144 561 0 39.78 36.29 
65581 4088 148 214 206 147 572 0 35.21 33.34 
65756 3864 65 144 114 93 352 0 28.75 27.57 
65930 5653 37 88 74 69 231 3 21.84 16.12 
66103 5546 53 107 96 86 288 0 18.36 15.79 
66276 3006 71 128 102 65 296 0 19.30 16.44 
66449 3609 153 168 178 100 452 0 23.00 18.33 
66623 2248 36 109 68 49 225 0 26.74 24.43 
66797 4094 41 99 77 66 242 4 29.27 29.50 
66972 10556 79 101 132 131 365 0 29.02 29.50 
67147 11831 73 91 124 126 343 4 29.02 29.99 
67322 11923 73 89 123 125 339 0 29.02 29.48 
67497 11923 73 89 123 125 339 3 27.88 28.97 
67672 11466 76 93 127 128 349 0 26.18 27.86 
67846 10705 84 104 139 138 383 0 20.59 24.12 
68020 6194 52 100 94 86 281 0 18.04 20.55 
68193 1951 32 120 69 51 238 0 16.78 19.91 
68366 3614 97 112 116 67 299 0 18.36 22.69 
68540 3668 95 105 112 64 285 0 21.22 25.57 
68714 2543 47 114 78 53 244 3 24.45 25.57 
68888 2497 30 99 63 50 211 0 26.45 24.70 
69062 8785 63 83 102 97 284 0 30.04 27.85 
69237 10714 78 96 129 128 355 0 22.15 24.41 
69411 10274 76 95 125 123 344 0 24.45 25.57 
69585 7192 50 68 79 71 218 0 24.45 25.57 
69759 5607 34 71 63 57 191 0 25.02 24.99 
69933 5117 32 73 61 55 190 0 20.57 21.49 
70107 6603 39 73 70 65 210 0 15.50 16.75 
70280 9458 70 88 113 109 311 0 23.60 11.78 
70453 4102 44 100 80 67 247 0 21.84 19.28 
70627 2720 56 124 89 60 273 0 21.52 20.88 
70801 3536 125 148 150 86 389 0 23.02 22.42 
70975 1688 26 122 64 48 231 0 23.02 22.42 
71149 1623 23 128 64 49 237 5 23.60 22.71 
71323 1629 24 129 65 50 239 0 23.60 24.99 
71497 1721 27 124 66 50 236 0 24.45 24.14 
71671 3241 33 80 59 46 186 0 24.46 24.14 
71845 3200 34 81 60 46 187 0 23.60 24.12 
72019 3264 35 80 60 46 187 5 23.58 24.99 
72193 3200 34 81 60 46 187 0 21.84 25.26 
72367 1800 29 124 68 51 239 0 20.26 59.38 
72543 1624 24 132 66 50 244 0 69.67 35.36 
72720 1629 25 131 66 50 244 0 19.94 32.57 
72894 1684 26 128 67 52 241 0 64.09 58.70 
73072 1646 26 131 67 50 244 0 62.95 58.02 
73250 1883 28 110 62 46 215 0 62.97 58.45 
73428 3474 76 101 96 58 256 0 62.97 58.02 
73606 3492 80 104 100 60 266 0 62.97 35.39 
73783 3498 81 104 101 60 266 2 62.85 34.14 
73960 3229 47 79 66 43 188 0 62.56 33.59 
74137 2653 26 67 46 33 146 0 62.56 33.08 
74314 2946 29 65 48 34 146 0 63.26 49.59 
74492 3245 50 81 69 44 194 0 16.15 65.25 
74668 3562 147 169 174 99 447 0 15.83 15.79 
74841 3628 129 148 154 89 396 0 15.50 15.79 
75014 3631 171 185 198 111 501 0 15.50 15.79 
75187 3666 170 184 198 112 501 0 15.50 15.79 
75360 3666 170 184 198 112 501 0 15.50 15.81 
75533 3666 170 184 198 112 501 2 15.50 15.79 
75706 3666 170 184 198 112 501 0 15.50 15.81 
75879 3666 170 184 198 112 501 4 15.50 16.12 
76052 3623 166 179 192 107 484 0 16.13 16.12 
76225 3654 118 135 141 82 362 0 59.35 55.91 
76403 7989 38 79 75 74 228 0 59.89 55.52 
76581 9815 38 86 81 84 250 0 59.48 55.18 
76759 9154 38 87 81 83 251 1 59.48 55.15 
76937 8667 38 85 79 80 244 0 59.47 55.51 
77115 8678 40 89 83 84 255 1 57.82 54.35 
77293 9545 38 90 83 86 258 0 57.39 22.12 
77469 12416 32 78 74 80 233 0 56.29 35.85 
77646 14366 32 80 76 84 240 0 56.29 36.29 
77823 14366 32 80 76 84 240 0 56.29 35.85 
78000 14366 32 80 76 84 240 0 61.15 36.75 
78177 14366 32 80 76 84 240 0 9.40 16.12 
78350 14201 32 81 76 84 241 0 14.48 15.81 
78523 5473 50 84 82 70 238 0 11.44 15.79 
78696 3566 162 178 188 104 476 0 11.44 15.79 
78869 3568 164 178 189 104 478 0 11.44 16.12 
79042 3568 164 178 189 104 477 0 9.42 13.45 
79215 3579 161 177 187 104 474 5 11.44 8.06 
79387 4140 69 96 95 67 261 0 9.76 7.41 
79559 13094 32 81 76 83 241 0 7.74 5.81 
79731 11312 31 78 72 77 227 5 8.38 5.81 
79903 3675 47 115 87 72 273 0 17.41 5.81 
80076 3117 61 178 123 102 403 0 23.89 5.80 
80249 3139 59 172 119 99 390 0 26.74 5.80 
80422 3139 59 172 119 99 389 0 24.74 5.81 
80595 3139 59 172 119 99 389 0 25.60 28.97 
80769 3095 60 172 119 98 388 0 10.78 16.12 
80942 3221 52 135 97 78 309 0 17.08 15.81 
81115 5066 37 92 74 68 234 0 23.02 42.42 
81290 10463 26 62 58 61 181 0 29.27 26.13 
81464 3657 99 115 119 70 306 1 35.68 30.77 
81639 3493 73 100 94 58 252 0 42.28 39.03 
81815 2319 30 94 59 44 195 0 54.57 42.82 
81992 8209 40 55 65 61 180 0 49.52 48.38 
82169 5060 36 59 57 47 167 0 50.18 51.12 
82346 3926 30 58 49 38 144 2 50.20 51.12 
82523 4216 30 58 50 40 146 0 50.69 49.10 
82700 4125 30 59 50 40 146 0 55.71 43.03 
82877 3853 29 62 50 40 151 0 41.21 39.03 
83053 3952 41 68 61 45 174 0 42.28 42.24 
83229 4072 47 75 69 51 196 3 41.84 41.33 
83405 4041 46 74 68 50 194 0 41.84 41.33 
83581 3976 47 75 69 50 195 0 41.84 40.41 
83757 4006 48 76 70 51 197 0 38.40 38.57 
83933 4066 49 78 72 53 203 0 35.90 35.14 
84108 3913 36 61 54 40 156 0 35.90 35.63 
84283 3869 28 65 51 42 157 0 35.68 34.90 
84458 3776 28 66 51 42 158 0 35.21 34.61 
84633 3699 27 59 47 37 143 0 33.13 33.34 
84808 3699 27 59 47 37 143 0 30.04 30.51 
84983 3596 28 79 57 49 184 0 18.99 28.97 
85157 4390 32 67 56 47 168 0 25.89 30.50 
85331 6847 40 57 64 57 178 0 21.84 23.27 
85505 5923 40 60 63 54 176 0 21.22 22.68 
85679 3397 37 72 58 42 171 16 21.52 24.43 
85853 3473 39 71 59 42 171 0 22.15 24.41 
86027 3373 29 57 46 33 136 4 16.76 25.28 
86201 3569 40 71 60 43 174 0 17.41 19.28 
86374 4722 34 52 51 40 143 0 17.73 19.60 
86547 6256 37 50 56 48 154 0 16.78 17.39 
86720 6285 37 51 57 49 158 0 16.76 17.37 
86893 6118 37 54 58 50 162 5 16.15 16.42 
87066 5091 37 55 56 45 156 0 16.13 16.44 
87239 4842 35 55 54 43 152 0 15.50 22.69 
87412 3790 33 58 50 37 144 0 22.73 21.81 
87586 3440 41 75 62 44 181 0 22.73 21.81 
87760 3099 38 84 63 46 192 5 16.46 22.68 
87933 3001 39 88 65 47 199 0 18.68 28.15 
88107 3099 38 84 63 46 193 0 32.88 32.32 
88282 6825 40 56 63 56 174 0 32.88 32.04 
88457 3763 27 63 49 40 150 0 30.82 31.30 
88632 3661 28 61 48 38 146 0 29.53 31.81 
88807 3655 27 72 53 45 169 0 19.31 28.71 
88981 5344 38 60 60 50 169 0 18.99 29.22 
89155 6751 40 58 64 57 179 0 30.55 33.34 
89330 6216 37 53 58 50 162 0 32.37 38.83 
89505 5278 33 57 54 46 157 0 32.88 37.45 
89680 3694 27 81 58 51 190 0 32.62 39.05 
89855 3655 28 83 59 52 192 0 37.50 41.99 
90031 3663 29 83 60 52 194 0 20.89 17.08 
90204 3564 27 84 59 52 194 0 38.18 18.97 
90379 5177 32 58 54 46 158 7 32.62 35.85 
90554 5519 34 56 55 47 158 0 35.68 36.53 
90729 3612 25 77 54 48 179 0 38.18 38.15 
90905 4033 46 82 72 55 209 0 42.06 41.99 
91081 4089 65 104 96 71 272 0 45.46 35.85 
91257 4070 59 91 85 62 239 0 45.46 56.61 
91434 4077 41 63 59 43 166 0 46.26 42.43 
91610 4059 45 66 63 45 174 0 54.06 46.19 
91787 4056 51 78 73 53 204 0 53.57 51.31 
91964 4098 60 95 88 65 249 0 54.06 49.44 
92141 4122 61 96 89 66 252 0 54.06 49.11 
92318 4112 62 96 90 66 253 0 54.89 46.39 
92495 4104 58 92 85 63 241 0 45.65 48.94 
92672 4070 43 66 62 45 173 0 46.05 48.93 
92849 4272 37 61 56 43 163 0 46.05 48.93 
93026 4177 38 62 57 43 164 2 45.05 43.21 
93202 4177 38 62 57 43 164 0 42.28 37.45 
93378 4062 48 75 70 51 197 0 37.04 35.63 
93553 3990 48 92 78 61 231 0 30.31 16.12 
93727 5735 33 63 58 52 173 0 25.60 23.27 
93901 6351 40 66 67 60 192 0 16.15 15.49 
94074 3124 31 69 52 38 159 2 16.13 16.12 
94247 4633 32 55 51 41 147 0 16.15 16.42 
94420 9494 44 60 74 72 206 0 16.46 16.44 
94593 9680 46 60 76 74 211 0 16.46 16.44 
94766 9680 46 60 76 74 211 0 15.83 15.79 
94939 9671 46 61 77 75 213 0 24.74 27.00 
95113 9662 47 62 78 76 217 0 25.60 27.28 
95287 3155 32 78 57 44 178 0 25.60 27.28 
95461 2233 31 97 60 44 200 0 14.14 15.81 
95634 2181 29 97 59 44 198 0 15.16 16.76 
95807 5852 37 66 63 56 185 0 13.48 16.75 
95980 10814 49 64 83 83 231 0 16.46 16.12 
96153 10337 50 64 83 82 230 0 29.78 16.12 
96327 10837 48 63 82 82 228 0 28.76 16.75 
96501 8343 42 58 69 65 192 0 28.76 16.75 
96675 7970 43 58 69 64 191 6 28.76 16.75 
96849 7970 43 58 69 64 191 0 17.71 15.81 
97022 7970 43 58 69 64 191 0 22.73 11.10 
97195 8962 43 59 72 69 200 0 16.15 6.77 
97368 3193 33 84 61 48 191 0 9.08 7.74 
97540 3548 84 104 103 61 269 0 5.51 5.49 
97712 6798 34 63 61 57 181 0 4.22 5.49 
97884 3519 34 90 66 55 210 0 3.25 5.49 
98056 3235 34 99 69 58 225 0 3.25 5.49 
98228 3235 34 99 69 58 225 0 3.25 5.49 
98400 3235 34 99 69 58 225 0 3.25 5.49 
98572 3235 34 99 69 58 225 0 7.11 5.80 
98744 3235 34 99 69 58 225 0 9.76 5.49 
98916 3330 35 93 67 55 214 0 89.86 7.09 
99093 5041 28 53 48 41 142 2 16.13 11.42 
99266 8393 26 56 53 53 163 0 6.46 11.10 
99438 9075 27 59 56 57 173 0 4.86 11.08 
99610 9075 27 59 56 57 173 0 3.57 11.08 
99782 9075 27 59 56 57 173 0 4.54 16.44 
99954 9075 27 59 56 57 173 0 4.86 12.78 
100126 9075 27 59 56 57 173 3 51.19 11.10 
100301 9075 27 59 56 57 173 0 29.26 44.61 
100476 9836 26 59 56 58 173 2 28.75 3.89 
100649 8411 27 58 55 55 168 0 29.26 2.92 
100822 4402 30 50 46 36 132 0 29.26 2.92 
100995 3997 29 51 45 34 130 0 29.26 2.92 
101168 3916 29 55 47 36 130 0 46.44 6.12 
101342 3449 35 88 65 53 205 6 6.46 50.63 
101517 3313 34 90 65 53 207 0 6.78 49.27 
101691 3346 36 96 69 57 221 0 7.74 49.08 
101865 3343 35 99 70 59 226 0 8.06 49.42 
102040 3258 35 99 70 58 226 0 8.06 49.45 
102215 3258 35 99 70 58 226 0 51.02 50.44 
102392 3428 32 80 59 48 187 0 16.13 54.86 
102567 7592 26 55 51 50 156 0 15.83 58.14 
102743 7193 26 53 50 48 152 0 16.78 36.77 
102917 7250 27 55 52 50 158 0 19.62 17.39 
103090 7213 29 60 56 54 170 0 21.84 23.27 
103264 5155 28 52 48 41 140 0 59.21 23.85 
103440 4291 32 49 47 35 131 0 29.02 29.75 
103615 3707 39 53 51 33 137 0 29.02 25.57 
103789 3685 40 55 53 34 143 0 42.48 55.79 
103966 3681 39 55 52 34 141 0 63.67 51.99 
104144 3754 41 57 55 36 148 2 62.56 50.95 
104322 3816 40 56 54 36 146 0 20.59 21.81 
104496 3660 46 62 60 38 161 2 25.02 49.10 
104672 3676 50 65 64 40 169 0 23.02 62.87 
104848 3647 50 64 63 39 167 0 25.60 59.94 
105024 3647 50 64 63 39 168 0 49.16 45.00 
105201 3599 49 65 63 39 168 0 51.70 49.27 
105378 3619 49 63 62 38 164 2 50.18 48.77 
105555 3716 33 48 45 30 124 0 50.17 48.77 
105732 3634 31 49 44 30 123 0 50.18 48.37 
105909 3634 31 49 44 30 123 0 48.64 61.35 
106087 3634 31 49 44 30 123 0 18.36 20.23 
106260 3720 41 56 54 35 145 0 13.80 15.81 
106433 3640 52 69 67 42 179 0 7.11 15.79 
106606 4369 41 62 60 45 168 0 16.15 55.78 
106781 9072 28 60 57 58 175 0 14.16 16.44 
106954 9083 26 57 54 55 166 0 17.08 18.97 
107127 6580 26 54 50 47 151 0 17.41 17.70 
107300 4309 36 56 53 40 149 0 54.91 19.28 
107476 3824 41 59 56 38 152 0 55.86 18.65 
107652 3888 33 52 48 34 134 0 55.86 18.65 
107828 4163 32 52 48 36 135 0 55.86 18.65 
108004 4049 35 53 50 36 138 0 55.88 18.67 
108180 4049 35 53 50 36 138 0 55.86 18.65 
108356 4049 35 53 50 36 138 0 55.86 18.65 
108532 4049 35 53 50 36 138 4 55.86 18.65 
108708 4049 35 53 50 36 138 0 53.38 18.00 
108883 4049 35 53 50 36 139 0 16.46 12.78 
109056 4739 30 53 49 40 143 0 46.46 5.81 
109230 7277 28 56 53 51 160 0 39.10 18.00 
109405 8907 27 60 56 57 173 0 2.92 33.86 
109578 9053 31 66 63 64 194 0 3.26 30.00 
109751 3951 39 98 75 64 238 0 3.57 21.17 
109924 3208 55 155 109 90 354 0 8.38 9.06 
110096 3421 59 136 103 81 319 0 11.44 9.08 
110268 3150 61 152 110 86 345 0 16.13 9.06 
110441 3152 60 147 107 83 334 0 16.15 22.41 
110614 3189 58 139 102 79 318 0 19.31 27.00 
110788 3248 59 158 113 92 362 0 15.50 16.75 
110961 5244 35 83 69 63 215 0 33.39 16.44 
111135 10337 28 66 62 65 193 0 43.49 19.28 
111310 3594 116 130 136 77 346 0 30.55 42.23 
111485 3610 89 110 110 66 288 0 37.28 32.06 
111660 2391 30 89 57 42 186 0 42.50 49.61 
111837 4164 34 69 58 47 172 0 54.91 55.78 
112015 7812 40 54 64 59 177 0 56.00 49.10 
112192 5190 34 57 55 46 157 0 57.68 48.57 
112369 3723 27 65 50 41 156 0 55.59 42.62 
112546 3803 28 61 49 39 148 0 56.03 49.08 
112723 3855 28 73 55 47 174 0 56.29 46.39 
112900 4638 31 52 49 39 140 0 56.56 45.39 
113077 4005 28 62 50 41 152 0 58.94 50.61 
113255 3713 28 62 49 39 149 0 63.94 46.78 
113433 3980 35 57 52 38 147 0 62.70 49.10 
113611 3939 35 56 51 37 145 0 62.13 49.08 
113789 3888 33 52 48 34 134 0 65.33 55.91 
113967 3978 38 60 55 40 155 0 65.21 50.27 
114145 3910 40 64 58 42 164 0 65.60 58.82 
114323 3982 33 54 49 36 139 0 65.08 50.95 
114501 3934 29 58 48 38 144 0 64.23 51.46 
114679 3802 30 61 50 39 150 0 64.50 56.88 
114857 3828 28 67 52 43 162 0 64.51 61.74 
115036 3855 28 73 55 47 174 0 64.36 51.12 
115214 3843 27 70 53 45 167 0 65.21 52.14 
115392 3900 27 60 48 39 146 0 64.79 51.44 
115570 3858 27 62 49 40 151 0 64.23 49.78 
115748 3893 29 60 49 39 148 0 64.24 49.42 
115926 3855 28 73 55 47 174 0 67.73 36.75 
116103 3840 29 70 54 45 169 0 74.46 59.52 
116282 3764 32 85 63 54 201 0 74.10 57.03 
116461 3967 40 93 73 61 226 0 74.44 56.19 
116640 4155 39 92 73 62 224 0 74.46 72.64 
116820 4155 39 92 73 62 224 0 74.10 56.19 
116999 4155 39 92 73 62 224 2 73.83 58.41 
117178 4155 39 92 73 62 224 0 70.29 35.60 
117355 3953 51 94 81 62 237 3 62.02 32.04 
117532 3996 57 88 82 59 231 0 56.29 21.49 
117708 2985 75 107 93 50 252 0 15.83 14.47 
117881 2810 31 85 58 45 187 0 15.83 8.06 
118054 7113 84 80 115 97 293 0 15.50 6.14 
118226 3636 76 127 111 78 318 0 16.15 5.49 
118398 1928 36 119 69 46 232 0 16.13 5.49 
118570 1896 36 124 71 48 241 0 16.15 5.49 
118742 1889 37 124 71 47 241 0 16.15 5.49 
118914 1889 37 124 71 47 241 0 16.46 4.20 
119086 1889 37 124 71 47 241 0 35.90 33.34 
119261 1909 37 125 72 48 243 0 32.62 5.49 
119434 2500 41 96 66 43 204 0 10.42 29.22 
119607 3765 102 84 107 53 246 5 14.82 13.79 
119780 3765 104 84 108 53 247 0 15.83 14.47 
119953 3765 104 84 108 53 248 0 18.99 16.12 
120126 3765 104 84 108 53 247 0 24.45 19.28 
120300 3765 104 84 108 53 247 0 29.02 30.00 
120475 3765 104 84 108 53 247 5 31.08 28.71 
120650 3765 104 84 108 53 247 0 18.05 28.97 
120824 3765 104 84 108 53 247 0 9.08 28.15 
120997 3765 104 84 108 53 249 0 9.08 28.42 
121170 3742 105 85 109 53 249 0 30.57 28.71 
121345 3765 104 84 108 53 248 0 28.19 28.70 
121520 3750 100 83 105 52 243 0 29.53 33.59 
121695 3747 100 80 103 50 236 0 36.36 35.14 
121870 3767 74 68 81 43 194 0 29.00 33.86 
122045 3760 95 81 101 51 237 0 29.00 34.37 
122220 3775 97 82 103 52 240 0 36.82 43.40 
122396 3770 90 79 97 50 228 0 25.02 31.02 
122570 3773 79 71 86 45 204 0 18.04 28.97 
122744 3755 106 86 110 54 253 5 13.80 16.12 
122917 3750 99 83 104 52 241 0 16.46 15.79 
123090 2422 50 112 77 47 235 0 14.48 6.46 
123262 1670 47 181 94 57 329 0 15.83 12.78 
123435 1852 48 149 85 51 283 0 13.48 10.08 
123608 1724 58 197 106 61 362 0 10.10 8.06 
123780 1734 58 194 105 60 357 0 5.81 5.49 
123952 2001 52 140 85 49 274 0 5.51 6.44 
124124 3633 54 63 65 38 167 0 5.51 6.44 
124296 3788 55 58 64 37 159 4 5.51 6.46 
124468 3788 53 58 63 37 159 0 5.51 6.46 
124640 3788 53 58 63 37 159 0 5.51 6.46 
124812 3788 53 58 63 37 158 6 5.51 6.44 
124984 3788 53 58 63 37 158 0 6.78 8.06 
125156 3762 54 57 63 36 158 0 78.37 42.62 
125334 3743 81 72 87 45 206 0 76.14 55.78 
125513 3782 69 66 77 42 188 3 16.46 55.64 
125688 3713 82 73 88 45 208 0 51.02 48.93 
125865 3726 112 89 115 55 262 0 49.16 22.41 
126040 3719 105 86 109 53 250 0 58.92 22.12 
126216 3041 60 87 76 42 207 0 59.36 20.86 
126392 2160 55 130 84 47 261 0 59.91 21.18 
126568 2155 56 132 85 48 265 0 22.15 20.55 
126742 1848 58 171 98 55 322 0 19.31 19.92 
126915 1723 63 208 112 62 379 1 17.41 15.49 
127088 1727 66 213 115 63 390 0 16.46 55.78 
127263 3148 79 156 122 85 364 0 50.86 5.81 
127437 6545 109 130 159 135 426 0 45.46 47.99 
127614 1625 27 159 80 65 299 0 3.89 41.33 
127788 2464 190 275 217 86 588 0 3.26 36.06 
127961 3498 117 171 156 100 432 0 3.25 30.00 
128134 3031 35 140 89 82 310 0 3.25 25.01 
128307 7052 88 131 143 130 406 0 3.57 20.21 
128480 2906 41 125 84 69 275 0 8.06 16.12 
128653 3523 120 145 145 84 379 0 11.78 11.76 
128826 3578 184 201 213 118 539 0 9.08 8.72 
128998 4378 86 120 120 88 333 3 6.46 6.77 
129170 8194 37 82 76 76 235 0 6.78 5.81 
129342 4949 42 94 79 70 244 0 6.78 5.81 
129514 3133 63 178 124 102 403 0 7.74 5.49 
129686 3151 62 182 126 105 411 0 8.74 8.72 
129858 3319 56 149 107 88 343 0 13.48 13.46 
130031 8770 34 75 70 71 217 0 16.78 17.37 
130204 5456 58 96 94 80 271 0 24.16 22.41 
130378 3539 138 157 162 91 415 0 32.37 30.00 
130553 2118 28 99 59 45 201 0 28.75 31.02 
130728 11800 67 85 114 116 315 0 35.44 31.79 
130903 3697 22 98 63 62 221 0 32.37 31.79 
131078 2859 18 109 64 65 235 0 29.02 29.99 
131253 2999 18 114 67 69 247 0 26.18 23.56 
131427 9377 55 80 94 92 267 0 21.83 29.48 
131601 12707 72 90 124 128 343 2 20.57 29.48 
131775 12703 71 89 122 126 339 0 19.31 29.48 
131949 12703 71 89 122 126 339 0 16.76 18.97 
132122 12251 72 90 123 126 340 0 13.46 24.40 
132295 12279 72 89 122 125 338 0 7.75 19.60 
132468 2371 32 107 67 52 224 3 52.72 17.39 
132643 3320 94 129 119 70 320 0 16.13 14.13 
132816 3595 100 113 118 67 302 0 11.78 14.13 
132989 6948 37 69 67 63 199 0 15.83 16.44 
133162 14820 27 67 64 71 203 0 16.46 17.70 
133335 5600 39 65 64 55 185 3 16.78 18.65 
133508 3675 79 93 96 57 250 0 50.01 46.39 
133685 3616 84 100 102 60 265 0 50.01 45.99 
133862 3701 79 89 94 55 242 0 68.97 49.45 
134040 3643 85 96 101 58 258 0 16.15 20.86 
134213 3529 121 137 142 79 360 0 16.15 20.88 
134386 3539 125 140 146 81 369 5 15.83 20.86 
134559 3539 125 140 146 81 369 0 16.76 19.91 
134732 3531 129 144 150 83 379 0 15.83 20.23 
134905 3543 142 154 163 89 409 0 13.80 19.92 
135078 3543 142 154 163 89 409 0 15.83 16.12 
135251 3543 116 131 136 76 347 0 21.52 17.70 
135424 2477 32 90 59 43 191 0 22.73 17.37 
135598 2794 28 70 49 36 155 0 22.44 18.33 
135772 2838 29 70 50 36 157 2 21.20 16.75 
135945 2882 30 71 51 37 159 0 16.13 14.47 
136118 2763 31 77 54 39 169 0 13.14 9.74 
136290 3588 93 108 111 64 284 0 8.06 4.52 
136462 5483 36 66 62 54 181 0 5.81 6.12 
136634 3776 40 99 75 63 234 0 5.49 5.80 
136806 3128 47 133 93 76 300 1 5.51 5.81 
136978 3128 47 133 93 76 300 0 5.51 5.80 
137150 3107 46 133 92 76 299 0 5.51 5.80 
137322 3107 46 133 92 76 299 3 5.49 5.81 
137494 3128 47 133 93 76 300 0 5.51 5.80 
137666 3107 46 133 92 76 299 0 5.51 5.81 
137838 3107 46 133 92 76 299 10 5.51 5.80 
138010 3107 46 133 92 76 299 0 5.51 5.81 
138182 3107 46 133 92 76 299 0 5.49 5.80 
138354 3107 46 133 92 76 299 0 5.49 5.81 
138526 3107 46 133 92 76 299 0 5.49 5.81 
138698 3107 46 133 92 76 299 0 5.51 5.81 
138870 3107 46 133 92 76 299 0 5.51 5.80 
139042 3107 46 133 92 76 299 0 5.51 5.81 
139214 3107 46 133 92 76 299 0 5.51 5.80 
139386 3107 46 133 92 76 299 0 5.49 5.80 
139558 3107 46 133 92 76 300 5 5.51 5.81 
139730 3107 46 133 92 76 299 0 5.51 5.81 
139902 3107 46 133 92 76 299 0 5.49 5.80 
140074 3107 46 133 92 76 299 10 5.49 5.81 
140246 3107 46 133 92 76 299 0 5.51 5.81 
140418 3107 46 133 92 76 299 0 5.49 5.81 
140590 3107 46 133 92 76 299 13 5.51 5.81 
140762 3107 46 133 92 76 299 0 5.51 5.80 
140934 3107 46 133 92 76 299 0 5.51 5.81 
