=~=~=~=~=~=~=~=~=~=~=~= PuTTY log 2025.11.28 17:56:59 =~=~=~=~=~=~=~=~=~=~=~=
ets Jul 29 2019 12:21:46

rst:0x1 (POWERON_RESET),boot:0x13 (SPI_FAST_FLASH_BOOT)
configsip: 0, SPIWP:0xee
clk_drv:0x00,q_drv:0x00,d_drv:0x00,cs0_drv:0x00,hd_drv:0x00,wp_drv:0x00
mode:DIO, clock div:1
load:0x3fff0030,len:4980
load:0x40078000,len:16612
load:0x40080400,len:3480
entry 0x400805b4
Found sensor
Milis - ColorTemp - Lux - R - G - B - C - Pot - UsensA - UsensB

399 3744 30 46 42 29 118 4 70.01 59.42 
578 3744 30 46 42 29 118 0 72.93 56.90 
757 3744 30 46 42 29 118 0 82.06 60.11 
937 3744 30 46 42 29 118 4 71.25 58.04 
1116 3744 30 46 42 29 118 0 82.08 49.40 
1295 3744 30 46 42 29 118 0 72.13 59.81 
1474 3744 30 46 42 29 118 0 82.08 60.11 
1654 3744 30 46 42 29 118 2 70.01 60.66 
1833 3744 30 46 42 29 118 0 71.69 57.60 
2012 3744 30 46 42 29 118 0 70.01 59.81 
2191 3744 30 46 42 29 118 0 70.82 59.38 
2370 3744 30 46 42 29 118 2 71.67 58.45 
2549 3744 30 46 42 29 118 0 70.43 60.54 
2728 3744 30 46 42 29 118 0 82.13 59.96 
2908 3744 30 46 42 29 118 0 82.04 59.69 
3087 3744 30 46 42 29 118 0 82.08 60.52 
3267 3744 30 46 42 29 118 1 70.82 59.81 
3446 3744 30 46 42 29 118 0 71.26 58.43 
3625 3744 30 46 42 29 118 0 82.08 60.52 
3805 3744 30 46 42 29 118 0 82.08 60.08 
3985 3744 30 46 42 29 118 4 71.23 58.43 
4164 3744 30 46 42 29 118 0 82.08 59.28 
4343 3744 30 46 42 29 118 0 71.67 58.04 
4522 3744 30 46 42 29 118 0 71.69 58.43 
4701 3744 30 46 42 29 118 3 71.67 58.43 
4880 3744 30 46 42 29 118 0 71.25 58.45 
5059 3744 30 46 42 29 118 1 70.81 58.87 
5238 3744 30 46 42 29 118 0 71.25 58.46 
5417 3744 30 46 42 29 118 4 71.23 58.45 
5596 3744 30 46 42 29 118 0 71.25 59.81 
5775 3744 30 46 42 29 118 0 70.81 58.97 
5954 3744 30 46 42 29 118 0 71.25 58.46 
6133 3744 30 46 42 29 118 4 70.79 59.40 
6312 3744 30 46 42 29 118 0 71.69 58.45 
6491 3744 30 46 42 29 118 0 71.23 58.02 
6670 3744 30 46 42 29 118 0 82.08 60.52 
6850 3744 30 46 42 29 118 2 71.69 57.58 
7029 3744 30 46 42 29 118 0 82.08 60.11 
7209 3744 30 46 42 29 118 0 71.25 58.43 
7388 3744 30 46 42 29 118 0 71.25 58.45 
7567 3746 31 46 43 29 118 0 70.81 58.45 
7746 3744 30 46 42 29 118 0 71.26 58.41 
7925 3744 30 46 42 29 118 0 71.26 58.84 
8104 3744 30 46 42 29 118 0 71.69 58.00 
8283 3746 31 46 43 29 118 0 82.06 59.14 
8462 3746 31 46 43 29 118 0 82.08 60.50 
8642 3744 30 46 42 29 118 0 71.67 58.00 
8821 3746 31 46 43 29 118 0 70.35 58.70 
9000 3746 31 46 43 29 118 0 79.56 59.81 
9179 2873 64 93 79 41 216 3 76.21 57.05 
9358 2461 185 269 212 84 576 0 61.91 55.79 
9536 2692 78 118 96 47 265 0 61.91 55.93 
9714 3779 28 44 40 28 113 1 62.19 55.51 
9892 3779 28 44 40 28 112 0 59.53 57.88 
10070 3779 28 44 40 28 113 0 68.87 69.68 
10249 3779 28 44 40 28 112 0 68.44 69.89 
10428 3890 67 93 90 61 247 2 68.32 69.39 
10607 3696 119 169 159 105 438 0 64.84 65.54 
10786 3684 118 168 158 104 436 0 58.43 57.46 
10964 3779 42 66 60 42 169 0 42.91 46.19 
11140 3928 27 44 40 29 113 0 35.92 38.13 
11316 7866 60 44 78 66 114 0 30.07 30.02 
11491 4024 27 43 40 29 113 0 24.77 25.28 
11665 10516 30 51 57 58 167 0 33.93 34.12 
11840 27750 33 57 73 86 218 0 34.97 36.53 
12015 27750 33 57 73 86 217 0 34.20 36.31 
12190 27352 34 57 74 87 220 0 34.19 36.33 
12365 30175 33 58 74 88 221 0 35.48 37.91 
12540 30175 33 58 74 88 221 0 81.97 55.91 
12719 30818 33 57 73 87 218 0 81.45 56.22 
12898 16091 43 69 85 93 250 0 81.28 56.75 
13077 14786 47 73 90 97 263 3 79.95 55.62 
13256 22740 38 63 80 92 236 0 77.54 56.07 
13435 22984 34 58 72 83 214 0 97.51 81.70 
13617 3928 27 44 40 29 113 0 105.69 109.79 
13801 5172 66 98 100 81 282 0 105.06 95.62 
13984 4322 114 171 165 123 462 0 98.68 97.04 
14167 4953 96 144 144 115 406 0 98.75 97.72 
14350 4168 129 189 182 132 509 0 99.11 97.48 
14533 7117 80 108 125 112 353 0 99.28 97.12 
14716 7496 78 106 124 113 352 0 108.36 101.08 
14899 7671 77 105 123 113 349 0 112.10 111.71 
15083 4592 123 173 175 132 491 0 112.81 111.83 
15267 3915 148 217 205 143 573 0 112.73 71.08 
15449 3915 148 217 205 143 571 0 112.73 71.09 
15631 3915 148 217 205 143 572 0 112.35 70.46 
15813 3915 148 217 205 143 572 0 109.79 109.09 
15997 3923 148 215 204 142 569 0 107.75 63.70 
16178 3997 150 217 208 146 582 0 109.62 69.84 
16360 3952 154 224 213 149 595 0 101.18 69.22 
16541 4016 149 213 205 144 572 2 98.00 65.93 
16722 3989 152 211 206 142 571 0 102.10 61.23 
16903 3882 154 228 214 149 600 0 100.67 61.63 
17084 7808 72 112 122 115 354 0 93.81 59.67 
17264 28681 37 65 82 97 246 0 57.00 74.00 
17443 29567 34 59 75 89 225 0 90.71 64.97 
17623 27236 34 58 74 87 220 1 88.69 87.21 
17805 26127 31 57 70 82 210 0 85.48 60.38 
17985 21938 32 56 68 78 204 0 82.40 81.89 
18166 15718 31 54 63 69 188 0 84.78 84.98 
18347 4404 28 44 42 32 119 0 82.55 82.87 
18528 3875 27 43 39 28 111 0 98.41 80.67 
18710 6042 29 47 48 42 138 0 99.38 81.62 
18892 22984 34 58 72 83 215 0 87.77 84.93 
19073 7151 30 48 51 47 148 0 86.80 88.01 
19254 3818 28 42 39 27 108 0 88.59 90.00 
19436 4197 27 43 40 30 114 0 90.53 91.04 
19618 5529 29 46 46 39 131 0 92.92 59.28 
19798 4658 28 45 43 34 123 0 81.57 62.90 
19978 3875 27 43 39 28 111 0 80.32 61.64 
20158 3875 27 43 39 28 110 0 92.28 62.36 
20338 3728 27 43 39 27 110 2 89.81 91.21 
20520 3728 27 43 39 27 109 0 88.94 60.64 
20700 3875 27 43 39 28 110 0 88.21 65.36 
20880 3728 27 43 39 27 110 0 88.93 89.59 
21062 3818 28 42 39 27 109 0 89.11 90.41 
21244 4352 28 43 41 31 116 0 89.03 90.30 
21426 4446 27 44 41 32 117 0 92.12 95.00 
21608 6042 29 47 48 42 137 0 85.29 71.09 
21788 21603 32 57 69 79 205 1 88.04 74.19 
21969 11779 39 65 74 77 218 0 89.73 74.00 
22150 3870 97 138 132 90 366 0 89.64 74.44 
22331 4037 36 53 51 36 142 0 89.62 74.80 
22512 4063 39 54 53 37 147 0 85.90 76.21 
22693 3950 68 93 91 62 251 0 79.44 77.45 
22873 6512 53 85 88 79 255 0 73.24 63.44 
23052 27117 33 59 74 87 221 0 79.99 55.93 
23231 26628 34 60 75 88 224 0 73.58 59.40 
23410 6623 30 49 51 46 147 0 67.30 59.94 
23589 3687 53 79 73 49 204 0 66.06 59.13 
23768 3920 29 44 41 29 114 0 66.04 58.29 
23946 3779 28 44 40 28 113 0 66.47 57.85 
24124 3779 28 44 40 28 113 0 66.04 59.13 
24303 3779 28 44 40 28 113 2 66.47 58.28 
24481 3779 28 44 40 28 113 0 65.77 58.72 
24659 3779 28 44 40 28 113 0 64.65 59.67 
24837 3779 28 44 40 28 113 0 62.99 60.94 
25015 3870 28 43 40 28 112 0 63.53 60.55 
25193 3779 28 44 40 28 113 0 63.83 60.25 
25371 3779 28 44 40 28 113 0 62.27 62.47 
25549 3779 28 44 40 28 113 0 62.00 62.17 
25727 3870 28 43 40 28 112 0 61.57 62.19 
25905 3870 28 43 40 28 112 0 61.57 60.37 
26083 3870 28 43 40 28 112 0 62.56 61.64 
26261 3870 28 43 40 28 112 0 67.85 56.47 
26439 3779 28 44 40 28 112 0 67.44 57.31 
26617 3928 27 44 40 29 113 2 64.51 57.88 
26795 3779 28 44 40 28 113 0 58.79 58.29 
26973 3779 28 44 40 28 112 0 56.01 55.64 
27151 4222 29 44 42 31 119 2 56.00 55.66 
27329 20842 35 58 73 83 215 0 55.73 55.64 
27507 22256 36 59 75 86 221 0 55.74 56.35 
27685 22773 34 58 73 84 217 0 55.74 57.05 
27863 5885 31 47 49 42 139 0 55.73 60.50 
28041 3928 27 44 40 29 114 0 56.56 57.05 
28219 3928 27 44 40 29 114 10 55.86 56.49 
28397 3920 29 44 41 29 115 0 58.12 50.46 
28575 3830 28 45 41 29 115 0 62.29 55.79 
28753 3920 29 44 41 29 114 0 62.87 59.43 
28931 3920 29 44 41 29 115 0 63.80 62.76 
29110 3870 28 43 40 28 111 0 65.21 63.72 
29289 3779 28 44 40 28 113 0 68.41 71.25 
29468 3920 29 44 41 29 114 0 83.71 72.78 
29648 10663 34 54 62 63 180 0 83.71 82.33 
29829 16284 36 59 72 79 211 0 83.86 82.04 
30010 16426 36 58 72 79 210 0 84.22 84.29 
30191 25538 36 61 78 91 232 0 84.83 85.63 
30372 17284 43 68 85 94 249 0 84.22 85.61 
30553 10108 59 90 105 105 304 0 83.52 154.62 
30738 13055 50 77 94 99 273 0 149.31 148.27 
30927 25253 37 61 79 92 233 0 152.15 147.63 
31116 9286 33 52 59 58 170 0 152.07 147.36 
31305 3830 28 45 41 29 115 0 309.45 151.54 
31503 3830 28 45 41 29 115 0 82.81 85.05 
31684 23178 38 61 79 91 233 0 82.91 84.63 
31865 24986 38 61 80 93 236 0 82.98 85.07 
32046 27646 36 61 79 93 235 0 82.91 85.07 
32227 27646 36 61 79 93 235 0 82.99 85.51 
32408 27646 36 61 79 93 236 0 82.98 84.63 
32589 27646 36 61 79 93 236 0 82.98 84.66 
32770 27646 36 61 79 93 236 0 82.91 85.44 
32951 27646 36 61 79 93 236 0 82.99 84.18 
33132 24986 38 61 80 93 236 0 82.01 83.57 
33313 24986 38 61 80 93 236 0 78.29 78.86 
33493 16597 34 57 69 76 204 0 71.45 73.49 
33673 4127 28 45 42 31 119 0 66.61 69.04 
33852 25538 36 61 78 91 232 0 796.26 138.02 
34078 8570 61 85 101 96 287 0 149.77 127.58 
34265 10092 47 64 80 79 226 0 231.13 60.25 
34453 23830 35 61 76 88 227 0 53.91 54.84 
34631 15896 41 62 79 86 229 2 50.35 50.12 
34808 12353 46 65 82 85 235 0 49.50 48.76 
34985 5678 89 129 136 114 384 0 48.99 48.94 
35162 4302 117 176 169 126 475 0 49.18 48.94 
35339 5377 84 127 129 107 368 0 219.59 219.93 
35536 4998 31 49 48 39 137 0 219.44 218.13 
35733 3928 27 44 40 29 114 0 216.56 215.51 
35930 3920 29 44 41 29 114 1 214.61 39.73 
36116 3920 29 44 41 29 114 0 213.66 39.73 
36302 3920 29 44 41 29 114 0 331.50 39.29 
36495 3920 29 44 41 29 114 0 235.45 39.73 
36682 3920 29 44 41 29 114 0 218.20 213.83 
36879 3928 27 44 40 29 113 11 199.97 144.65 
37070 3779 28 44 40 28 112 0 796.40 144.89 
37297 3928 27 44 40 29 113 0 148.61 144.91 
37485 3830 28 45 41 29 115 0 796.18 145.83 
37712 3830 28 45 41 29 116 0 118.75 116.89 
37897 4127 28 45 42 31 118 0 120.22 120.77 
38082 18083 33 57 68 76 202 0 124.85 117.18 
38267 23472 36 62 77 89 230 0 126.97 121.81 
38453 19626 42 69 86 97 255 0 127.96 115.86 
38638 21101 41 69 86 98 256 0 127.94 115.87 
38823 21101 41 69 86 98 255 0 140.35 138.96 
39011 21101 41 69 86 98 255 0 117.06 97.09 
39195 25016 36 63 79 92 237 0 115.62 85.80 
39378 9245 47 61 77 74 229 0 71.01 51.14 
39556 3928 27 44 40 29 114 0 64.67 46.39 
39734 3920 29 44 41 29 114 0 61.30 55.91 
39912 16609 33 57 68 75 200 0 63.26 55.78 
40090 24469 34 60 74 86 222 0 62.29 55.78 
40268 24600 34 59 74 86 221 0 55.88 49.61 
40445 24600 34 59 74 86 221 1 56.30 49.10 
40622 24600 34 59 74 86 221 0 63.68 54.33 
40800 24600 34 59 74 86 221 0 63.97 57.44 
40978 24600 34 59 74 86 220 0 54.42 53.33 
41155 24600 34 59 74 86 221 0 49.33 60.11 
41333 18975 39 66 81 91 240 0 72.96 70.72 
41513 5106 92 126 133 105 369 0 71.98 67.90 
41692 6894 65 77 96 83 260 0 99.93 69.22 
41873 6875 67 81 99 86 270 0 72.52 75.50 
42053 6875 67 81 99 86 270 0 71.55 81.38 
42233 6875 67 81 99 86 270 0 70.65 28.97 
42410 7434 60 71 90 80 244 0 71.74 29.50 
42587 7547 56 67 85 76 230 0 70.92 29.50 
42764 7547 56 67 85 76 231 0 71.03 71.43 
42944 7547 56 67 85 76 231 0 62.02 53.50 
43122 6929 61 71 89 77 239 0 55.74 59.42 
43300 5811 82 116 125 105 352 0 55.86 56.35 
43478 22440 35 59 74 85 219 0 55.74 55.64 
43656 24600 34 59 74 86 220 0 61.17 53.82 
43834 23959 36 60 76 88 226 0 56.30 74.36 
44013 5194 92 130 136 109 381 0 55.73 89.85 
44193 5708 77 89 107 85 286 0 55.73 75.50 
44372 5617 80 94 111 88 297 0 62.99 52.82 
44550 4804 97 130 137 104 377 0 55.73 56.34 
44728 13128 46 73 87 92 255 0 55.73 55.79 
44906 24600 34 59 74 86 221 0 60.89 50.80 
45084 22256 36 59 75 86 222 0 59.50 49.44 
45262 9410 60 89 104 102 299 2 58.79 49.10 
45440 5093 104 143 151 119 420 0 50.01 48.77 
45617 4915 97 143 144 114 407 0 49.16 49.61 
45794 5999 78 117 123 106 352 0 49.16 49.61 
45971 6014 79 118 124 107 354 0 49.16 48.74 
46148 6014 79 118 124 107 354 0 50.01 48.76 
46325 6014 79 118 124 107 354 0 49.18 49.61 
46502 6014 79 118 124 107 354 0 55.86 55.93 
46680 5878 80 121 126 108 361 0 55.73 55.64 
46858 6177 76 112 120 104 341 0 63.82 56.19 
47036 21580 33 56 70 80 207 0 58.38 66.49 
47215 20981 34 58 72 82 214 0 58.92 58.97 
47393 22984 34 58 72 83 214 0 75.97 74.92 
47573 21273 34 57 71 81 210 0 68.68 79.70 
47753 23349 33 57 71 82 212 0 88.93 87.55 
47935 1689 36 158 83 59 298 0 91.49 55.64 
48115 1738 22 147 67 49 260 0 96.90 57.46 
48295 1807 20 149 67 50 263 0 101.52 95.61 
48478 1635 32 160 81 59 298 1 104.97 63.85 
48659 1720 39 165 88 63 314 0 104.97 64.57 
48840 1735 22 153 70 52 271 0 104.55 68.99 
49021 1735 22 153 70 52 270 0 107.53 69.85 
49203 1786 21 153 69 51 270 0 75.72 75.43 
49383 1718 25 107 57 41 203 0 80.22 79.49 
49564 3821 26 42 38 27 107 0 80.77 79.42 
49745 2247 25 79 49 36 164 0 80.75 78.98 
49926 2060 26 89 53 38 179 0 80.77 79.05 
50107 2145 26 84 51 37 173 0 80.78 78.98 
50288 2145 26 84 51 37 173 0 80.77 79.41 
50469 2145 26 84 51 37 173 0 83.32 81.97 
50650 2145 26 84 51 37 173 0 114.73 115.57 
50835 1636 23 136 65 48 246 0 123.45 115.63 
51020 1647 35 172 88 65 323 0 116.36 116.42 
51205 1821 44 179 99 73 350 0 120.51 122.89 
51390 3470 112 178 156 104 445 0 130.97 59.82 
51572 3268 105 162 141 88 398 0 127.43 61.23 
51754 3238 116 182 157 98 443 0 130.44 58.68 
51936 3238 118 184 159 99 449 0 107.27 92.14 
52119 3238 118 184 159 99 450 0 55.88 15.79 
52294 3226 116 181 156 97 442 0 111.98 55.64 
52475 3269 114 178 154 97 436 0 179.67 83.74 
52662 3314 100 154 135 85 380 0 178.33 87.70 
52849 3626 125 187 171 114 479 0 178.45 88.09 
53036 4188 193 279 271 196 759 0 179.21 49.27 
53221 4222 203 291 284 206 794 0 62.41 47.60 
53399 4210 190 275 267 194 749 4 62.41 50.95 
53577 4003 160 252 232 169 663 0 62.85 61.51 
53755 1761 22 150 68 50 265 0 62.00 62.07 
53933 1737 22 149 68 50 263 0 76.58 57.87 
54112 1784 22 155 70 52 272 0 57.68 55.93 
54290 1623 30 171 83 61 312 0 57.00 55.67 
54468 1833 45 182 101 75 358 0 49.18 55.64 
54645 1788 44 181 99 73 353 0 796.28 57.34 
54866 1788 44 181 99 73 354 0 58.67 56.35 
55044 1788 44 181 99 73 353 0 49.37 46.80 
55221 1788 44 181 99 73 353 0 39.56 20.55 
55396 1788 44 181 99 73 353 0 58.67 16.12 
55572 1788 44 181 99 73 353 0 57.39 55.93 
55750 1788 44 181 99 73 353 0 37.74 56.19 
55927 1788 44 181 99 73 353 1 37.28 55.79 
56104 1788 44 181 99 73 353 0 36.36 55.79 
56281 1788 44 181 99 73 352 0 58.51 57.34 
56459 1788 44 181 99 73 353 15 61.17 58.70 
56637 1788 44 181 99 73 353 0 32.62 33.08 
56812 1788 44 181 99 73 352 0 796.23 35.39 
57032 1777 42 180 98 73 352 0 59.50 55.79 
57210 1788 44 181 99 73 352 2 59.48 65.96 
57389 1777 42 180 98 73 352 0 63.26 58.43 
57567 1777 42 180 98 73 352 0 38.88 60.38 
57744 1804 44 180 99 73 352 0 66.62 59.96 
57923 1788 44 181 99 73 352 0 39.12 59.96 
58100 1777 42 180 98 73 352 0 69.07 65.67 
58279 1777 42 180 98 73 352 0 29.53 67.47 
58456 1788 44 181 99 73 352 0 29.27 61.78 
58633 1788 44 181 99 73 352 0 36.58 60.94 
58810 1788 44 181 99 73 352 2 66.20 37.93 
58987 1788 44 181 99 73 352 0 35.90 35.63 
59162 1788 44 181 99 73 352 0 65.89 37.25 
59339 1788 44 181 99 73 352 0 66.18 794.95 
59561 1788 44 181 99 73 352 5 35.44 59.28 
59738 1777 42 180 98 73 351 0 35.46 60.50 
59915 1788 44 181 99 73 352 0 35.46 60.94 
60092 1788 44 181 99 73 352 1 796.23 60.93 
60314 1788 44 181 99 73 352 0 73.32 60.94 
60493 1777 42 180 98 73 352 2 36.84 59.69 
60670 1788 44 181 99 73 352 0 37.28 60.11 
60847 1788 44 181 99 73 352 0 35.68 60.54 
61024 1788 44 181 99 73 352 0 65.77 60.10 
61203 1788 44 181 99 73 352 0 37.50 60.94 
61380 1788 44 181 99 73 352 0 65.33 60.96 
61559 1804 44 180 99 73 352 15 65.33 61.81 
61738 1777 42 180 98 73 351 0 46.65 50.13 
61915 1788 44 181 99 73 352 0 63.82 60.94 
62093 1788 44 181 99 73 353 1 59.64 58.74 
62271 1788 44 181 99 73 353 0 59.23 58.31 
62449 1788 44 181 99 73 353 0 57.97 57.44 
62627 1788 44 181 99 73 353 0 60.89 55.79 
62805 1788 44 181 99 73 354 0 60.06 55.78 
62983 1788 44 181 99 73 353 0 70.14 57.05 
63162 1788 44 181 99 73 353 0 62.99 58.72 
63340 1788 44 181 99 73 352 0 63.39 60.93 
63518 1788 44 181 99 73 353 0 64.24 59.14 
63696 1788 44 181 99 73 352 0 65.08 59.55 
63874 1775 43 180 98 72 350 0 68.14 60.37 
64053 1670 38 179 93 69 340 0 62.29 58.56 
64231 1689 39 179 94 69 340 0 62.70 59.96 
64409 1689 39 179 94 69 341 0 63.12 64.84 
64588 1689 39 179 94 69 341 0 78.35 63.73 
64768 1633 35 176 89 66 328 0 60.74 61.93 
64946 1871 21 162 72 54 284 0 62.15 62.34 
65124 1903 21 165 73 55 289 0 61.88 62.08 
65302 1871 21 162 72 54 284 0 62.00 59.98 
65480 2641 27 68 47 33 148 0 61.13 61.64 
65658 3690 28 45 40 28 115 1 64.36 28.44 
65835 3875 27 43 39 28 110 0 61.44 31.30 
66012 3875 27 43 39 28 111 0 64.50 28.97 
66189 3870 28 43 40 28 112 0 66.74 29.50 
66366 3653 28 47 41 29 117 0 109.50 107.20 
66550 3047 74 146 113 77 341 0 108.19 55.79 
66731 3790 74 105 100 67 276 0 58.87 59.42 
66909 3875 27 43 39 28 110 2 109.06 46.78 
67089 3036 26 56 42 30 129 0 109.31 55.66 
67270 1969 24 88 51 37 175 0 111.45 122.45 
67455 3362 27 52 42 30 125 0 113.85 57.31 
67636 3775 67 96 91 61 250 0 113.49 107.22 
67820 3680 110 160 149 99 412 0 117.04 107.98 
68004 3637 115 167 155 102 427 0 106.22 55.64 
68185 3716 122 176 165 110 459 0 106.59 55.79 
68366 3395 134 220 189 126 543 0 116.06 49.61 
68547 3227 136 236 195 129 567 0 102.56 62.88 
68728 3128 123 228 182 122 538 0 79.00 106.15 
68910 3250 45 86 69 48 206 0 105.09 76.04 
69092 3830 28 45 41 29 115 0 100.62 85.02 
69274 3830 28 45 41 29 115 0 94.98 85.29 
69456 3880 29 46 42 30 118 0 86.80 70.57 
69636 3798 59 86 81 55 226 0 92.04 60.81 
69816 3830 28 45 41 29 116 0 92.75 55.66 
69996 2145 26 84 51 37 171 0 79.36 65.52 
70176 2555 37 98 66 47 211 2 72.25 59.82 
70355 3693 136 198 184 123 511 0 66.04 55.93 
70533 3882 68 101 95 66 264 0 65.77 64.96 
70712 3923 33 50 47 33 131 0 67.46 64.28 
70891 3754 109 152 145 96 399 0 55.73 63.87 
71069 3742 114 162 153 102 421 0 66.20 61.08 
71248 3879 74 104 100 68 276 0 68.00 55.66 
71426 3920 29 44 41 29 115 1 66.62 55.66 
71604 3830 28 45 41 29 115 0 66.61 55.62 
71782 3830 28 45 41 29 115 0 73.78 58.14 
71961 3830 28 45 41 29 115 0 52.72 47.58 
72138 3798 59 86 81 55 226 0 51.71 43.83 
72315 3728 27 43 39 27 109 0 51.03 47.97 
72492 3780 29 44 41 28 114 0 50.69 46.78 
72669 3827 39 48 49 31 130 0 56.42 38.81 
72846 3831 35 48 47 31 127 0 112.95 48.94 
73027 3790 36 47 47 30 127 4 80.24 29.75 
73205 3726 70 66 77 41 188 0 109.94 51.14 
73386 3712 110 88 113 54 260 0 109.21 48.77 
73566 3712 110 88 113 54 259 0 109.43 57.17 
73747 3721 108 86 111 53 255 0 110.11 81.53 
73929 3698 108 87 111 53 255 0 108.90 55.93 
74110 3721 108 86 111 53 254 3 115.96 65.40 
74292 3804 77 103 101 66 275 0 105.45 58.43 
74473 3920 29 44 41 29 114 0 90.88 90.54 
74655 3830 28 45 41 29 115 0 91.41 58.00 
74835 3867 38 49 49 32 131 0 87.50 87.55 
75016 3701 73 70 81 43 196 0 84.03 56.35 
75195 3668 109 90 113 54 260 0 90.61 82.79 
75376 3622 86 78 92 46 218 2 94.18 85.17 
75558 3634 79 74 86 44 206 0 95.59 93.93 
75740 3674 55 59 64 36 160 0 98.96 96.80 
75923 3780 29 44 41 28 114 0 108.61 97.50 
76106 3928 27 44 40 29 113 0 108.34 96.71 
76289 3928 27 44 40 29 114 0 98.60 94.91 
76472 3920 29 44 41 29 114 0 103.73 77.03 
76654 3779 28 44 40 28 113 0 113.70 79.00 
76836 3715 49 72 67 45 187 0 111.72 61.23 
77017 3802 32 50 46 32 129 0 85.83 79.85 
77198 3711 89 78 95 48 223 0 221.99 100.57 
77388 3831 35 48 47 31 127 0 214.90 80.29 
77577 3746 63 92 86 58 240 2 162.35 91.27 
77763 3779 28 44 40 28 113 0 203.05 87.02 
77951 3779 28 44 40 28 112 0 197.66 87.02 
78139 3870 28 43 40 28 111 2 195.76 86.85 
78327 3751 73 103 98 65 271 2 197.34 87.19 
78515 3636 119 161 154 98 418 0 60.49 59.57 
78693 3843 52 71 69 46 189 3 61.44 60.10 
78871 3714 63 63 71 39 173 0 60.49 59.69 
79049 3678 86 76 92 46 216 0 59.62 59.42 
79227 3678 86 76 92 46 216 2 55.88 55.17 
79405 3678 86 76 92 46 217 0 49.16 48.93 
79582 3684 105 111 121 68 304 0 49.52 47.57 
79759 3705 113 90 116 55 260 15 66.89 46.58 
79937 3684 113 91 116 55 267 0 48.84 48.55 
80114 3684 113 91 116 55 267 0 49.86 49.76 
80291 3682 111 91 115 55 265 0 49.69 49.27 
80468 3687 106 89 111 54 258 0 50.69 48.93 
80645 3674 106 88 110 53 255 0 15.83 52.31 
80820 3701 91 80 97 49 228 0 63.95 57.73 
80998 3702 108 90 113 55 262 0 81.02 63.85 
81178 3716 122 107 130 66 310 0 75.82 64.55 
81357 3670 152 175 182 107 475 0 64.94 68.75 
81536 3685 150 174 181 107 472 0 60.47 61.78 
81714 3726 125 116 137 72 332 0 56.00 55.76 
81892 3717 102 86 107 53 249 0 51.54 52.14 
82069 3875 30 46 43 30 119 0 50.86 50.27 
82246 3880 29 46 42 30 118 0 53.23 53.50 
82423 3830 28 45 41 29 115 0 58.38 59.94 
82601 3830 28 45 41 29 116 0 60.62 60.13 
82779 3729 47 56 58 35 150 0 60.74 59.24 
82957 3681 110 91 114 55 263 0 62.00 59.13 
83135 3682 111 91 115 55 266 0 61.59 63.41 
83314 3682 111 91 115 55 266 0 59.06 59.55 
83492 3716 110 91 115 56 266 2 58.26 63.31 
83670 3716 110 91 115 56 266 0 55.73 18.97 
83846 3717 102 86 107 53 250 0 59.21 55.52 
84024 3880 29 46 42 30 119 0 50.18 43.81 
84201 3895 38 58 54 38 152 0 49.16 58.99 
84379 2677 90 98 91 29 255 0 37.96 18.33 
84553 3830 28 45 41 29 116 0 52.38 37.91 
84729 3830 28 45 41 29 117 0 37.50 17.07 
84903 3830 28 45 41 29 116 0 37.50 18.33 
85077 3830 28 45 41 29 116 2 37.06 19.60 
85251 3830 28 45 41 29 115 0 55.74 49.10 
85428 3920 29 44 41 29 115 0 54.43 50.80 
85605 3712 51 58 61 36 157 0 53.92 51.14 
85782 3699 72 70 80 43 195 0 55.88 49.10 
85959 3708 95 83 101 51 238 4 55.86 49.44 
86136 3689 115 94 119 57 274 0 55.86 49.45 
86313 3689 115 94 119 57 275 0 105.47 56.64 
86494 3707 112 93 117 57 271 3 84.83 62.63 
86674 3799 39 50 50 32 133 0 93.64 57.75 
86854 3893 45 53 56 35 146 0 74.54 59.98 
87033 3721 111 108 124 67 305 0 79.80 73.20 
87213 3811 48 56 59 36 154 0 77.21 78.00 
87393 2530 148 213 171 71 464 2 77.13 78.37 
87573 2458 188 273 215 85 586 0 77.15 78.37 
87753 2450 188 274 215 85 587 0 77.15 78.34 
87933 2450 188 274 215 85 587 0 77.13 78.32 
88113 2458 188 273 215 85 587 0 77.13 78.35 
88293 2458 188 273 215 85 586 2 77.13 77.93 
88473 2458 188 273 215 85 586 0 77.11 78.37 
88653 2458 188 273 215 85 586 0 77.13 78.37 
88833 2458 188 273 215 85 585 0 77.13 78.35 
89013 2458 188 273 215 85 586 0 77.13 78.35 
89193 2458 188 273 215 85 585 1 77.13 77.98 
89373 2458 188 273 215 85 585 0 77.13 78.37 
89553 2458 188 273 215 85 585 0 77.13 78.35 
89733 2458 188 273 215 85 585 0 77.13 78.37 
89913 2458 188 273 215 85 585 0 77.15 78.35 
90093 2458 188 273 215 85 586 0 77.13 78.37 
90273 2458 188 273 215 85 586 0 77.13 78.34 
90453 2458 188 273 215 85 585 0 77.13 78.32 
90633 2458 188 273 215 85 585 0 77.13 78.35 
90813 2458 188 273 215 85 586 0 77.11 78.37 
90993 2458 188 273 215 85 586 0 77.13 78.37 
91173 2458 188 273 215 85 586 0 77.13 78.35 
91353 2458 188 273 215 85 586 0 77.11 78.37 
91533 2458 188 273 215 85 586 0 77.13 78.34 
91713 2458 188 273 215 85 586 0 77.11 78.34 
91893 2458 188 273 215 85 586 0 77.13 78.35 
92073 2458 188 273 215 85 586 0 77.11 78.35 
92253 2458 188 273 215 85 586 0 77.20 77.98 
92433 2458 188 273 215 85 586 0 77.21 78.35 
