=~=~=~=~=~=~=~=~=~=~=~= PuTTY log 2025.11.28 19:16:52 =~=~=~=~=~=~=~=~=~=~=~=
ets Jul 29 2019 12:21:46

rst:0x1 (POWERON_RESET),boot:0x13 (SPI_FAST_FLASH_BOOT)
configsip: 0, SPIWP:0xee
clk_drv:0x00,q_drv:0x00,d_drv:0x00,cs0_drv:0x00,hd_drv:0x00,wp_drv:0x00
mode:DIO, clock div:1
load:0x3fff0030,len:4980
load:0x40078000,len:16612
load:0x40080400,len:3480
entry 0x400805b4
Found sensor
Milis - ColorTemp - Lux - R - G - B - C - Pot - UsensA - UsensB

399 3099 39 75 59 40 173 15 61.61 51.97 
577 3093 37 73 57 39 168 0 62.42 60.25 
755 3579 35 61 52 37 149 8 62.42 50.27 
933 3417 35 62 52 36 150 0 62.56 41.77 
1110 3417 35 62 52 36 150 0 62.56 41.31 
1287 3417 35 62 52 36 150 4 62.12 41.77 
1464 3417 35 62 52 36 150 0 62.42 50.63 
1642 3417 35 62 52 36 150 0 62.56 41.33 
1819 3417 35 62 52 36 150 0 62.56 41.31 
1996 3417 35 62 52 36 150 0 62.42 50.27 
2174 3417 35 62 52 36 150 0 62.42 50.61 
2352 3417 35 62 52 36 150 0 62.41 49.44 
2530 3417 35 62 52 36 150 0 62.42 57.46 
2708 3417 35 62 52 36 150 0 62.42 49.42 
2886 3417 35 62 52 36 150 0 62.42 50.27 
3064 3417 35 62 52 36 150 0 62.42 51.12 
3242 3417 35 62 52 36 150 0 62.02 50.61 
3420 3417 35 62 52 36 150 8 62.00 50.29 
3598 3417 35 62 52 36 150 0 62.54 42.64 
3775 3417 35 62 52 36 150 0 62.12 42.64 
3952 3417 35 62 52 36 150 3 62.42 49.42 
4130 3417 35 62 52 36 150 0 62.42 49.44 
4308 3417 35 62 52 36 150 0 62.00 49.44 
4486 3417 35 62 52 36 150 5 62.02 50.29 
4664 3417 35 62 52 36 150 0 62.00 51.12 
4842 3417 35 62 52 36 150 0 62.41 49.44 
5020 3417 35 62 52 36 150 8 62.00 49.44 
5198 3417 35 62 52 36 150 0 62.42 50.30 
5376 3417 35 62 52 36 150 0 62.42 50.27 
5554 3417 35 62 52 36 150 6 62.54 42.64 
5731 3417 35 62 52 36 150 0 62.42 49.78 
5909 3417 35 62 52 36 150 0 62.41 50.27 
6087 3417 35 62 52 36 150 7 62.00 49.44 
6265 3417 35 62 52 36 150 0 62.02 49.44 
6443 3417 35 62 52 36 150 0 62.02 50.63 
6621 3417 35 62 52 36 150 1 62.02 49.44 
6799 3417 35 62 52 36 150 3 62.00 49.44 
6977 3417 35 62 52 36 150 0 62.00 49.44 
7155 3417 35 62 52 36 150 0 62.41 50.29 
7333 3417 35 62 52 36 150 0 62.00 49.44 
7511 3417 35 62 52 36 150 0 62.41 50.63 
7689 3417 35 62 52 36 150 0 62.00 49.44 
7867 3417 35 62 52 36 150 0 62.41 50.29 
8045 3417 35 62 52 36 150 0 62.02 50.27 
8223 3417 35 62 52 36 150 0 62.00 49.42 
8401 3417 35 62 52 36 150 5 62.13 49.27 
8579 3719 35 59 52 37 148 0 60.20 42.42 
8756 6091 52 55 71 57 183 0 60.18 43.62 
8933 6393 56 57 76 62 196 0 59.64 56.75 
9111 6459 56 56 76 62 195 0 57.82 53.14 
9289 6459 56 56 76 62 195 0 57.68 55.78 
9467 6441 55 55 75 61 192 6 58.09 55.78 
9645 6441 55 55 75 61 192 0 55.73 54.84 
9823 6571 54 56 75 62 193 0 17.10 17.07 
9996 4463 39 63 59 46 167 0 45.87 43.60 
10172 3291 44 77 64 43 183 0 41.38 9.06 
10346 3540 52 79 71 47 198 0 38.66 37.21 
10522 4032 51 80 74 54 208 0 42.28 15.79 
10697 3919 45 73 66 48 186 0 46.05 47.17 
10874 4003 50 79 73 53 205 0 51.53 50.46 
11051 3290 53 79 70 43 192 24 53.55 51.80 
11228 3121 32 74 55 41 169 0 53.40 53.31 
11405 3247 36 79 60 45 182 0 52.90 50.61 
11582 3094 35 77 58 42 174 9 51.02 50.46 
11759 3087 34 75 56 41 170 0 49.33 50.46 
11936 3167 35 77 58 43 177 0 44.47 49.10 
12113 3241 37 70 56 39 163 0 42.89 44.01 
12289 3224 57 85 75 45 205 0 37.74 38.35 
12465 3346 52 79 70 44 193 0 32.86 20.86 
12639 3939 44 68 63 45 175 0 15.83 15.81 
12812 3839 30 59 49 38 145 0 24.45 9.74 
12985 4770 34 50 50 39 139 0 7.74 6.77 
13157 4294 34 55 51 39 145 0 6.46 17.07 
13330 3283 34 67 53 38 157 0 15.83 9.40 
13503 3698 43 58 56 36 150 0 15.52 15.79 
13676 3698 43 58 56 36 151 0 15.50 7.74 
13849 3698 43 58 56 36 150 10 15.52 9.74 
14022 3698 43 58 56 36 151 0 15.50 16.12 
14195 3698 43 58 56 36 151 0 15.50 14.79 
14368 3698 43 58 56 36 151 0 15.16 15.79 
14541 3698 43 58 56 36 151 0 18.05 15.79 
14714 3698 43 58 56 36 150 5 23.60 21.81 
14888 3635 41 59 55 36 150 0 23.89 28.73 
15062 3400 34 62 51 36 148 0 23.89 21.81 
15236 3903 33 55 49 36 140 0 24.75 20.23 
15410 4293 33 52 49 37 138 0 23.89 19.28 
15584 4293 33 52 49 37 138 1 23.89 19.91 
15758 4293 33 52 49 37 138 0 23.89 19.60 
15932 4293 33 52 49 37 138 9 24.74 19.91 
16106 4293 33 52 49 37 138 0 24.74 20.23 
16280 4293 33 52 49 37 138 6 23.89 19.30 
16454 4293 33 52 49 37 138 0 24.74 22.12 
16628 4293 33 52 49 37 138 0 23.02 21.49 
16802 4293 33 52 49 37 138 0 23.89 22.69 
16976 4293 33 52 49 37 138 0 23.89 16.75 
17150 4293 33 52 49 37 138 0 23.89 24.99 
17324 4293 33 52 49 37 138 0 23.87 21.50 
17498 4293 33 52 49 37 138 7 24.75 28.71 
17672 4293 33 52 49 37 138 0 24.74 28.71 
17846 4293 33 52 49 37 138 11 23.60 21.49 
18020 3747 34 57 50 36 141 0 18.68 15.49 
18193 3442 34 63 52 37 150 0 16.46 13.79 
18366 3593 39 58 53 35 146 0 15.83 13.45 
18539 3731 43 59 57 37 153 1 15.83 14.81 
18712 3731 43 59 57 37 154 8 16.46 15.79 
18885 3731 43 59 57 37 153 0 15.83 14.47 
19058 3698 43 58 56 36 150 0 14.14 9.42 
19231 3665 42 57 55 35 147 7 9.08 9.42 
19403 3842 35 51 48 33 132 0 9.08 9.74 
19575 5107 28 51 47 40 138 0 9.08 9.74 
19747 5155 28 52 48 41 141 5 9.08 9.74 
19919 5155 28 52 48 41 141 0 9.08 9.74 
20091 5155 28 52 48 41 141 0 9.08 9.72 
20263 5155 28 52 48 41 141 7 9.42 9.74 
20435 5155 28 52 48 41 141 0 9.42 9.74 
20607 5155 28 52 48 41 141 0 9.42 9.74 
20779 5155 28 52 48 41 141 9 9.42 9.74 
20951 5155 28 52 48 41 141 0 9.42 9.74 
21123 5155 28 52 48 41 141 0 9.42 9.74 
21295 5155 28 52 48 41 141 10 9.42 9.74 
21467 5155 28 52 48 41 141 0 9.42 9.74 
21639 5155 28 52 48 41 142 0 11.12 8.74 
21811 5155 28 52 48 41 141 11 11.10 8.74 
21983 5269 29 51 48 41 140 0 11.44 9.06 
22155 5269 29 51 48 41 140 0 8.74 10.08 
22327 5383 27 51 47 41 139 12 8.74 10.08 
22499 5430 28 52 48 42 142 0 8.74 10.08 
22671 5552 28 51 48 42 141 0 8.74 10.08 
22843 5552 28 51 48 42 141 11 12.46 9.74 
23015 5383 27 51 47 41 140 0 8.74 8.74 
23187 5334 27 50 46 40 136 0 9.08 8.72 
23359 5552 28 51 48 42 141 9 9.08 8.72 
23531 5552 28 51 48 42 140 0 10.76 16.75 
23704 5430 28 52 48 42 142 0 12.46 9.40 
23876 5175 28 49 46 39 134 11 13.48 9.42 
24049 3730 35 51 48 32 131 0 13.48 9.40 
24221 3685 40 55 53 34 142 0 13.48 9.40 
24394 3685 40 55 53 34 142 9 11.44 8.36 
24566 3707 39 53 51 33 137 0 10.10 9.74 
24738 4651 29 48 45 36 129 0 9.08 9.74 
24910 5430 28 52 48 42 142 7 9.08 11.76 
25082 5640 29 53 50 44 147 0 9.08 11.08 
25254 5640 29 53 50 44 147 0 9.08 9.74 
25426 5640 29 53 50 44 147 9 9.76 7.74 
25598 5334 27 50 46 40 136 0 9.10 7.74 
25770 5597 28 52 49 43 145 0 7.43 7.11 
25942 5476 28 53 49 43 145 10 8.74 9.74 
26114 5640 29 53 50 44 147 0 10.44 14.13 
26287 5683 30 54 51 45 149 0 10.44 14.13 
26460 5683 30 54 51 45 149 5 10.42 14.13 
26633 5683 30 54 51 45 149 0 10.44 14.13 
26806 5683 30 54 51 45 149 0 11.78 8.72 
26978 5683 30 54 51 45 149 0 8.74 9.74 
27150 5683 30 54 51 45 149 0 8.74 6.77 
27322 5683 30 54 51 45 149 0 8.74 8.06 
27494 5683 30 54 51 45 149 0 8.74 8.06 
27666 5683 30 54 51 45 149 0 8.74 8.06 
27838 5683 30 54 51 45 149 0 8.74 8.06 
28010 5683 30 54 51 45 149 0 8.74 8.04 
28182 5683 30 54 51 45 149 0 8.38 6.44 
28354 5683 30 54 51 45 149 0 13.46 5.49 
28526 5403 30 54 51 44 149 0 21.84 15.81 
28699 4593 31 51 48 38 137 0 27.03 16.44 
28873 3629 46 61 59 37 157 11 21.52 16.44 
29046 3096 34 72 55 39 165 0 29.53 16.44 
29220 2850 40 95 68 49 211 0 19.62 18.95 
29393 2850 40 95 68 49 211 0 17.41 19.30 
29566 3241 33 66 52 37 154 0 15.52 7.09 
29738 3643 48 64 62 39 166 3 15.83 7.09 
29911 3632 51 66 65 40 171 0 16.76 6.77 
30084 4186 34 53 50 37 140 0 69.33 10.42 
30260 6354 28 54 51 47 152 0 43.49 55.79 
30437 6759 27 54 51 48 153 0 42.06 12.10 
30611 6354 28 54 51 47 151 0 41.62 56.61 
30788 4114 29 53 46 36 135 5 40.68 49.44 
30964 3627 30 60 49 37 146 0 42.28 43.40 
31140 3627 30 60 49 37 146 22 34.68 59.67 
31317 3515 30 63 50 38 150 0 15.83 5.81 
31489 3485 33 70 55 42 166 27 15.83 58.56 
31665 3502 33 76 58 46 179 0 33.40 9.74 
31839 3533 32 77 58 47 180 41 30.04 8.04 
32012 3471 30 73 55 44 171 0 53.57 6.78 
32187 3468 29 65 50 39 153 1 53.40 7.74 
32362 3423 30 72 54 43 169 0 54.59 6.77 
32537 3344 32 86 62 51 198 2 56.56 6.78 
32712 3424 31 69 53 41 162 0 64.94 6.77 
32887 5250 38 69 64 55 188 7 23.02 6.44 
33060 4022 43 62 60 42 164 0 126.38 6.46 
33239 3676 50 65 64 40 169 24 106.40 17.39 
33417 3618 53 68 67 41 177 0 62.44 6.77 
33592 5013 33 56 53 44 153 0 19.62 6.78 
33765 5292 30 55 51 44 150 0 18.05 16.42 
33938 5155 28 52 48 41 141 11 19.31 6.78 
34111 5315 29 52 49 42 142 0 80.14 9.40 
34287 5476 28 53 49 43 144 15 16.78 6.77 
34460 5914 29 56 52 47 154 0 16.46 6.44 
34632 3676 50 65 64 40 169 0 16.46 6.46 
34805 3618 53 68 67 41 178 11 16.15 8.06 
34978 3618 53 68 67 41 177 0 18.68 13.79 
35151 4628 34 56 53 42 149 0 18.04 6.77 
35324 5335 30 56 52 45 153 3 16.76 6.78 
35497 5879 32 59 56 50 163 0 16.15 8.06 
35670 4302 70 111 104 79 295 8 16.46 55.91 
35845 4137 82 129 120 89 336 0 16.46 55.93 
36020 4095 82 127 119 87 332 12 16.46 51.29 
36195 4077 82 126 118 86 330 0 16.46 55.93 
36370 4077 82 126 118 86 329 10 16.46 16.44 
36543 4044 82 127 118 86 329 0 15.83 56.20 
36718 3798 57 97 85 62 244 0 54.91 55.17 
36896 3405 29 69 52 41 160 0 16.46 49.27 
37071 3349 30 70 53 41 163 26 16.46 47.96 
37246 3349 30 70 53 41 163 0 16.46 49.27 
37421 3349 30 70 53 41 163 23 16.15 54.31 
37596 3349 30 70 53 41 164 0 48.65 48.94 
37773 3454 30 70 53 42 164 2 42.50 42.64 
37949 3322 33 85 62 50 196 0 16.15 6.77 
38122 3333 38 103 74 61 236 14 31.60 32.57 
38297 3370 42 114 82 68 262 0 26.47 27.00 
38471 3188 46 128 90 74 291 16 21.84 21.81 
38645 3203 54 158 110 92 359 0 16.78 5.49 
38817 3186 58 158 112 91 360 0 17.10 5.81 
38990 3173 59 146 106 83 333 0 17.08 5.81 
39163 3000 65 174 122 96 389 0 17.08 5.81 
39336 3032 66 173 122 96 389 15 17.08 5.81 
39508 3032 66 173 122 96 389 0 17.41 5.81 
39681 3032 66 173 122 96 389 0 17.08 6.78 
39854 3032 66 173 122 96 388 15 17.08 5.49 
40026 3032 66 173 122 96 389 0 17.08 6.77 
40199 3032 66 173 122 96 388 7 17.41 17.07 
40372 3032 66 173 122 96 388 6 7.74 5.49 
40544 3032 66 173 122 96 389 0 17.41 17.07 
40717 3032 66 173 122 96 389 0 9.42 17.07 
40890 3032 66 173 122 96 389 1 7.75 16.12 
41063 3032 66 173 122 96 389 0 14.14 22.98 
41236 3152 63 154 112 87 352 13 23.29 29.99 
41410 3122 58 163 114 93 367 0 35.44 38.59 
41586 3199 54 147 104 85 335 10 40.00 17.37 
41761 3260 43 118 84 69 270 0 23.29 46.60 
41936 3347 45 115 84 68 265 10 46.85 29.50 
42112 3906 32 66 54 43 164 0 46.26 15.81 
42287 4944 30 56 51 43 150 12 46.26 16.12 
42462 5181 30 56 51 44 151 0 46.83 15.79 
42637 4944 30 56 51 43 151 14 49.01 49.44 
42814 5521 29 54 50 44 148 0 32.35 37.67 
42989 9075 27 59 56 57 172 0 15.83 18.02 
43162 5915 28 52 49 44 146 0 55.74 42.62 
43339 3667 53 70 68 43 180 13 58.09 44.39 
43516 3671 54 70 69 43 183 0 56.58 51.46 
43694 3645 54 69 68 42 180 0 57.97 53.29 
43872 3618 53 68 67 41 176 13 58.65 56.08 
44050 3618 53 68 67 41 176 4 23.31 22.41 
44224 3645 54 69 68 42 180 5 62.56 55.78 
44402 3605 55 70 69 42 182 60 63.24 55.49 
44580 3645 54 69 68 42 178 0 63.10 59.82 
44758 3720 47 64 62 40 165 0 62.97 59.53 
44936 3693 48 63 62 39 162 61 64.23 57.17 
45114 3642 58 74 73 45 191 0 62.99 57.58 
45292 3642 67 84 84 51 220 0 58.94 56.17 
45470 3624 69 83 84 50 217 30 57.68 15.79 
45645 3635 67 81 82 49 213 0 57.27 55.62 
45823 3635 67 81 82 49 213 0 57.26 55.17 
46001 3635 67 81 82 49 213 30 57.26 55.64 
46179 3635 67 81 82 49 213 1 57.27 55.62 
46357 3635 67 81 82 49 213 8 57.26 55.64 
46535 3635 67 81 82 49 213 55 57.26 55.64 
46713 3635 67 81 82 49 213 0 57.27 55.64 
46891 3635 67 81 82 49 213 0 57.95 55.49 
47069 3635 67 81 82 49 213 46 55.40 23.55 
47245 3588 64 79 79 47 206 0 50.86 17.07 
47420 3547 44 64 59 38 162 14 50.35 15.49 
47595 2258 31 100 62 46 205 0 43.69 12.10 
47769 2416 34 101 65 48 211 25 45.27 10.74 
47943 3661 37 74 60 46 179 0 45.27 38.35 
48119 5424 40 66 65 55 185 22 47.06 38.35 
48295 5424 40 66 65 55 185 0 42.48 9.74 
48469 5453 43 66 67 56 187 7 4.86 31.02 
48642 7419 48 65 76 69 209 0 6.14 28.97 
48815 10965 63 79 105 105 290 0 9.42 10.08 
48987 11384 64 81 108 109 299 0 34.94 9.74 
49161 11384 64 81 108 109 299 0 34.94 16.12 
49335 11384 64 81 108 109 299 7 34.94 16.44 
49509 11384 64 81 108 109 299 0 34.94 16.75 
49683 11384 64 81 108 109 299 7 34.95 15.79 
49857 11384 64 81 108 109 299 0 34.94 16.12 
50031 11039 65 81 109 109 299 0 34.94 34.12 
50206 11039 65 81 109 109 299 0 34.94 34.90 
50381 11039 65 81 109 109 299 0 34.94 34.12 
50556 11039 65 81 109 109 299 0 34.94 34.10 
50731 11039 65 81 109 109 299 0 33.92 34.10 
50906 11039 65 81 109 109 300 0 29.02 29.22 
51081 11407 63 80 107 108 296 0 22.15 22.98 
51255 11404 70 87 117 118 324 0 18.99 21.18 
51429 9834 83 100 133 129 363 0 21.84 25.26 
51603 10461 86 105 141 139 386 0 27.03 30.77 
51778 9762 78 95 126 122 345 0 30.57 32.04 
51953 11850 75 92 126 128 348 0 31.08 32.56 
52128 9509 57 74 94 91 259 0 33.15 35.38 
52303 11832 65 82 110 112 304 0 41.84 43.40 
52479 11503 61 76 103 104 283 0 42.08 42.23 
52655 8925 64 83 104 99 286 0 41.62 47.58 
52831 8669 47 63 77 73 214 0 46.65 42.01 
53007 9466 53 68 87 84 241 0 33.39 35.38 
53182 7953 65 86 104 96 285 0 36.16 18.65 
53356 11873 60 77 103 105 286 0 36.38 15.49 
53530 10910 64 82 108 108 299 0 35.68 24.41 
53705 11462 74 91 124 125 342 0 15.83 22.69 
53878 2796 33 91 62 48 198 0 9.42 9.74 
54050 1698 28 129 68 51 242 14 9.42 9.74 
54222 1937 36 140 80 60 275 0 9.42 9.74 
54394 1959 37 141 81 61 275 0 9.42 9.74 
54566 1959 37 141 81 61 275 14 16.15 16.76 
54739 1959 37 141 81 61 275 3 12.12 19.28 
54912 1824 32 134 74 56 258 0 9.08 14.47 
55085 3169 86 140 118 74 332 24 7.74 9.74 
55257 3604 131 151 156 90 400 0 5.18 5.81 
55429 10442 37 85 80 84 249 0 4.86 5.49 
55601 3612 71 154 121 95 371 25 9.76 6.77 
55773 3294 89 193 148 111 452 0 15.83 6.78 
55945 3686 60 131 103 82 316 0 7.75 6.77 
56117 10379 35 83 77 81 241 18 19.31 20.86 
56291 4810 74 113 111 88 312 0 22.46 25.86 
56465 3225 71 118 99 64 281 1 23.60 28.14 
56639 4928 55 113 98 85 293 0 28.75 28.97 
56814 10380 84 104 138 136 379 0 28.76 28.14 
56988 10173 89 108 144 141 393 0 23.31 28.14 
57162 10210 90 109 146 143 400 0 22.15 27.28 
57336 10768 87 106 143 142 393 6 17.08 21.81 
57509 10396 86 107 142 140 391 0 15.83 17.70 
57682 3629 44 111 83 69 261 10 15.83 15.81 
57855 3207 97 149 129 79 357 0 16.15 16.12 
58028 3613 187 200 215 119 540 0 17.73 18.33 
58201 3598 186 198 213 117 534 2 15.83 16.44 
58374 3583 185 196 211 115 528 0 16.46 15.79 
58547 3606 108 121 127 72 497 0 19.31 17.70 
58720 3528 43 69 61 41 171 0 17.08 16.42 
58893 2786 32 80 56 41 175 0 24.16 18.65 
59067 2385 36 108 69 51 224 16 19.31 15.79 
59240 2686 34 85 59 42 184 0 22.73 16.44 
59413 3618 98 115 118 69 306 0 22.44 15.79 
59586 3567 155 171 180 100 457 0 23.02 15.79 
59759 3585 140 156 164 92 418 0 26.45 23.85 
59933 3655 83 97 100 59 261 6 43.88 23.83 
60108 2245 33 105 65 48 214 0 30.04 30.51 
60283 5313 45 92 81 72 243 7 39.32 35.85 
60459 6654 48 84 84 77 245 5 42.30 40.41 
60635 3804 54 122 96 78 295 0 46.46 44.20 
60811 3653 83 119 111 73 303 0 45.66 43.81 
60987 2888 73 104 89 46 239 0 42.30 41.99 
61163 4054 73 104 101 71 277 0 43.88 48.94 
61340 4118 118 169 164 117 453 0 44.27 48.93 
61517 4094 121 176 169 121 466 6 42.48 43.23 
61693 4072 117 171 164 117 452 0 34.68 36.31 
61868 3835 51 112 89 72 272 0 30.82 33.59 
62043 3127 19 104 63 63 228 0 31.33 34.12 
62218 3126 20 95 59 57 208 0 35.90 37.89 
62393 3171 19 102 62 62 224 0 42.69 38.81 
62569 3301 24 99 64 60 220 0 50.35 43.23 
62746 4031 90 136 128 92 357 0 52.05 49.08 
62923 3265 92 131 118 70 320 0 55.85 49.28 
63100 2799 56 106 81 50 238 3 60.33 39.27 
63277 5711 53 70 78 64 210 0 59.48 41.31 
63454 4265 47 75 70 53 197 0 59.64 56.32 
63632 5028 51 69 73 57 199 9 59.62 55.91 
63810 6145 56 58 76 61 196 0 60.04 53.29 
63988 6040 55 57 74 59 191 0 56.69 55.15 
64166 6247 57 59 78 63 200 9 56.15 55.79 
64344 6346 59 60 80 65 204 0 55.85 55.51 
64522 6346 59 60 80 65 206 0 49.33 54.65 
64699 4314 39 68 61 48 175 7 46.85 49.44 
64876 2493 31 100 64 50 210 0 16.78 45.80 
65051 2444 30 100 63 50 210 0 16.78 47.19 
65226 2431 30 102 64 51 213 0 14.48 46.19 
65401 2571 29 89 58 45 189 0 43.67 39.93 
65577 2848 33 84 59 44 184 0 42.48 12.44 
65751 3054 41 83 64 44 190 0 46.46 6.78 
65925 3084 36 76 58 41 173 0 47.84 7.74 
66099 3268 29 60 47 34 141 6 47.46 9.06 
66273 3344 30 59 47 34 139 0 43.49 15.49 
66448 3280 42 72 60 40 172 9 47.46 39.71 
66624 2779 84 124 103 52 281 0 47.85 38.83 
66800 2666 103 148 122 56 329 1 47.85 39.27 
66976 2641 101 147 120 55 325 0 47.45 39.27 
67152 2656 100 147 120 56 325 0 47.85 39.27 
67328 2656 100 147 120 56 325 0 47.85 39.27 
67504 2656 100 147 120 56 325 0 48.06 39.49 
67680 2656 100 147 120 56 325 2 9.08 37.23 
67854 2741 93 136 113 55 306 0 9.08 38.11 
68028 3011 55 83 71 40 197 0 9.08 36.52 
68202 3048 49 75 64 37 178 0 9.08 38.13 
68376 3048 49 75 64 37 178 0 9.08 38.13 
68550 3048 49 75 64 37 178 3 9.08 38.13 
68724 3048 49 75 64 37 178 0 10.10 30.77 
68898 3048 49 75 64 37 178 9 40.70 43.20 
69074 3102 50 77 66 39 183 0 42.30 48.16 
69250 2705 34 89 61 45 193 0 41.38 44.20 
69426 2644 28 93 60 49 198 0 39.34 39.71 
69602 2341 29 102 63 50 211 0 39.32 40.19 
69778 3016 46 87 68 45 200 0 9.42 38.11 
69952 2910 45 85 66 42 193 0 9.08 38.59 
70126 3032 47 81 66 41 189 0 9.08 30.50 
70299 2963 54 81 69 38 191 4 8.06 35.14 
70473 2979 53 80 68 38 189 0 8.40 35.39 
70647 2983 62 91 78 43 215 0 7.74 34.87 
70821 2643 96 141 115 53 313 0 7.74 35.14 
70995 2626 96 142 115 53 313 0 7.43 34.61 
71169 2633 102 150 122 56 332 0 7.74 34.36 
71343 2629 103 152 123 57 335 0 9.08 6.77 
71515 2630 98 146 118 55 323 10 43.28 5.49 
71689 2666 86 130 105 51 290 0 43.28 5.49 
71863 2676 87 132 107 52 295 1 43.28 4.52 
72037 2667 90 134 109 52 299 0 43.28 4.84 
72211 2667 90 134 109 52 298 0 43.28 4.20 
72385 2667 90 134 109 52 300 0 43.28 7.41 
72559 2648 90 135 109 52 300 0 43.28 4.52 
72733 2648 90 135 109 52 300 4 43.26 4.52 
72907 2648 90 135 109 52 300 0 43.28 5.81 
73081 2648 90 135 109 52 300 8 43.28 5.81 
73255 2648 90 135 109 52 300 0 43.28 5.81 
73429 2648 90 135 109 52 300 0 43.28 5.81 
73603 2648 90 135 109 52 301 0 43.28 5.81 
73777 2648 90 135 109 52 301 0 43.28 5.81 
73951 2648 90 135 109 52 301 0 43.26 5.80 
74125 2663 91 135 110 52 301 0 43.28 5.81 
74299 2663 91 135 110 52 301 10 43.26 5.80 
74473 2663 91 135 110 52 301 0 43.28 5.81 
74647 2663 91 135 110 52 301 3 43.28 5.80 
74821 2663 91 135 110 52 301 0 43.26 5.81 
74995 2663 91 135 110 52 301 0 43.28 5.81 
75169 2663 91 135 110 52 301 0 43.26 5.81 
75343 2663 91 135 110 52 301 0 43.28 5.81 
75517 2663 91 135 110 52 301 4 43.26 5.80 
75691 2663 91 135 110 52 301 0 43.28 5.81 
75865 2663 91 135 110 52 301 10 43.28 5.80 
76039 2663 91 135 110 52 301 0 43.28 5.81 
76213 2663 91 135 110 52 301 0 43.28 5.80 
76387 2663 91 135 110 52 301 0 43.28 5.80 
76561 2663 91 135 110 52 301 0 43.28 5.80 
76735 2663 91 135 110 52 302 0 43.28 5.81 
76909 2663 91 135 110 52 302 0 43.28 5.80 
77083 2663 91 135 110 52 302 7 43.28 5.81 
77257 2663 91 135 110 52 301 0 43.28 5.80 
77431 2681 91 135 110 53 302 3 43.28 5.81 
77605 2681 91 135 110 53 302 0 43.28 5.81 
77779 2681 91 135 110 53 302 0 43.28 4.52 
77953 2681 91 135 110 53 302 0 43.28 4.52 
78127 2662 90 136 110 53 302 0 43.28 4.54 
78301 2662 90 136 110 53 302 3 43.26 4.52 
78475 2662 90 136 110 53 302 0 43.28 4.52 
78649 2662 90 136 110 53 303 10 43.28 5.80 
78823 2662 90 136 110 53 303 0 43.26 5.81 
78997 2662 90 136 110 53 303 0 43.28 5.81 
79171 2662 90 136 110 53 303 0 43.28 5.81 
79345 2662 90 136 110 53 303 0 43.67 5.81 
79519 2662 90 136 110 53 303 0 43.28 5.81 
79693 2662 90 136 110 53 303 0 43.28 5.80 
79867 2662 90 136 110 53 303 10 43.28 5.80 
80041 2662 90 136 110 53 303 0 43.28 5.81 
80215 2662 90 136 110 53 303 3 43.28 4.52 
80389 2662 90 136 110 53 303 0 43.26 5.81 
80563 2662 90 136 110 53 303 0 43.26 4.52 
80737 2662 90 136 110 53 303 0 43.26 4.52 
80911 2662 90 136 110 53 302 0 43.26 4.52 
81085 2662 90 136 110 53 303 19 43.28 4.52 
81259 2667 93 139 113 54 310 2 44.66 4.52 
81433 2654 93 138 112 53 306 9 43.26 5.80 
81607 2654 93 138 112 53 306 0 43.28 5.80 
81781 2658 91 137 111 53 305 0 43.26 5.81 
81955 2658 91 137 111 53 306 0 43.28 5.81 
82129 2658 91 137 111 53 306 0 43.28 5.81 
82303 2658 91 137 111 53 306 0 43.28 5.81 
82477 2658 91 137 111 53 306 0 43.28 5.80 
82651 2658 91 137 111 53 306 5 43.28 5.81 
82825 2658 91 137 111 53 306 0 42.87 5.80 
82999 2658 91 137 111 53 306 2 42.89 5.81 
83173 2658 91 137 111 53 306 0 43.30 5.81 
83347 2658 91 137 111 53 306 0 43.26 5.81 
83521 2658 91 137 111 53 306 0 43.28 5.80 
83695 2658 91 137 111 53 306 0 43.28 5.81 
83869 2658 91 137 111 53 306 0 43.28 5.81 
84043 2658 91 137 111 53 306 0 43.28 5.80 
84217 2658 91 137 111 53 306 7 43.28 5.81 
84391 2658 91 137 111 53 306 0 43.28 5.81 
84565 2658 91 137 111 53 306 0 43.28 5.80 
84739 2658 91 137 111 53 306 0 43.26 5.81 
84913 2658 91 137 111 53 306 0 43.26 5.80 
85087 2658 91 137 111 53 306 0 43.28 5.81 
85261 2658 91 137 111 53 306 0 43.28 5.81 
85435 2658 91 137 111 53 305 4 43.28 4.52 
85609 2663 91 135 110 52 301 0 43.28 4.52 
85783 2667 90 134 109 52 299 2 43.28 5.81 
85957 2658 91 137 111 53 304 0 43.28 4.52 
86131 2658 91 137 111 53 305 0 43.28 5.81 
86305 2658 91 137 111 53 304 0 43.28 4.52 
86479 2658 91 137 111 53 305 6 43.26 4.52 
86653 2658 91 137 111 53 305 0 43.28 4.52 
86827 2658 91 137 111 53 305 0 43.26 5.81 
87001 2658 91 137 111 53 305 5 43.28 5.81 
87175 2658 91 137 111 53 305 0 43.28 4.52 
87349 2658 91 137 111 53 305 0 43.28 5.80 
87523 2658 91 137 111 53 305 0 43.26 4.52 
87697 2658 91 137 111 53 305 0 43.67 4.52 
87871 2658 91 137 111 53 305 0 43.28 5.81 
88045 2658 91 137 111 53 305 0 43.28 5.80 
88219 2658 91 137 111 53 305 4 43.28 5.81 
88393 2658 91 137 111 53 306 0 43.26 5.81 
88567 2658 91 137 111 53 306 5 43.28 5.80 
88741 2658 91 137 111 53 306 0 43.28 5.81 
88915 2654 93 138 112 53 306 0 43.67 5.80 
89089 2654 93 138 112 53 306 0 43.28 5.81 
89263 2654 93 138 112 53 306 0 43.28 5.81 
89437 2658 91 137 111 53 306 0 42.89 5.81 
89611 2658 91 137 111 53 306 0 43.28 5.80 
89785 2658 91 137 111 53 306 6 43.28 5.81 
89959 2658 91 137 111 53 306 0 43.28 5.80 
90133 2654 93 138 112 53 306 0 43.28 5.81 
90307 2654 93 138 112 53 306 0 43.69 5.80 
90481 2658 91 137 111 53 306 0 43.28 5.81 
90655 2658 91 137 111 53 306 0 42.89 5.81 
90829 2658 91 137 111 53 306 0 42.87 5.80 
91003 2658 91 137 111 53 306 0 43.28 5.81 
91177 2658 91 137 111 53 306 0 43.28 5.80 
91351 2639 91 138 111 53 306 7 38.42 5.80 
91525 2658 91 137 111 53 306 0 43.28 5.81 
91699 2658 91 137 111 53 306 0 43.26 5.81 
91873 2658 91 137 111 53 305 0 43.28 5.81 
92047 2658 91 137 111 53 306 0 43.28 5.80 
92221 2658 91 137 111 53 306 0 43.26 5.81 
92395 2658 91 137 111 53 306 0 43.28 5.81 
92569 2658 91 137 111 53 306 4 43.28 5.81 
92743 2639 91 138 111 53 306 0 43.28 5.81 
92917 2639 91 138 111 53 306 2 43.28 5.80 
93091 2639 91 138 111 53 306 0 43.28 5.81 
93265 2639 91 138 111 53 306 0 43.28 5.81 
93439 2639 91 138 111 53 306 0 43.28 5.81 
93613 2639 91 138 111 53 306 0 43.28 5.81 
93787 2639 91 138 111 53 306 0 43.28 5.80 
93961 2639 91 138 111 53 306 0 43.26 5.81 
94135 2639 91 138 111 53 306 6 43.28 5.80 
94309 2639 91 138 111 53 306 0 43.28 5.81 
94483 2639 91 138 111 53 306 0 43.28 5.81 
94657 2639 91 138 111 53 306 0 43.28 5.81 
94831 2654 93 138 112 53 306 0 43.28 5.81 
95005 2654 93 138 112 53 306 0 43.28 5.81 
95179 2639 91 138 111 53 306 0 43.28 5.81 
95353 2639 91 138 111 53 306 1 43.28 5.80 
95527 2639 91 138 111 53 306 0 43.28 5.80 
95701 2639 91 138 111 53 306 5 43.28 5.80 
95875 2639 91 138 111 53 306 0 43.26 5.81 
96049 2639 91 138 111 53 306 0 43.28 5.80 
96223 2639 91 138 111 53 306 0 43.28 5.81 
96397 2639 91 138 111 53 306 0 43.28 5.81 
96571 2639 91 138 111 53 306 0 43.26 5.80 
96745 2639 91 138 111 53 306 0 43.26 5.80 
96919 2639 91 138 111 53 306 4 43.28 5.81 
97093 2639 91 138 111 53 306 0 43.28 5.81 
97267 2639 91 138 111 53 306 3 43.26 5.81 
97441 2639 91 138 111 53 306 0 43.26 5.81 
97615 2639 91 138 111 53 306 0 43.28 5.81 
97789 2639 91 138 111 53 306 0 43.28 5.81 
97963 2639 91 138 111 53 306 0 43.28 5.81 
98137 2639 91 138 111 53 306 0 43.28 5.81 
98311 2639 91 138 111 53 306 0 43.26 5.81 
98485 2639 91 138 111 53 306 6 43.28 5.80 
98659 2639 91 138 111 53 306 0 43.26 5.81 
98833 2654 93 138 112 53 306 0 43.28 5.81 
99007 2639 91 138 111 53 306 0 43.28 5.80 
99181 2639 91 138 111 53 306 0 43.28 5.81 
99355 2639 91 138 111 53 306 0 7.75 4.52 
99527 2639 91 138 111 53 306 0 48.82 3.89 
99701 2639 91 138 111 53 306 6 44.27 3.25 
99875 2654 93 138 112 53 306 0 4.86 3.57 
100047 2658 91 137 111 53 306 0 4.86 6.44 
100219 2639 91 138 111 53 306 20 45.85 7.74 
100393 2658 91 137 111 53 306 0 6.14 6.77 
100565 2658 91 137 111 53 306 0 6.14 6.78 
100737 2658 91 137 111 53 306 0 6.14 16.44 
100909 2658 91 137 111 53 306 0 6.14 20.23 
101082 2658 91 137 111 53 306 0 6.14 6.78 
101254 2658 91 137 111 53 306 0 6.14 6.77 
101426 2654 93 138 112 53 306 0 6.14 9.08 
101598 2654 93 138 112 53 306 0 4.86 6.77 
101770 2658 91 137 111 53 306 1 6.14 9.74 
101942 2658 91 137 111 53 306 0 4.86 5.49 
102114 2658 91 137 111 53 306 0 8.40 6.78 
102286 2654 93 138 112 53 307 3 7.74 11.08 
102458 2667 93 139 113 54 309 0 9.08 6.77 
102630 2654 93 138 112 53 307 0 9.08 6.77 
102802 2654 93 138 112 53 307 5 9.08 9.40 
102974 2654 93 138 112 53 307 0 9.08 6.77 
103146 2654 93 138 112 53 307 0 9.08 9.40 
103318 2654 93 138 112 53 307 6 9.08 6.78 
103490 2654 93 138 112 53 307 0 9.08 8.06 
103662 2654 93 138 112 53 307 0 9.08 8.04 
103834 2654 93 138 112 53 307 6 9.08 8.04 
104006 2654 93 138 112 53 307 0 9.08 8.06 
104178 2654 93 138 112 53 307 0 9.08 8.04 
104350 2654 93 138 112 53 307 2 9.08 6.77 
104522 2654 93 138 112 53 307 0 9.08 6.78 
104694 2654 93 138 112 53 307 0 9.08 6.77 
104866 2654 93 138 112 53 307 0 7.43 8.06 
105038 2654 93 138 112 53 306 0 6.14 6.77 
105210 2654 93 138 112 53 307 0 9.08 8.04 
105382 2639 91 138 111 53 306 0 9.08 6.77 
105554 2658 91 137 111 53 305 0 42.87 34.61 
105730 2662 90 136 110 53 303 0 42.89 33.32 
105906 2671 89 133 108 52 298 0 9.08 36.75 
106080 2663 91 135 110 52 301 0 6.46 33.86 
106254 2621 117 171 139 63 376 0 40.24 41.09 
106430 2760 93 136 113 56 307 0 42.89 45.39 
106606 2884 68 105 87 48 242 0 42.89 51.12 
106783 2671 30 89 59 46 192 0 41.84 7.09 
106957 3211 26 60 45 34 138 0 35.70 5.81 
107131 2468 31 97 62 48 204 0 29.02 5.81 
107304 2779 93 135 113 56 305 0 22.44 5.81 
107477 2633 119 171 140 63 378 0 18.99 5.81 
107650 3567 104 149 138 89 379 0 22.44 25.86 
107824 4022 175 248 240 168 663 0 28.75 32.32 
107999 4041 171 244 236 166 653 4 34.42 39.49 
108175 2652 110 158 130 59 351 0 31.84 42.40 
108351 2620 114 166 135 61 366 3 26.74 33.85 
108526 3261 102 146 131 78 358 0 20.89 9.74 
108699 4028 144 208 200 141 554 10 15.83 18.00 
108872 3528 60 149 111 91 349 0 11.78 7.09 
109044 2116 18 134 74 75 279 0 6.46 10.40 
109216 6804 85 110 129 113 356 1 7.75 8.72 
109388 6457 98 118 143 121 384 0 9.42 6.77 
109560 6415 89 107 129 109 347 0 10.78 6.77 
109732 6109 66 82 96 80 262 0 11.44 16.12 
109905 5287 51 70 75 60 208 0 10.76 15.79 
110078 5464 53 70 77 62 212 0 16.13 29.73 
110252 5998 68 84 98 81 265 4 27.32 8.72 
110425 6225 98 128 146 124 399 0 7.11 8.38 
110597 1700 24 164 76 57 290 0 11.44 15.79 
110770 1749 21 151 69 52 265 0 13.14 22.68 
110943 1788 21 151 68 50 263 0 13.14 9.72 
111115 1788 21 151 68 50 263 0 13.14 8.38 
111287 1805 20 151 68 51 263 0 11.44 9.74 
111459 1837 20 152 68 51 263 0 11.44 15.81 
111632 1837 20 152 68 51 263 0 13.14 5.81 
111804 1837 20 152 68 51 263 0 18.04 5.81 
111977 1837 20 152 68 51 264 0 13.14 4.52 
112149 1837 20 152 68 51 264 3 18.99 7.11 
112322 1837 20 152 68 51 264 0 13.14 4.52 
112494 1837 20 152 68 51 264 0 13.12 5.81 
112666 1837 20 152 68 51 264 6 11.44 4.52 
112838 1837 20 152 68 51 264 0 11.44 5.81 
113010 1837 20 152 68 51 265 0 11.44 9.74 
113182 1837 20 152 68 51 265 3 13.14 8.06 
113354 1837 20 152 68 51 265 0 13.14 5.81 
113526 1837 20 152 68 51 265 0 13.14 12.78 
113699 1837 20 152 68 51 265 14 15.83 12.77 
113872 1837 20 152 68 51 265 0 13.14 11.08 
114045 1837 20 152 68 51 265 0 22.44 8.74 
114218 1837 20 152 68 51 265 4 13.14 5.53 
114390 1837 20 152 68 51 265 0 13.14 7.41 
114562 1837 20 152 68 51 265 0 13.14 10.74 
114735 1837 20 152 68 51 265 4 13.14 9.06 
114907 1837 20 152 68 51 265 0 13.14 9.06 
115079 1837 20 152 68 51 265 0 13.14 9.06 
115251 1837 20 152 68 51 265 3 13.12 9.06 
115423 1760 22 152 69 51 265 0 13.14 9.06 
115595 1837 20 152 68 51 265 0 13.14 9.06 
115767 1837 20 152 68 51 265 4 13.12 9.06 
115939 1837 20 152 68 51 265 0 13.12 9.06 
116111 1760 22 152 69 51 265 0 20.26 9.06 
