=~=~=~=~=~=~=~=~=~=~=~= PuTTY log 2025.11.28 22:01:01 =~=~=~=~=~=~=~=~=~=~=~=
ets Jul 29 2019 12:21:46

rst:0x1 (POWERON_RESET),boot:0x13 (SPI_FAST_FLASH_BOOT)
configsip: 0, SPIWP:0xee
clk_drv:0x00,q_drv:0x00,d_drv:0x00,cs0_drv:0x00,hd_drv:0x00,wp_drv:0x00
mode:DIO, clock div:1
load:0x3fff0030,len:4980
load:0x40078000,len:16612
load:0x40080400,len:3480
entry 0x400805b4
Found sensor
Milis - ColorTemp - Lux - R - G - B - C - Pot - UsensA - UsensB

399 6374 55 56 75 61 193 2 4.54 18.65 
572 6374 55 56 75 61 193 6 5.81 18.65 
745 6374 55 56 75 61 193 0 4.54 16.12 
917 6374 55 56 75 61 193 0 5.81 18.65 
1090 6374 55 56 75 61 193 0 4.54 15.79 
1262 6374 55 56 75 61 193 0 5.81 18.65 
1435 6374 55 56 75 61 193 0 4.54 15.79 
1607 6374 55 56 75 61 193 0 4.54 15.79 
1779 6374 55 56 75 61 193 0 4.54 15.81 
1951 6374 55 56 75 61 193 0 4.54 15.81 
2123 6374 55 56 75 61 193 0 4.54 15.79 
2295 6374 55 56 75 61 193 0 4.54 19.92 
2468 6374 55 56 75 61 193 0 4.54 15.79 
2640 6374 55 56 75 61 193 0 4.54 15.81 
2812 6374 55 56 75 61 193 0 4.54 15.79 
2984 6374 55 56 75 61 193 0 4.54 15.81 
3156 6374 55 56 75 61 193 0 4.54 15.79 
3328 6374 55 56 75 61 193 0 4.54 15.79 
3500 6374 55 56 75 61 193 0 4.54 15.79 
3672 6374 55 56 75 61 193 0 4.54 19.91 
3845 6374 55 56 75 61 193 0 4.54 15.79 
4017 6374 55 56 75 61 193 0 4.54 15.79 
4189 6374 55 56 75 61 193 0 4.54 16.12 
4361 6374 55 56 75 61 193 0 4.54 15.79 
4533 6374 55 56 75 61 193 0 4.54 16.12 
4705 6374 55 56 75 61 193 0 4.54 19.91 
4878 6374 55 56 75 61 193 0 4.54 16.12 
5050 6374 55 56 75 61 193 0 4.54 19.91 
5223 6374 55 56 75 61 193 0 4.54 16.12 
5395 6374 55 56 75 61 193 0 4.54 15.79 
5567 6374 55 56 75 61 193 0 4.54 15.79 
5739 6374 55 56 75 61 193 0 4.54 15.81 
5911 6374 55 56 75 61 193 0 4.54 16.12 
6083 6374 55 56 75 61 193 0 4.54 15.81 
6255 6374 55 56 75 61 193 0 4.54 16.12 
6427 6374 55 56 75 61 193 0 4.54 15.79 
6599 6374 55 56 75 61 193 0 4.54 15.79 
6771 6374 55 56 75 61 193 0 4.54 15.79 
6943 6374 55 56 75 61 193 0 4.54 15.79 
7115 6374 55 56 75 61 193 0 4.54 15.81 
7287 6374 55 56 75 61 193 0 4.54 15.79 
7459 6374 55 56 75 61 193 0 4.54 15.81 
7631 6374 55 56 75 61 193 0 4.54 16.12 
7803 6374 55 56 75 61 193 2 4.54 15.81 
7975 6374 55 56 75 61 193 0 4.54 15.79 
8147 6374 55 56 75 61 193 0 4.54 15.79 
8319 6374 55 56 75 61 193 5 4.54 15.81 
8491 6374 55 56 75 61 193 0 4.54 15.79 
8663 6374 55 56 75 61 193 0 4.54 16.12 
8835 6374 55 56 75 61 193 7 4.54 15.81 
9007 6374 55 56 75 61 193 0 4.54 15.81 
9179 6374 55 56 75 61 193 0 4.54 15.79 
9351 6374 55 56 75 61 193 7 4.54 15.79 
9523 6374 55 56 75 61 193 0 4.54 15.81 
9695 6374 55 56 75 61 193 0 4.54 16.12 
9867 6374 55 56 75 61 193 7 4.54 15.79 
10039 6374 55 56 75 61 193 0 4.54 16.12 
10211 6374 55 56 75 61 193 0 4.54 15.79 
10383 6374 55 56 75 61 193 4 4.54 15.79 
10555 6374 55 56 75 61 193 0 4.54 19.91 
10728 6374 55 56 75 61 193 0 4.54 16.12 
10900 6374 55 56 75 61 193 6 4.54 19.91 
11073 6374 55 56 75 61 193 0 4.54 15.79 
11245 6374 55 56 75 61 193 0 4.54 19.91 
11418 6374 55 56 75 61 193 7 4.54 15.79 
11590 6374 55 56 75 61 193 0 4.54 19.91 
11763 6374 55 56 75 61 193 0 4.54 15.79 
11935 6374 55 56 75 61 193 4 4.54 20.86 
12108 6374 55 56 75 61 193 0 4.54 15.79 
12280 6374 55 56 75 61 193 0 4.54 19.91 
12453 6374 55 56 75 61 193 0 4.54 15.79 
12625 6374 55 56 75 61 193 0 4.54 19.91 
12798 6374 55 56 75 61 193 0 4.54 16.12 
12970 6374 55 56 75 61 193 0 4.54 19.92 
13143 6374 55 56 75 61 193 0 4.54 15.79 
13315 6374 55 56 75 61 193 0 4.54 15.79 
13487 6374 55 56 75 61 193 0 4.54 15.81 
13659 6374 55 56 75 61 193 0 4.54 20.86 
13832 6374 55 56 75 61 193 0 4.86 16.12 
14004 6374 55 56 75 61 193 0 4.54 19.91 
14177 6374 55 56 75 61 193 0 4.54 19.91 
14350 6374 55 56 75 61 193 6 4.86 16.12 
14522 6374 55 56 75 61 193 0 4.86 16.44 
14694 6374 55 56 75 61 192 0 4.54 19.91 
14867 6374 55 56 75 61 192 8 4.54 16.12 
15039 6554 54 55 74 61 192 0 4.86 16.12 
15211 6374 55 56 75 61 193 0 4.86 16.44 
15383 6374 55 56 75 61 193 7 4.54 19.91 
15556 6374 55 56 75 61 193 0 4.84 16.44 
15728 6374 55 56 75 61 193 0 4.86 16.44 
15900 6374 55 56 75 61 193 6 4.86 16.42 
16072 6374 55 56 75 61 193 0 4.54 16.12 
16244 6374 55 56 75 61 193 0 4.54 16.12 
16416 6374 55 56 75 61 192 7 5.81 16.12 
16588 6374 55 56 75 61 192 0 5.81 15.79 
16760 6554 54 55 74 61 191 0 4.54 16.12 
16932 6374 55 56 75 61 192 3 5.81 56.30 
17107 6554 54 55 74 61 191 0 4.54 19.60 
17280 6484 53 56 74 61 191 0 5.81 16.42 
17452 6374 55 56 75 61 192 0 4.54 56.34 
17627 6484 53 56 74 61 192 0 4.54 15.79 
17799 6374 55 56 75 61 192 2 4.54 15.81 
17971 6374 55 56 75 61 193 0 4.54 16.12 
18143 6374 55 56 75 61 193 0 4.54 16.12 
18315 6374 55 56 75 61 193 0 4.54 16.12 
18487 6374 55 56 75 61 193 0 4.54 16.12 
18659 6459 56 56 76 62 195 0 4.54 16.44 
18831 6459 56 56 76 62 195 0 5.81 16.42 
19003 6393 56 57 76 62 195 0 4.86 15.79 
19175 6393 56 57 76 62 196 0 4.86 16.12 
19347 6393 56 57 76 62 195 0 4.54 16.12 
19519 6459 56 56 76 62 194 0 4.86 17.37 
19691 6393 56 57 76 62 196 0 8.06 57.02 
19866 6393 56 57 76 62 196 0 4.54 56.32 
20041 6477 56 57 77 63 198 0 4.54 55.93 
20216 6036 57 57 76 60 197 0 4.54 55.90 
20391 6484 53 56 74 61 191 0 4.54 17.07 
20563 6484 53 56 74 61 192 0 4.54 56.34 
20738 6484 53 56 74 61 191 0 4.54 16.12 
20910 6374 55 56 75 61 192 0 4.54 22.12 
21083 6374 55 56 75 61 192 1 4.86 16.12 
21255 6374 55 56 75 61 192 0 4.86 16.12 
21427 6374 55 56 75 61 192 0 4.54 55.91 
21602 6374 55 56 75 61 193 5 4.54 18.65 
21775 6374 55 56 75 61 193 0 4.54 51.63 
21949 6374 55 56 75 61 193 0 4.86 16.12 
22121 6374 55 56 75 61 193 0 4.86 16.12 
22293 6374 55 56 75 61 193 0 4.54 19.91 
22466 6374 55 56 75 61 193 0 4.54 55.93 
22641 6374 55 56 75 61 193 0 4.86 16.12 
22813 6374 55 56 75 61 192 0 4.86 16.12 
22985 6374 55 56 75 61 193 6 4.54 19.91 
23158 6374 55 56 75 61 192 0 4.86 16.12 
23330 6374 55 56 75 61 192 0 4.84 16.12 
23502 6374 55 56 75 61 192 4 4.86 16.12 
23674 6374 55 56 75 61 192 0 4.86 16.12 
23846 6374 55 56 75 61 193 0 4.86 16.12 
24018 6374 55 56 75 61 193 6 4.86 16.12 
24190 6374 55 56 75 61 193 0 4.86 16.12 
24362 6374 55 56 75 61 193 0 4.86 16.12 
24534 6374 55 56 75 61 192 3 5.81 16.44 
24706 6484 53 56 74 61 191 0 5.51 15.79 
24878 4789 42 61 62 48 170 0 5.81 16.12 
25050 3241 40 74 60 41 174 0 5.81 16.44 
25222 3200 57 84 74 44 203 0 5.81 35.62 
25396 3238 57 83 74 44 202 0 6.78 35.62 
25570 3238 57 83 74 44 202 5 6.78 15.79 
25742 3224 56 83 73 44 200 0 6.78 30.26 
25915 3294 49 75 66 41 182 0 5.51 31.81 
26088 3514 46 68 62 40 172 0 5.49 31.79 
26261 3926 40 59 56 39 155 0 5.51 31.01 
26434 3926 40 59 56 39 155 0 4.86 34.37 
26607 3797 43 61 58 39 160 0 4.86 5.81 
26779 3238 54 79 70 42 190 4 4.86 17.37 
26951 3228 43 75 62 41 178 1 4.86 16.12 
27123 3205 33 76 57 43 175 0 6.78 16.75 
27296 3090 31 74 54 41 168 0 5.49 9.06 
27468 3257 39 75 60 42 175 0 5.81 36.74 
27642 3262 58 84 75 45 204 0 5.81 16.12 
27814 3262 58 84 75 45 205 0 4.54 44.22 
27988 3200 57 84 74 44 203 0 6.78 16.75 
28161 3292 51 77 68 42 186 0 6.78 15.79 
28333 4036 45 71 66 48 185 0 6.78 16.75 
28506 3905 56 101 87 66 254 0 4.84 20.55 
28679 3751 29 71 54 45 170 3 4.86 16.42 
28851 8656 45 58 72 68 198 0 4.54 18.65 
29024 8853 47 60 76 72 209 0 4.86 5.81 
29196 9155 46 60 75 72 208 0 4.86 36.55 
29370 5427 35 69 62 55 185 4 4.86 6.14 
29542 3713 28 62 49 39 151 0 4.84 6.14 
29714 3647 28 69 52 43 163 0 4.86 5.80 
29886 3737 28 68 52 43 163 5 4.86 5.81 
30058 3764 29 63 50 40 152 0 4.54 28.70 
30231 3543 27 78 56 48 180 0 6.78 30.77 
30404 3492 28 88 61 54 201 4 5.81 9.06 
30576 4989 31 57 52 44 154 0 6.78 16.75 
30749 4873 32 56 52 43 151 0 5.49 15.79 
30921 5756 35 55 56 48 160 2 6.78 21.18 
31094 8181 44 58 71 66 195 0 4.54 19.60 
31267 8558 44 59 72 68 200 0 6.78 16.75 
31440 8558 44 59 72 68 199 0 5.51 16.12 
31612 7980 43 59 70 65 193 0 4.86 15.49 
31784 2593 35 92 62 45 197 0 4.84 16.42 
31956 2471 36 99 65 47 209 0 5.49 15.79 
32128 2485 34 96 63 46 202 0 9.42 9.40 
32300 3090 46 87 69 46 201 0 6.78 11.76 
32472 3684 65 78 80 48 206 0 6.78 9.74 
32644 3649 82 94 98 57 248 0 4.54 7.74 
32816 3649 82 94 98 57 248 0 4.86 7.74 
32988 3611 83 97 100 58 254 4 16.78 4.84 
33160 5542 36 64 61 53 178 0 4.86 5.80 
33332 9068 28 61 58 59 178 0 4.86 5.81 
33504 4840 30 57 51 43 152 7 4.86 5.81 
33676 4840 30 57 51 43 151 0 4.86 5.81 
33848 4840 30 57 51 43 151 0 4.86 16.75 
34020 4840 30 57 51 43 151 6 4.54 5.17 
34192 3915 33 69 56 45 171 0 4.86 8.72 
34364 3448 42 111 81 67 258 0 6.14 4.52 
34536 3256 41 119 83 70 270 4 16.13 14.47 
34709 3322 43 123 87 73 282 0 7.11 5.17 
34881 3261 41 116 82 68 264 0 9.08 9.40 
35053 3381 39 96 71 57 223 7 7.75 5.49 
35225 3649 33 74 58 46 178 0 6.78 17.37 
35398 3202 36 97 69 56 220 0 6.78 16.42 
35571 3252 36 104 73 61 236 7 6.78 15.79 
35743 3252 38 106 75 62 242 0 6.78 16.12 
35916 3387 36 97 70 58 224 0 6.78 36.31 
36090 3388 44 125 89 75 288 0 5.81 15.79 
36262 3295 42 117 83 69 267 0 4.54 16.12 
36434 3390 41 115 82 69 265 0 9.76 20.23 
36607 3298 36 100 71 59 228 0 4.54 16.42 
36779 3304 32 82 60 48 189 0 5.81 15.79 
36951 3401 33 79 59 47 184 0 5.81 16.12 
37123 5993 30 58 54 49 160 0 4.86 32.06 
37296 6334 29 58 54 50 161 0 0.00 5.49 
38465 3710 45 61 59 38 158 0 6.46 5.49 
38637 3660 52 67 66 41 175 4 4.54 42.62 
38811 3676 50 65 64 40 169 0 4.86 43.60 
38985 3642 58 74 73 45 192 0 4.86 49.10 
39159 3599 66 82 82 49 214 0 4.86 16.12 
39331 3605 48 71 65 43 179 0 4.86 14.79 
39503 3025 32 71 53 38 160 3 5.51 54.15 
39678 2996 34 72 54 38 162 0 5.49 15.79 
39850 3096 34 72 55 39 165 0 4.54 17.39 
40022 3746 75 111 103 70 284 0 4.54 18.33 
40195 3759 84 117 112 74 303 0 4.54 18.34 
40368 3759 86 117 113 74 304 0 5.51 15.81 
40540 3759 86 117 113 74 304 0 5.51 54.50 
40715 3799 75 100 98 64 262 0 6.78 16.76 
40888 3656 50 67 65 41 174 0 5.51 15.81 
41060 3752 49 65 64 41 172 0 5.51 7.74 
41232 3732 51 67 66 42 176 0 5.81 17.70 
41405 3691 71 89 89 55 233 0 4.54 6.14 
41577 3145 38 77 60 42 178 0 4.86 17.07 
41749 2510 34 92 61 44 195 0 4.86 4.52 
41921 7959 42 57 68 63 189 0 4.86 5.80 
42093 10472 52 65 86 85 237 0 4.86 4.54 
42265 10455 52 66 87 86 240 0 4.86 5.80 
42437 5009 32 69 59 52 180 0 4.86 5.81 
42609 3257 26 92 61 55 206 0 4.86 5.81 
42781 3379 25 92 61 56 206 0 5.51 15.79 
42953 3379 25 92 61 56 206 0 5.51 5.17 
43125 3347 26 91 61 55 204 0 5.81 49.27 
43299 3610 28 71 53 44 167 0 5.81 49.27 
43473 3507 28 80 57 49 184 0 5.81 49.27 
43647 3507 28 80 57 49 184 0 5.81 49.27 
43821 3420 27 81 57 49 184 0 5.81 49.25 
43995 3420 27 81 57 49 184 0 5.81 49.27 
44169 3420 27 81 57 49 185 0 4.86 7.09 
44341 3420 27 81 57 49 185 0 9.42 17.39 
44514 3490 26 80 56 49 183 0 5.51 15.49 
44686 3584 26 79 56 49 182 0 5.49 15.79 
44858 3612 29 82 59 51 190 0 6.78 18.95 
45031 3592 30 87 62 54 201 0 5.51 28.42 
45204 3596 28 79 57 49 190 0 5.51 55.76 
45379 3647 28 69 52 43 163 2 4.86 29.22 
45552 3893 29 60 49 39 147 1 6.78 17.07 
45725 3709 27 73 54 46 173 0 6.78 36.99 
45899 3639 27 80 57 50 186 7 6.78 16.44 
46072 4102 73 109 104 75 289 0 6.78 17.70 
46245 4142 82 121 116 84 322 0 4.86 5.81 
46417 4113 79 119 113 82 315 4 4.86 5.81 
46589 3621 30 82 60 51 192 0 4.86 5.80 
46761 5986 34 62 59 53 174 0 4.86 5.81 
46933 6051 37 56 59 51 166 3 4.86 5.81 
47105 2971 36 78 58 41 176 0 4.86 5.81 
47277 2863 34 81 58 42 179 0 4.86 35.63 
47451 2808 34 82 58 42 180 5 4.86 35.63 
47625 2844 35 82 59 42 180 0 4.86 5.80 
47797 2844 35 82 59 42 181 0 5.81 35.62 
47971 2977 35 79 58 42 177 0 5.81 33.32 
48144 5754 40 58 62 52 171 0 6.78 31.77 
48317 7441 40 53 63 57 173 4 4.86 16.12 
48489 7358 40 55 64 58 178 0 6.46 5.49 
48661 9155 46 60 75 72 207 0 6.46 5.49 
48833 5559 32 66 59 53 177 4 4.54 16.12 
49005 3489 27 77 55 47 178 0 4.86 4.54 
49177 3677 29 75 56 47 178 0 4.86 4.54 
49349 3996 47 70 66 47 183 3 4.84 5.81 
49521 3960 39 68 60 45 172 0 4.86 6.14 
49693 3762 26 63 48 40 151 0 5.18 5.49 
49865 3887 30 60 50 39 148 0 6.78 16.12 
50038 3911 33 58 51 38 149 0 6.78 5.49 
50210 4093 78 115 110 79 306 0 6.78 36.53 
50384 4123 98 143 138 99 381 3 6.46 31.02 
50557 4085 92 134 129 92 357 0 6.46 5.49 
50729 2851 90 126 108 54 290 0 4.86 5.80 
50901 2954 71 102 88 47 237 2 4.86 4.52 
51073 2825 92 132 112 56 302 0 4.86 5.80 
51245 3764 68 101 94 64 261 0 4.86 15.79 
51417 4034 85 127 120 86 334 1 4.86 5.80 
51589 4034 82 121 115 82 320 0 4.86 5.80 
51761 4010 59 86 82 58 227 0 4.84 5.81 
51933 4089 58 86 82 59 228 6 4.86 5.81 
52105 4089 58 86 82 59 228 0 4.84 5.81 
52277 4089 58 86 82 59 228 0 4.86 5.80 
52449 4089 58 86 82 59 228 6 6.78 17.70 
52622 4035 59 87 83 59 231 0 5.49 7.74 
52794 3128 75 109 96 55 262 0 4.86 4.54 
52966 2759 100 143 120 58 325 6 4.86 5.80 
53138 2567 35 96 64 47 204 0 4.86 4.52 
53310 2553 33 98 64 49 208 0 4.86 6.14 
53482 2876 81 116 99 51 269 6 4.86 5.81 
53654 2973 76 108 94 50 254 0 4.86 5.81 
53826 2981 82 116 101 54 273 0 4.86 5.81 
53998 2981 82 116 101 54 272 4 4.86 5.81 
54170 2981 82 116 101 54 273 0 4.86 5.80 
54342 2957 81 117 101 54 273 0 4.54 47.96 
54516 2971 83 117 102 54 275 3 4.54 16.76 
54688 3002 75 108 94 51 255 0 4.86 40.85 
54862 2838 97 135 116 57 311 0 5.18 5.81 
55034 2755 95 136 114 55 308 0 4.84 5.81 
55206 2732 117 168 140 67 377 0 4.86 6.14 
55378 2671 41 97 68 47 211 0 4.86 6.12 
55550 2197 27 102 61 49 207 2 4.86 6.14 
55722 2227 26 102 61 50 208 0 5.81 6.12 
55894 2227 26 102 61 50 208 0 4.86 4.54 
56066 2236 27 103 62 50 211 5 4.86 4.52 
56238 2482 31 95 61 47 200 0 4.86 5.80 
56410 3046 42 77 61 40 179 0 4.86 17.39 
56582 3032 44 75 61 38 175 3 4.86 5.80 
56754 3032 44 75 61 38 175 0 4.86 8.74 
56926 3078 44 74 61 38 174 0 6.78 16.75 
57099 2830 80 118 99 51 270 19 6.78 16.75 
57272 2779 102 146 123 60 330 0 4.86 16.12 
57444 4028 122 174 168 118 464 0 4.86 4.54 
57616 3962 109 159 151 106 418 3 4.84 4.52 
57788 4007 146 209 201 141 556 0 4.86 5.81 
57960 4034 149 212 205 144 567 0 4.84 36.29 
58134 3978 134 191 184 128 506 0 4.84 5.80 
58306 3732 81 110 106 69 288 0 6.46 5.49 
58478 3846 77 108 104 70 284 0 5.18 5.49 
58650 4010 144 209 200 141 554 0 5.17 5.49 
58822 3991 133 192 184 129 508 0 5.18 4.52 
58994 4127 74 102 101 71 280 0 5.18 5.49 
59166 4060 102 148 142 101 395 1 5.18 5.49 
59338 3626 34 101 72 63 235 0 5.51 5.49 
59510 3228 19 111 67 68 242 0 6.46 16.42 
59683 3228 19 111 67 68 243 0 6.78 4.22 
59855 3183 20 113 68 69 247 0 5.18 8.38 
60027 3183 20 113 68 69 247 0 6.46 16.44 
60200 3122 20 109 66 66 239 0 6.78 5.49 
60372 5788 37 68 64 57 190 0 4.54 19.92 
60545 6951 43 62 69 62 195 0 16.46 18.02 
60718 6405 41 60 65 57 184 0 16.15 14.79 
60891 10635 70 87 116 115 320 0 18.36 16.76 
61064 10053 76 93 124 121 340 6 4.86 4.84 
61236 8598 88 106 137 128 373 0 9.74 4.52 
61408 7718 95 115 145 131 394 0 9.42 4.52 
61580 7539 119 140 178 159 481 6 9.42 4.20 
61752 7505 118 141 178 159 482 0 9.42 4.20 
61924 7624 118 141 178 160 483 0 9.42 4.22 
62096 7624 118 141 178 160 483 4 9.42 3.57 
62268 7624 118 141 178 160 483 0 9.42 3.57 
62440 7544 119 141 179 160 484 0 9.42 3.57 
62612 7664 118 141 179 161 485 1 8.74 4.52 
62784 7544 119 141 179 160 484 0 9.08 5.49 
62956 7624 118 141 178 160 483 0 4.86 4.84 
63128 7624 118 141 178 160 483 0 4.86 5.81 
63300 7524 102 123 154 138 418 0 4.84 18.95 
63473 8602 89 108 139 130 378 0 4.86 4.84 
63645 9399 76 93 122 117 333 0 5.81 15.79 
63817 6604 41 86 78 74 238 0 5.81 42.42 
63991 3230 21 99 62 60 219 0 6.46 37.89 
64165 3063 19 114 68 69 248 0 6.46 5.49 
64337 3156 21 112 68 68 245 0 6.78 5.49 
64509 3312 21 95 60 58 210 0 6.78 28.42 
64682 2830 19 116 68 69 250 0 6.78 28.70 
64855 2762 19 120 70 71 258 0 6.78 26.42 
65028 2762 19 120 70 71 258 0 6.78 29.48 
65201 2842 19 122 71 73 263 0 6.78 29.46 
65374 2795 20 117 69 69 252 0 5.81 23.83 
65547 2336 18 138 77 80 290 3 4.54 24.68 
65720 3317 44 142 97 85 321 0 4.86 5.81 
65892 3601 65 146 113 90 347 0 4.86 4.52 
66064 2827 27 140 84 82 302 2 4.86 5.81 
66236 2671 20 126 73 74 269 0 4.86 4.52 
66408 3013 22 106 65 63 233 0 4.86 3.25 
66580 2594 19 119 69 69 254 4 4.86 4.52 
66752 3372 28 91 62 55 207 0 4.86 4.54 
66924 3957 84 131 121 87 339 0 4.86 4.52 
67096 3877 91 138 128 90 357 6 4.86 5.81 
67268 3678 40 99 75 62 237 0 4.86 5.81 
67440 2116 18 134 74 75 279 0 4.84 4.52 
67612 1814 15 145 77 81 299 6 4.86 32.83 
67785 2741 22 100 61 57 217 0 4.86 4.52 
67957 2385 20 112 65 62 235 0 5.81 6.14 
68129 2008 19 121 67 64 247 4 4.84 5.81 
68301 1713 16 139 73 73 280 0 4.86 4.84 
68473 3425 67 170 125 102 397 0 4.86 5.81 
68645 3583 172 245 228 147 628 6 6.78 48.16 
68819 2504 178 253 203 81 546 0 6.78 43.01 
68993 2509 163 238 189 79 513 0 6.78 16.12 
69166 3948 190 269 259 179 716 0 6.46 5.49 
69338 3322 56 160 113 95 365 0 5.18 4.54 
69510 1664 15 156 81 84 316 4 5.18 4.52 
69682 1664 15 156 81 84 316 0 5.18 4.52 
69854 1664 15 156 81 84 317 0 15.83 32.06 
70028 1643 15 153 79 82 310 4 5.81 16.12 
70200 3944 127 190 178 126 496 0 5.81 18.65 
70373 2863 119 170 145 74 396 0 5.81 9.40 
70545 2390 96 180 129 66 377 1 8.06 16.12 
70718 1631 20 130 66 56 247 0 6.78 6.44 
70890 1640 20 146 71 61 272 0 6.78 4.20 
71062 2504 122 191 148 67 410 0 5.18 25.84 
71235 3002 116 167 145 79 396 0 4.86 1.97 
71407 3982 100 140 136 94 373 0 4.86 4.52 
71579 2684 129 185 153 71 415 10 4.86 4.54 
71751 2506 176 251 201 81 541 0 4.54 6.14 
71923 2499 175 250 200 80 539 0 6.78 51.65 
72098 3346 108 154 140 85 384 0 39.78 42.62 
72274 3974 178 254 244 170 675 0 5.51 15.79 
72446 3158 35 138 89 82 306 0 6.78 27.28 
72619 8454 64 101 111 107 320 0 4.86 23.83 
72792 5215 46 78 75 63 215 4 4.86 26.71 
72965 1915 28 109 62 46 213 0 4.86 5.81 
73137 1713 28 130 69 52 246 0 4.54 18.65 
73310 1712 28 132 70 53 250 2 4.54 18.63 
73483 1741 30 136 73 55 262 0 4.86 16.12 
73655 1755 32 137 74 55 263 0 4.86 4.52 
73827 1670 27 127 66 49 237 0 4.86 4.52 
73999 1694 29 133 70 52 251 0 4.86 4.54 
74171 1681 27 132 69 52 248 0 4.86 50.27 
74345 1685 27 126 66 49 237 0 5.81 16.76 
74517 2053 33 115 68 50 229 0 5.81 16.75 
74689 2775 44 96 70 47 211 2 4.86 5.81 
74861 3546 143 154 164 89 411 0 4.86 45.58 
75035 3657 73 87 89 53 231 0 4.86 4.52 
75207 3742 55 70 70 44 186 5 5.81 17.70 
75380 4088 50 68 68 47 186 0 4.54 18.97 
75553 4417 46 65 65 48 180 0 4.86 1.97 
75725 4417 46 65 65 48 179 1 4.86 3.25 
75897 6798 34 63 61 57 181 0 5.81 43.40 
76071 10367 28 65 61 64 189 0 6.78 36.99 
76245 6519 35 65 63 58 187 0 6.78 16.75 
76418 3650 106 122 127 74 325 0 8.06 31.79 
76591 3598 102 113 119 67 301 0 6.78 15.79 
76763 4439 41 61 60 45 167 0 5.18 12.77 
76935 6944 30 60 57 54 172 0 6.46 4.52 
77107 4842 35 60 56 46 161 2 6.46 4.52 
77279 3980 35 57 52 38 146 0 5.81 16.12 
77451 3880 44 69 63 45 178 0 6.46 9.74 
77623 4188 73 110 105 77 293 0 5.18 4.52 
77795 3998 60 94 87 63 243 0 4.84 11.42 
77967 3515 30 63 50 38 150 0 4.86 9.74 
78139 3515 30 63 50 38 150 4 4.84 14.47 
78311 3529 32 63 51 38 152 0 4.86 4.52 
78483 3515 30 63 50 38 151 0 4.84 4.52 
78655 3547 30 61 49 37 147 6 4.86 4.52 
78827 3584 29 62 49 38 148 0 4.86 4.52 
78999 3594 30 62 50 38 148 6 4.86 14.11 
79171 3468 30 62 49 37 148 5 4.86 15.49 
79343 4164 29 54 47 37 137 0 4.86 15.79 
79515 5378 31 57 53 46 156 0 4.84 16.12 
79687 5247 29 54 50 43 147 5 4.86 16.12 
79859 5269 29 51 48 41 140 0 4.86 16.10 
80031 5064 30 52 49 41 142 0 5.18 4.52 
80203 4840 31 52 49 40 140 5 4.54 15.81 
80375 7264 30 62 58 56 175 0 4.54 19.28 
80548 6686 28 57 53 50 160 0 6.46 15.81 
80720 5269 29 51 48 41 140 3 7.75 17.70 
80893 6427 29 56 53 49 157 0 5.18 6.78 
81065 6873 31 63 59 56 177 0 8.74 9.74 
81237 6037 29 55 52 47 153 2 4.86 8.72 
81409 3627 30 60 49 37 145 0 7.43 14.79 
81581 3594 30 62 50 38 150 0 6.14 12.10 
81753 3594 30 62 50 38 148 4 8.74 15.79 
81926 3594 30 62 50 38 149 0 14.82 10.76 
82099 3594 30 62 50 38 148 5 11.44 14.47 
82272 3613 30 57 47 35 138 0 12.46 6.77 
82444 3668 28 50 43 31 124 0 9.76 6.77 
82616 3803 29 50 44 32 126 0 9.76 6.77 
82788 3717 29 51 44 32 127 0 9.08 9.40 
82960 3717 29 51 44 32 127 0 4.86 10.08 
83132 3717 29 51 44 32 127 0 4.86 10.08 
83304 3622 31 57 48 35 140 0 4.86 8.72 
83476 3590 31 59 49 36 144 0 4.86 8.72 
83648 3590 31 59 49 36 144 0 4.86 8.72 
83820 3590 31 59 49 36 144 0 4.86 8.72 
83992 3590 31 59 49 36 144 0 4.86 7.72 
84164 3590 31 59 49 36 143 0 8.38 6.77 
84336 3661 30 58 48 36 142 0 8.07 9.06 
84508 3622 31 57 48 35 140 0 7.43 5.81 
84680 3622 31 57 48 35 140 0 6.14 5.80 
84852 3613 30 57 47 35 138 3 6.14 5.81 
85024 3622 31 57 48 35 139 0 7.75 5.81 
85196 3661 30 58 48 36 141 0 9.08 7.09 
85368 3661 30 58 48 36 141 4 4.86 11.42 
85540 3661 30 58 48 36 141 0 8.06 16.12 
85713 4095 30 53 47 36 135 0 6.78 5.49 
85885 5957 28 53 50 45 149 3 4.86 20.23 
86058 3867 50 69 67 45 182 0 4.86 19.91 
86231 3670 60 75 75 46 197 0 6.78 15.79 
86403 3622 59 73 73 44 191 0 6.78 20.86 
86576 3716 55 69 69 43 182 0 6.78 15.49 
86748 3614 66 80 81 48 209 0 5.51 15.47 
86920 3586 71 89 88 53 231 0 5.51 15.49 
87092 4259 71 96 97 69 260 0 5.49 15.49 
87264 4259 71 96 97 69 260 0 5.49 15.47 
87436 4259 71 96 97 69 259 0 5.51 15.49 
87608 4259 71 96 97 69 259 0 5.51 15.49 
87780 4259 71 96 97 69 259 0 5.51 15.49 
87952 4131 71 96 96 67 256 0 6.78 15.49 
88124 3867 72 95 94 62 251 0 6.78 16.12 
88297 3723 74 96 95 60 252 0 5.18 16.12 
88469 3541 58 75 73 44 191 0 5.17 4.52 
88641 3966 34 51 48 34 131 0 5.18 5.49 
88813 3674 43 60 57 37 153 0 5.18 5.49 
88985 3545 62 80 78 47 205 0 6.78 22.98 
89158 3479 59 97 84 57 237 0 5.81 16.12 
89330 2849 38 91 65 47 200 0 4.54 16.12 
89502 4895 42 71 67 55 192 0 4.54 1.97 
89674 4885 34 71 61 53 184 0 4.54 1.65 
89846 3560 28 81 58 50 188 0 4.54 1.65 
90018 3864 30 65 52 42 158 1 4.54 1.65 
90190 3903 30 63 51 41 155 0 6.46 4.20 
90362 3815 29 64 51 41 156 0 6.78 30.26 
90535 3685 28 78 57 49 182 0 6.78 16.44 
90708 3813 30 75 57 48 179 0 4.54 6.12 
90880 6472 41 58 64 56 178 0 4.54 16.44 
91052 7004 42 59 67 60 186 0 6.78 23.27 
91225 5889 36 55 57 49 161 0 6.78 31.81 
91398 4391 30 58 50 41 149 1 5.51 22.69 
91571 4264 31 59 51 41 151 0 6.78 9.40 
91743 5323 35 57 56 47 159 0 6.78 6.44 
91915 6701 42 58 66 58 182 2 4.86 5.81 
92087 3077 42 92 69 50 210 0 4.86 4.52 
92259 2833 38 93 66 48 204 5 4.86 4.52 
92431 3388 38 77 61 45 181 0 4.86 27.27 
92604 7375 41 56 65 59 181 0 6.46 33.85 
92778 8760 47 61 76 72 209 0 6.46 18.00 
92951 8077 44 58 70 65 193 1 6.46 17.07 
93124 3590 37 72 59 44 174 0 6.78 18.97 
93297 2602 35 97 65 48 214 0 6.78 19.91 
93470 3061 39 93 68 51 211 0 6.78 19.91 
93643 3125 39 93 68 52 211 0 6.78 19.91 
93816 3095 40 94 69 52 211 5 6.78 19.91 
93989 3061 39 93 68 51 210 0 4.86 5.81 
94161 2865 42 97 70 50 215 0 4.86 7.09 
94333 3714 39 78 64 49 189 5 4.84 4.52 
94505 7474 41 55 65 59 179 0 4.86 4.52 
94677 7207 43 58 68 61 187 0 4.84 4.52 
94849 7504 42 57 67 61 186 4 6.78 15.79 
95021 6922 40 55 63 56 174 0 5.51 15.79 
95193 2995 41 92 68 49 206 0 6.78 9.40 
95365 2942 43 97 71 51 217 1 6.78 7.74 
95537 2848 41 94 68 48 208 0 6.78 9.40 
95709 2897 40 94 68 49 209 0 5.81 18.33 
95882 2879 42 95 69 49 210 0 6.78 9.40 
96054 2865 40 93 67 48 206 0 6.78 9.40 
96226 2926 42 94 69 49 209 0 5.51 14.13 
96398 3457 36 60 52 35 146 0 5.51 16.42 
96570 3671 54 70 69 43 181 0 5.18 16.12 
96742 3656 56 72 71 44 187 0 5.18 9.74 
96914 3625 58 76 74 46 198 0 5.18 6.77 
97086 3688 57 76 74 47 198 0 5.18 7.09 
97258 3625 58 76 74 46 198 0 5.18 5.49 
97430 3688 57 76 74 47 198 0 5.18 4.52 
97602 3625 58 76 74 46 198 0 5.18 5.49 
97774 3625 58 76 74 46 198 0 5.17 5.49 
97946 3625 58 76 74 46 198 0 5.18 7.41 
98118 3625 58 76 74 46 198 3 5.81 6.46 
98290 3600 57 75 73 45 194 0 4.54 6.14 
98462 3691 59 76 75 47 198 0 6.78 8.04 
98634 3649 58 77 75 47 200 5 5.18 4.52 
98806 3600 57 75 73 45 193 0 4.86 4.52 
98978 3585 56 69 69 41 178 0 4.86 4.52 
99150 3568 56 71 70 42 181 3 5.18 7.41 
99322 3623 55 68 68 41 176 0 5.18 5.49 
99494 3618 53 68 67 41 177 0 5.18 6.77 
99666 3618 53 68 67 41 177 0 5.18 5.49 
99838 3618 53 68 67 41 177 0 5.18 5.49 
100010 3618 53 68 67 41 176 0 5.18 5.49 
100182 3618 53 68 67 41 176 0 5.18 5.49 
100354 3618 53 68 67 41 178 0 5.17 5.49 
100526 3645 54 69 68 42 180 0 5.18 5.49 
100698 3645 54 69 68 42 180 0 5.18 5.49 
100870 3645 54 69 68 42 180 0 5.17 5.49 
101042 3645 54 69 68 42 179 0 5.18 6.77 
101214 3632 51 66 65 40 172 0 6.78 18.33 
101387 3618 53 68 67 41 177 0 6.78 16.42 
101560 3645 54 69 68 42 179 0 6.78 43.62 
101734 3645 54 69 68 42 180 0 4.54 25.86 
101907 3618 53 68 67 41 178 0 4.54 52.97 
102082 3651 46 59 58 36 154 0 6.46 5.49 
102254 3392 35 64 53 37 154 0 6.46 5.49 
102426 3982 33 54 49 36 139 0 6.46 5.49 
102598 4991 35 49 51 40 140 0 6.46 5.49 
102770 5159 34 48 50 40 138 4 6.46 5.49 
102942 4686 33 48 48 37 132 0 6.46 5.49 
103114 3438 32 58 48 34 139 0 6.46 5.49 
103286 3004 32 73 54 39 164 6 6.46 5.49 
103458 2963 32 72 53 38 161 0 6.46 5.49 
103630 3025 32 71 53 38 160 0 6.46 5.49 
103802 4580 37 59 56 44 158 3 6.46 5.49 
103974 7860 42 58 68 63 189 0 5.81 16.42 
104146 7632 40 58 66 61 186 0 4.86 5.81 
104318 3414 24 93 61 57 209 0 4.86 46.60 
104492 3276 24 96 62 58 214 0 4.86 5.80 
104664 3550 26 84 58 52 192 0 50.20 51.63 
104841 3601 30 76 57 47 179 0 51.19 50.63 
105018 4035 65 99 93 67 257 0 48.64 49.10 
105195 3902 48 81 72 53 204 0 6.78 15.79 
105367 3531 25 81 56 50 185 0 5.81 16.42 
105539 3379 25 92 61 56 207 0 4.86 4.52 
105711 3372 23 98 63 60 218 0 4.86 4.52 
105883 3086 19 106 64 64 232 0 5.81 10.74 
106055 3911 84 134 122 88 344 2 5.18 10.08 
106227 4056 136 198 190 135 527 0 5.17 5.49 
106399 3991 108 161 152 108 424 6 6.46 5.49 
106571 3206 20 105 64 64 231 6 6.46 5.49 
106743 3516 23 84 56 52 191 0 6.46 5.49 
106915 3805 25 72 52 46 169 0 6.46 5.49 
107087 3805 25 72 52 46 169 2 5.18 5.49 
107259 3805 25 72 52 46 169 6 6.46 5.49 
107431 3430 22 91 59 56 205 0 6.46 5.49 
107603 2934 20 114 68 68 247 0 4.54 16.12 
107775 2347 20 134 76 76 281 0 4.86 3.25 
107947 3193 26 96 63 57 214 0 4.86 5.81 
108119 2261 17 143 79 83 300 6 4.54 16.44 
108291 2336 18 132 74 76 278 0 4.54 16.44 
108463 2406 18 127 72 73 268 0 4.86 4.84 
108635 2382 17 128 72 74 270 0 4.86 4.52 
108807 2456 18 129 73 75 273 2 4.86 5.81 
108979 2382 17 134 75 78 284 0 4.84 16.12 
109151 2409 19 140 79 81 295 0 6.46 5.49 
109323 2800 24 119 72 69 256 5 6.78 16.12 
109496 7065 75 97 115 102 315 0 5.17 4.52 
109668 8848 105 123 163 153 442 0 5.18 4.52 
109840 8805 103 121 160 150 434 5 5.18 4.52 
110012 8760 101 119 157 147 426 0 6.46 5.49 
110184 8761 102 121 159 149 431 0 5.18 4.54 
110356 8761 102 121 159 149 432 6 4.86 16.44 
110528 8637 105 123 162 151 439 0 5.18 11.08 
110700 8805 103 122 161 151 438 0 5.81 9.06 
110872 7339 80 100 122 109 333 4 5.51 9.06 
111044 1621 25 139 69 52 255 0 5.51 9.06 
111216 1620 28 157 77 57 283 0 5.51 9.06 
111388 1620 29 157 77 56 282 0 5.49 9.06 
111560 1620 28 157 77 57 282 0 5.51 9.06 
111732 1620 29 157 77 56 282 0 5.51 9.06 
111904 1620 29 157 77 56 282 0 5.51 9.06 
112076 1620 29 157 77 56 282 0 6.46 9.06 
112248 1620 29 157 77 56 282 0 5.18 7.74 
112420 1631 26 156 75 56 280 0 7.75 17.07 
112593 1752 29 128 69 52 245 0 4.86 5.80 
112765 3671 40 85 68 53 206 0 4.86 15.79 
112937 1844 31 122 68 50 236 0 4.86 15.81 
113109 2278 34 100 63 45 205 0 4.86 18.00 
113282 1621 26 139 69 51 251 0 7.75 16.12 
113455 1620 29 156 77 56 280 0 6.46 16.75 
113628 1644 30 145 74 54 266 0 7.75 11.76 
113800 2240 32 98 61 44 201 0 6.46 4.52 
113972 5314 63 97 98 81 276 0 5.18 12.77 
114144 7401 115 137 172 153 465 0 5.18 4.52 
114316 7664 118 141 179 161 485 0 5.18 4.52 
114488 7664 118 141 179 161 485 0 6.46 15.79 
114660 7664 118 141 179 161 484 0 4.54 21.81 
114833 7544 119 141 179 160 483 0 5.81 22.98 
115006 6333 72 108 115 101 325 1 5.81 17.70 
115179 2955 33 144 90 84 315 6 5.81 21.18 
115352 3634 166 233 219 142 601 0 5.81 5.17 
115524 2523 166 234 189 76 506 4 4.54 18.65 
115697 2535 158 224 181 74 484 0 4.52 6.44 
115869 2536 157 223 180 74 483 0 4.54 18.65 
116042 2535 158 224 181 74 484 0 4.54 5.17 
116214 2535 158 224 181 74 484 0 5.81 17.39 
116387 2535 158 224 181 74 484 0 5.81 5.17 
