=~=~=~=~=~=~=~=~=~=~=~= PuTTY log 2025.11.28 22:07:37 =~=~=~=~=~=~=~=~=~=~=~=
ets Jul 29 2019 12:21:46

rst:0x1 (POWERON_RESET),boot:0x13 (SPI_FAST_FLASH_BOOT)
configsip: 0, SPIWP:0xee
clk_drv:0x00,q_drv:0x00,d_drv:0x00,cs0_drv:0x00,hd_drv:0x00,wp_drv:0x00
mode:DIO, clock div:1
load:0x3fff0030,len:4980
load:0x40078000,len:16612
load:0x40080400,len:3480
entry 0x400805b4
Found sensor
Milis - ColorTemp - Lux - R - G - B - C - Pot - UsensA - UsensB

399 3123 36 72 56 39 166 0 5.81 18.33 
572 3123 36 72 56 39 166 0 5.81 16.12 
744 3123 36 72 56 39 166 0 5.81 16.12 
916 3123 36 72 56 39 166 0 5.81 16.12 
1088 3123 36 72 56 39 166 0 5.81 16.13 
1260 3123 36 72 56 39 166 0 5.81 16.12 
1432 3123 36 72 56 39 166 0 5.81 16.12 
1604 3123 36 72 56 39 166 0 5.81 16.13 
1776 3123 36 72 56 39 166 0 5.81 16.12 
1948 3123 36 72 56 39 166 2 5.81 16.12 
2120 3123 36 72 56 39 166 0 5.81 16.12 
2292 3123 36 72 56 39 166 0 5.81 16.12 
2464 3123 36 72 56 39 166 6 5.81 16.12 
2636 3123 36 72 56 39 166 0 5.81 16.12 
2808 3123 36 72 56 39 166 0 5.81 16.13 
2980 3123 36 72 56 39 166 8 5.81 16.12 
3152 3123 36 72 56 39 166 0 5.81 16.12 
3324 3123 36 72 56 39 166 0 5.81 16.12 
3496 3123 36 72 56 39 166 9 5.81 16.12 
3668 3123 36 72 56 39 166 0 5.81 16.12 
3840 3123 36 72 56 39 166 0 5.81 16.12 
4012 3123 36 72 56 39 166 8 5.81 16.10 
4184 3123 36 72 56 39 166 0 5.81 16.12 
4356 3123 36 72 56 39 166 0 5.81 16.12 
4528 3123 36 72 56 39 167 13 5.81 16.12 
4700 3149 38 72 57 39 167 0 8.06 16.12 
4873 3093 37 73 57 39 167 0 8.07 16.12 
5046 3149 38 72 57 39 167 18 8.07 16.12 
5219 3093 37 73 57 39 168 4 5.81 16.12 
5391 3149 38 72 57 39 167 0 5.83 16.12 
5563 3123 36 72 56 39 167 5 5.81 16.12 
5735 3149 38 72 57 39 167 0 5.81 16.12 
5907 3149 38 72 57 39 167 0 5.81 16.13 
6079 3123 36 72 56 39 166 9 5.81 16.12 
6251 3123 36 72 56 39 166 0 5.81 16.12 
6423 3123 36 72 56 39 166 0 5.81 16.12 
6595 3123 36 72 56 39 166 10 5.81 16.12 
6767 3123 36 72 56 39 166 0 5.81 16.12 
6939 3123 36 72 56 39 166 0 5.81 16.12 
7111 3123 36 72 56 39 166 6 5.81 16.12 
7283 3123 36 72 56 39 166 0 5.81 16.12 
7455 3123 36 72 56 39 166 0 5.81 16.12 
7627 3123 36 72 56 39 166 5 5.81 16.12 
7799 3123 36 72 56 39 166 0 5.81 16.12 
7971 3123 36 72 56 39 166 0 5.81 16.12 
8143 3123 36 72 56 39 166 2 5.81 16.12 
8315 3123 36 72 56 39 166 0 5.81 16.12 
8487 3123 36 72 56 39 166 0 5.81 16.12 
8659 3123 36 72 56 39 166 0 5.81 16.12 
8831 3123 36 72 56 39 166 0 5.81 16.12 
9003 3123 36 72 56 39 166 0 5.81 16.12 
9175 3123 36 72 56 39 166 0 5.81 16.12 
9347 3123 36 72 56 39 166 0 5.81 16.12 
9519 3123 36 72 56 39 166 0 4.86 5.81 
9691 3123 36 72 56 39 166 0 4.86 22.98 
9864 3112 37 71 56 38 164 0 5.81 29.22 
10037 3370 36 63 53 36 152 0 5.81 17.37 
10210 3780 41 55 54 35 144 5 5.81 16.12 
10382 3815 42 56 55 36 146 0 5.81 16.12 
10554 3757 45 57 57 36 148 0 5.83 16.12 
10726 3757 45 57 57 36 148 7 5.81 16.12 
10898 3757 45 57 57 36 148 0 5.81 16.12 
11070 3757 45 57 57 36 148 0 5.81 16.12 
11242 3757 45 57 57 36 148 6 5.83 16.12 
11414 3846 44 57 57 37 148 0 5.81 16.12 
11586 3846 44 57 57 37 148 0 5.81 16.12 
11758 3846 44 57 57 37 148 3 5.81 16.12 
11930 3846 44 57 57 37 148 0 5.81 16.12 
12102 3846 44 57 57 37 148 0 5.81 16.12 
12274 3846 44 57 57 37 148 1 5.81 16.12 
12446 3846 44 57 57 37 148 0 5.81 16.12 
12618 3846 44 57 57 37 149 0 6.78 27.01 
12791 3846 44 57 57 37 149 3 6.78 16.44 
12964 3815 42 56 55 36 146 0 6.78 16.44 
13137 3788 44 58 57 37 149 0 6.78 16.44 
13310 3821 44 59 58 38 151 4 68.97 16.44 
13486 3821 44 59 58 38 151 0 68.97 16.44 
13662 3821 44 59 58 38 151 0 68.95 16.42 
13838 3821 44 59 58 38 151 0 68.97 16.42 
14014 3733 45 59 58 37 151 0 68.68 16.44 
14190 3733 45 59 58 37 151 3 68.66 16.42 
14366 3733 45 59 58 37 151 0 68.97 16.42 
14542 3733 45 59 58 37 151 3 6.78 22.12 
14715 3733 45 59 58 37 151 0 4.84 10.40 
14887 3756 43 57 56 36 150 0 4.86 22.41 
15060 3519 39 64 56 38 156 0 6.78 17.70 
15233 3126 35 67 53 36 156 0 6.78 15.49 
15405 5078 44 57 62 48 167 0 6.78 16.12 
15578 6374 55 56 75 61 193 0 7.74 59.94 
15753 6356 55 55 74 60 189 0 6.78 59.26 
15928 4322 38 57 55 41 153 0 6.78 59.24 
16103 3085 35 71 55 38 163 0 4.54 18.65 
16276 3085 35 71 55 38 163 0 7.74 16.44 
16449 3186 35 66 53 36 154 0 6.46 5.49 
16621 4877 41 54 58 44 156 0 5.51 16.75 
16793 5934 58 56 76 59 194 0 4.86 5.80 
16965 4227 66 55 73 42 187 0 4.86 4.52 
17137 4348 35 54 52 39 150 0 4.54 22.42 
17310 4781 38 53 55 42 151 0 4.54 13.79 
17482 3352 31 67 52 39 157 0 4.54 13.45 
17654 3260 32 67 52 38 155 3 4.54 13.45 
17826 3235 30 67 51 38 154 0 4.54 16.12 
17998 5398 44 55 62 49 166 0 4.54 20.86 
18171 5674 49 57 68 54 178 5 4.86 16.13 
18343 4830 56 76 80 61 217 0 4.54 19.60 
18516 5072 58 73 81 62 214 0 4.84 29.73 
18689 5445 43 53 61 48 161 2 6.46 15.79 
18861 5769 50 57 69 55 181 0 17.41 5.49 
19033 6554 54 55 74 61 190 0 5.81 16.44 
19205 6477 56 57 77 63 198 2 5.81 16.44 
19377 6477 56 57 77 63 198 0 5.81 16.44 
19549 6477 56 57 77 63 198 0 4.84 20.21 
19722 6477 56 57 77 63 198 1 7.75 16.12 
19895 6026 49 56 69 56 182 0 6.78 16.12 
20068 3175 35 74 57 41 171 0 6.78 8.72 
20240 3316 53 80 71 44 195 0 6.78 10.08 
20412 4003 50 79 73 53 206 0 6.78 10.76 
20584 3856 33 65 54 42 161 0 6.78 9.74 
20756 3874 30 68 54 44 165 0 6.78 10.08 
20928 3874 30 68 54 44 165 0 6.78 8.06 
21100 3874 30 68 54 44 165 0 6.78 6.78 
21272 3874 30 68 54 44 165 0 4.54 9.06 
21444 3960 39 68 60 45 173 0 8.06 9.40 
21616 4003 50 79 73 53 206 0 5.81 9.40 
21788 3289 55 81 72 44 198 0 5.81 9.40 
21960 3249 56 84 74 45 204 0 7.74 9.06 
22132 3262 58 84 75 45 204 0 6.46 5.49 
22304 3224 57 85 75 45 205 0 6.78 5.81 
22476 3673 49 76 69 47 192 0 6.78 5.49 
22648 3918 43 70 63 46 179 0 6.78 8.06 
22820 3596 28 79 57 49 182 0 6.46 10.10 
22992 3713 29 73 55 46 172 0 6.46 6.77 
23164 6390 31 48 51 45 145 0 6.78 9.40 
23336 6901 44 57 67 59 179 1 4.54 15.79 
23508 6920 44 58 68 60 185 0 16.76 16.12 
23681 7078 42 57 66 59 183 0 5.17 15.79 
23853 3406 35 70 56 41 165 0 5.17 9.40 
24025 2507 30 85 56 41 179 0 52.89 5.49 
24200 3319 41 68 58 38 164 2 6.78 10.74 
24372 3609 96 109 114 65 290 0 4.84 5.81 
24544 3615 108 119 126 71 318 0 6.46 5.49 
24716 3615 108 119 126 71 318 2 5.18 5.49 
24888 3639 78 91 94 55 242 0 5.81 16.44 
25060 3780 59 77 76 49 201 0 4.54 28.71 
25233 5359 30 53 50 43 147 4 4.54 4.84 
25405 5359 30 53 50 43 147 0 4.54 4.84 
25577 5521 29 54 50 44 147 0 4.86 4.84 
25749 5521 29 54 50 44 147 0 4.86 17.07 
25921 6784 30 60 56 53 169 0 4.86 6.14 
26093 3990 60 80 80 54 214 0 4.86 16.12 
26265 3592 103 115 121 68 306 1 55.25 16.44 
26440 2893 39 84 62 43 187 0 5.81 16.12 
26612 2939 34 78 57 41 175 0 9.42 56.05 
26787 5840 41 57 62 52 170 0 7.74 15.79 
26960 6049 38 52 58 49 160 0 6.46 5.49 
27132 6285 37 51 57 49 158 3 6.46 5.49 
27304 5496 36 50 54 44 148 0 6.46 5.49 
27476 6515 40 55 62 54 170 0 6.78 16.12 
27649 6984 42 58 66 59 182 5 5.81 53.99 
27824 7004 42 59 67 60 185 0 5.81 17.39 
27997 7504 42 57 67 61 185 0 5.81 16.42 
28169 8661 46 60 74 70 204 0 5.81 18.02 
28342 10893 52 67 88 88 243 0 4.86 16.12 
28514 10915 52 66 87 87 242 1 16.46 15.79 
28687 10472 52 65 86 85 237 0 4.86 13.79 
28859 8700 58 75 93 88 256 0 4.86 15.79 
29031 8347 51 69 83 78 231 4 4.86 15.81 
29203 8856 52 69 85 81 237 0 4.86 17.70 
29375 10607 71 89 118 117 325 0 4.84 19.60 
29548 9842 68 84 110 107 304 2 4.86 5.81 
29720 9953 87 104 140 136 382 0 5.81 16.12 
29892 10168 85 103 138 135 377 0 17.73 16.12 
30065 9625 73 90 118 114 322 6 17.73 23.85 
30239 9414 74 89 118 113 320 3 4.86 29.22 
30412 10071 79 97 129 126 353 0 4.86 24.12 
30585 10206 86 104 140 137 383 0 4.86 18.00 
30757 6237 46 72 75 66 214 0 4.86 36.31 
30931 3438 25 93 62 57 209 1 4.86 36.29 
31105 3375 24 95 62 58 212 0 4.86 36.75 
31279 3375 24 95 62 58 212 5 4.86 25.57 
31452 3375 24 95 62 58 212 0 6.78 28.78 
31625 3276 24 96 62 58 213 0 6.78 6.46 
31797 2830 19 116 68 69 249 4 4.54 15.81 
31969 2999 19 119 70 72 258 0 4.54 18.65 
32142 3163 20 107 65 65 234 0 4.54 19.91 
32315 4036 88 136 127 92 356 5 4.54 16.12 
32487 4073 89 130 125 89 346 0 5.81 55.91 
32662 3032 71 102 89 49 242 0 4.86 37.67 
32836 3172 55 86 74 45 206 0 6.46 15.81 
33008 3315 47 99 77 57 231 0 6.46 57.31 
33183 3190 46 100 76 56 231 0 6.46 16.44 
33356 3420 55 101 83 59 242 0 5.51 21.17 
33529 3313 73 106 95 58 259 0 6.78 14.47 
33701 3041 64 93 81 45 218 0 6.46 17.70 
33874 3083 65 95 83 47 225 0 6.78 14.81 
34046 3289 55 81 72 44 197 4 5.81 48.93 
34220 3076 35 74 56 40 168 0 5.49 9.40 
34392 2733 31 87 59 45 188 0 4.86 47.82 
34566 2633 33 93 62 47 199 0 4.54 17.39 
34738 2890 35 90 63 48 198 0 5.81 46.99 
34912 2626 36 106 70 54 227 0 5.51 15.79 
35084 2591 36 105 69 53 224 0 5.49 48.93 
35258 2300 25 90 55 44 186 0 4.86 10.40 
35430 2160 25 92 55 43 190 6 4.86 21.50 
35603 2338 28 95 59 46 198 0 4.86 43.01 
35777 2444 29 93 59 46 196 0 4.86 43.01 
35951 2459 27 84 54 41 176 0 6.78 15.81 
36123 2403 27 85 54 41 177 0 6.78 15.79 
36295 2714 27 79 53 41 170 1 5.81 18.02 
36468 2207 27 100 60 48 205 0 4.86 10.42 
36640 2225 28 105 63 51 215 0 4.86 16.12 
36812 2318 30 106 65 52 220 3 5.81 18.63 
36985 2495 26 85 54 43 180 0 5.81 19.91 
37158 3516 32 71 55 43 167 0 5.81 41.56 
37332 3378 30 68 52 40 161 0 5.83 19.91 
37505 3330 30 67 51 39 157 0 6.46 5.49 
37677 3055 33 80 58 44 181 0 6.78 16.12 
37850 2997 38 97 69 53 216 0 6.78 36.31 
38024 2363 28 97 60 48 202 0 5.81 37.43 
38198 2187 27 104 62 50 212 1 5.51 30.00 
38371 2806 29 81 55 43 178 0 5.51 15.79 
38543 6459 94 96 128 105 331 0 6.78 16.44 
38716 6650 122 122 167 138 430 0 4.86 5.81 
38888 6598 111 115 153 127 399 0 5.18 5.49 
39060 5769 65 75 90 72 241 0 5.18 5.49 
39232 5769 65 75 90 72 242 0 4.86 4.86 
39404 4692 56 80 81 62 225 0 6.78 16.12 
39577 2614 62 141 99 66 305 0 4.86 27.00 
39750 1990 42 126 75 48 245 0 5.81 16.12 
39922 1798 39 137 76 49 258 0 4.86 16.12 
40094 1828 41 137 77 49 259 0 4.86 21.17 
40267 1778 40 138 76 48 259 0 4.86 5.81 
40439 1748 42 151 82 52 281 5 4.86 5.81 
40611 2097 47 137 84 55 274 0 4.84 4.52 
40783 2560 41 91 64 41 194 0 4.86 5.81 
40955 2313 46 116 76 49 239 0 4.86 5.81 
41127 2245 51 130 84 53 264 0 4.86 5.80 
41299 2359 46 117 77 51 244 9 4.86 4.84 
41471 2754 43 88 65 42 195 0 6.78 21.50 
41644 2638 41 90 64 42 196 0 4.54 16.12 
41816 2472 41 95 65 42 201 0 4.84 5.81 
41988 2962 63 134 100 70 303 0 4.84 48.91 
42162 6443 125 128 171 140 441 3 4.84 22.98 
42335 1844 51 166 94 59 315 0 4.86 26.13 
42508 3081 88 115 105 55 275 0 63.24 49.59 
42686 2542 64 123 90 51 262 0 5.81 16.12 
42858 1735 49 174 94 58 322 0 5.81 16.12 
43030 6605 126 128 173 143 447 1 4.86 5.80 
43202 2517 33 116 73 60 245 0 4.84 5.80 
43374 1658 25 149 77 65 284 0 4.86 58.12 
43549 1640 20 148 72 62 275 0 4.86 56.34 
43724 1636 20 148 72 61 275 0 5.81 55.78 
43899 1640 20 148 72 62 275 5 5.81 15.79 
44071 2196 42 145 88 67 296 0 6.78 22.12 
44244 2553 156 223 180 76 484 0 7.74 20.55 
44417 2543 152 217 175 73 472 0 7.74 15.79 
44590 2691 89 132 108 52 295 0 17.41 16.12 
44763 4034 129 184 178 125 491 2 9.42 16.12 
44936 4023 151 214 207 145 572 0 9.42 16.12 
45109 4035 150 215 207 146 573 0 9.42 16.12 
45282 4023 151 214 207 145 572 0 40.24 40.85 
45458 4026 149 214 206 145 571 0 38.64 39.03 
45634 4037 147 212 204 144 565 0 4.86 15.79 
45806 3866 85 148 129 96 373 0 4.86 28.97 
45979 2932 18 124 72 75 267 4 4.86 4.52 
46151 2656 19 121 70 71 259 0 4.84 5.81 
46323 3432 24 85 57 52 192 0 4.86 16.12 
46495 3196 23 89 58 53 198 4 4.86 4.52 
46667 3068 23 92 59 54 201 0 4.84 5.80 
46839 2691 21 111 66 64 237 6 4.84 16.44 
47011 3511 34 112 77 69 258 6 4.86 19.91 
47184 3961 66 107 97 71 280 0 6.78 24.99 
47357 3984 64 105 95 70 275 0 6.46 5.49 
47529 2972 26 122 75 72 266 2 6.46 5.49 
47701 2841 22 105 64 61 228 0 6.78 5.49 
47873 3868 28 87 62 56 204 0 6.46 5.49 
48045 8088 55 76 90 84 251 5 6.46 5.49 
48217 6959 45 76 78 72 227 0 7.74 29.22 
48390 2795 20 117 69 69 252 0 6.46 36.53 
48564 2973 18 122 71 74 263 0 6.78 16.42 
48737 3270 21 97 61 59 215 0 4.84 5.81 
48909 3149 23 94 60 56 208 0 4.86 4.52 
49081 3163 20 107 65 65 235 0 4.86 4.52 
49253 3735 44 106 81 67 252 0 4.86 5.81 
49425 4026 130 189 181 128 502 0 4.54 16.42 
49597 4063 138 199 192 136 531 0 4.54 16.42 
49769 4054 136 195 188 133 521 0 4.54 16.44 
49941 4065 136 196 189 134 523 0 4.54 16.44 
50113 4065 136 196 189 134 524 0 6.78 39.71 
50287 4042 137 197 190 134 524 0 4.86 19.60 
50460 4047 130 188 181 128 501 5 4.84 4.52 
50632 3396 24 101 65 62 226 0 4.86 5.81 
50804 3319 22 92 59 56 204 0 4.86 35.63 
50978 3593 24 74 52 46 171 1 8.06 35.85 
51152 3511 24 78 54 48 177 0 6.78 16.12 
51325 3605 25 74 53 46 171 0 4.54 13.79 
51497 6308 38 68 66 60 194 0 6.78 16.12 
51670 11955 66 81 111 113 306 0 5.81 16.12 
51842 2557 32 91 60 45 194 5 6.46 9.74 
52014 3608 74 87 89 52 233 0 9.76 9.40 
52186 3763 62 79 79 50 210 0 11.44 11.76 
52359 6427 29 56 53 49 159 5 11.44 10.76 
52531 6686 28 57 53 50 160 0 11.44 9.40 
52703 6686 28 57 53 50 160 0 5.81 6.44 
52875 6686 28 57 53 50 161 5 15.50 6.14 
53047 5152 31 54 51 43 149 0 5.81 15.79 
53219 3541 112 126 131 73 332 0 5.81 15.49 
53391 3560 162 169 183 98 456 5 5.81 15.79 
53563 3569 162 170 184 99 459 0 5.18 5.49 
53735 3569 162 170 184 99 459 0 4.86 15.79 
53907 3545 161 170 183 98 457 5 4.86 13.79 
54079 3530 97 114 116 66 298 0 4.86 14.13 
54251 3886 41 58 56 38 152 0 4.86 16.12 
54423 3851 41 57 55 37 151 5 4.86 16.12 
54595 3644 63 79 79 48 206 0 4.86 10.08 
54767 3521 95 111 113 64 287 0 12.80 13.46 
54940 4466 37 57 55 42 156 5 10.78 8.74 
55112 9065 29 62 59 60 182 0 12.12 8.74 
55284 11277 27 65 61 65 191 0 10.78 10.42 
55456 11277 27 65 61 65 191 5 7.43 12.78 
55628 10506 29 65 62 65 191 0 6.14 11.42 
55800 9747 29 64 61 63 188 0 5.81 4.52 
55972 10506 29 65 62 65 191 4 6.78 5.49 
56144 9747 29 64 61 63 188 0 6.78 4.20 
56316 9731 29 65 62 64 191 0 6.78 4.20 
56488 9731 29 65 62 64 191 2 10.42 11.08 
56660 9731 29 65 62 64 192 0 10.08 5.17 
56832 7072 29 61 56 54 170 0 9.42 5.17 
57004 3677 39 77 63 48 187 2 6.14 4.22 
57176 3424 43 99 75 59 231 0 6.14 4.52 
57348 3271 48 125 90 73 286 0 6.14 4.54 
57520 3189 50 137 97 79 311 0 6.14 4.52 
57692 3191 52 139 99 80 316 0 5.81 5.17 
57864 3186 51 142 100 82 322 0 6.46 8.72 
58036 3283 48 128 92 75 294 0 16.15 5.49 
58208 5033 31 58 53 45 157 0 6.46 11.78 
58380 12535 27 64 61 66 190 0 35.67 19.26 
58554 13805 26 64 61 67 192 4 35.67 19.23 
58728 13641 28 66 64 70 200 0 6.46 12.44 
58900 13641 28 66 64 70 200 0 31.59 8.38 
59074 13805 26 64 61 67 192 0 6.78 5.49 
59246 8905 30 66 62 63 190 0 6.78 5.17 
59418 3308 52 133 97 78 308 0 5.17 4.52 
59590 3128 67 170 122 96 387 0 4.84 9.76 
59762 3608 139 236 204 144 590 0 4.86 5.81 
59934 3598 130 228 194 139 567 0 4.86 9.74 
60106 3590 130 230 195 140 571 0 5.18 6.77 
60278 3565 128 228 192 138 564 0 4.86 10.08 
60450 3161 67 169 122 96 385 0 6.78 7.74 
60622 3622 46 116 87 72 275 0 4.54 9.06 
60794 11976 29 70 66 71 207 0 5.81 6.12 
60966 12371 28 66 63 68 197 0 4.54 10.76 
61138 6784 37 73 69 65 207 0 4.54 15.81 
61310 3810 86 109 110 70 288 0 11.10 9.40 
61482 3609 96 109 114 65 290 0 7.75 9.40 
61654 3589 102 115 120 68 305 0 5.81 17.07 
61827 3639 107 121 127 73 324 0 5.49 33.86 
62000 3603 110 126 131 75 334 0 5.49 16.12 
62172 3636 86 101 104 61 265 0 5.81 16.12 
62344 3808 52 67 67 43 178 0 5.18 9.40 
62516 3963 57 73 74 49 196 0 6.46 16.44 
62689 4076 55 74 74 51 199 0 4.86 7.09 
62861 3593 117 138 141 82 363 0 3.57 8.72 
63033 3567 150 169 176 99 448 1 4.54 10.08 
63205 3552 155 172 180 100 458 0 3.59 4.52 
63377 3548 156 174 182 101 463 0 2.62 8.06 
63549 3557 157 175 183 102 465 0 89.00 9.74 
63726 3590 158 176 185 104 468 0 43.88 9.72 
63900 3595 161 179 188 106 477 5 43.86 9.74 
64074 3558 161 180 188 105 477 0 43.88 9.74 
64248 3558 161 180 188 105 477 0 43.88 9.74 
64422 3573 161 179 188 105 476 0 43.88 9.74 
64596 3573 161 179 188 105 477 0 43.86 9.74 
64770 3558 161 180 188 105 477 0 43.88 9.40 
64944 3558 161 180 188 105 477 0 35.44 12.44 
65118 3584 167 185 195 109 494 0 72.59 7.74 
65294 3577 155 175 182 103 466 0 39.32 6.14 
65468 3550 183 200 211 116 534 0 36.36 6.12 
65642 3567 185 202 214 118 542 0 16.76 4.84 
65814 3554 185 203 214 118 542 0 91.41 4.84 
65991 3557 183 201 212 117 537 0 15.83 4.84 
66163 3587 124 142 147 84 377 0 35.90 5.80 
66337 3558 156 178 184 104 470 0 16.15 6.14 
66509 3549 185 205 215 119 547 0 15.83 23.83 
66682 3567 192 212 223 124 564 6 15.83 16.76 
66855 3590 191 210 222 124 561 0 19.94 5.49 
67028 3627 189 210 222 126 563 0 16.78 5.49 
67200 3589 189 210 221 124 561 1 25.87 15.79 
67374 3554 187 208 218 121 554 0 7.75 16.44 
67547 3537 182 204 212 118 540 0 3.57 16.12 
67719 3553 183 206 214 120 546 0 9.42 15.13 
67892 3542 184 207 215 120 548 0 5.18 15.13 
68064 3542 184 207 215 120 548 4 3.89 15.15 
68236 3542 184 207 215 120 548 0 5.18 15.15 
68408 3542 184 207 215 120 548 0 5.18 15.15 
68580 3542 184 207 215 120 548 0 5.18 15.15 
68752 3542 184 207 215 120 548 0 5.18 4.52 
68924 3542 184 207 215 120 548 0 4.86 8.72 
69096 3492 112 141 138 81 363 0 4.86 18.33 
69269 1645 27 135 69 52 251 0 5.81 30.00 
69442 6796 62 86 97 86 270 0 4.54 29.73 
69615 10823 87 105 143 142 391 5 4.84 4.52 
69787 10798 88 107 145 144 398 0 4.54 4.84 
69959 5741 40 119 92 90 299 6 5.81 16.12 
70131 3444 38 112 79 68 259 6 4.86 3.57 
70303 4001 131 187 180 126 499 0 9.42 43.28 
70477 2630 122 178 145 66 392 0 6.46 29.99 
70650 3389 115 167 151 94 416 0 5.18 4.52 
70822 4007 146 209 201 141 556 0 4.54 24.97 
70995 3884 119 179 167 117 465 0 4.54 24.12 
71168 3882 75 118 108 77 300 0 4.86 5.81 
71340 3843 74 116 106 75 294 0 4.86 5.80 
71512 3880 62 95 88 62 245 0 4.86 4.52 
71684 3842 99 150 139 97 384 0 4.86 5.80 
71856 3869 74 120 108 78 304 0 4.86 4.84 
72028 3571 57 132 101 81 312 0 6.46 5.49 
72200 3639 37 90 68 56 214 0 6.78 16.12 
72373 2366 20 120 69 67 251 0 6.78 16.42 
72546 2228 19 126 71 70 262 0 6.78 16.42 
72719 2113 20 133 74 73 275 5 5.81 18.00 
72892 2020 20 134 74 72 277 0 4.86 5.81 
73064 1940 18 138 75 75 283 6 4.86 5.80 
73236 1860 15 148 79 83 305 0 4.86 4.52 
73408 2253 20 131 74 73 273 0 6.14 11.76 
73580 5752 54 80 84 71 236 5 4.84 10.08 
73752 7401 115 137 172 153 464 0 4.86 27.27 
73925 7664 118 141 179 161 485 0 6.78 9.06 
74097 7544 119 141 179 160 484 6 15.83 5.49 
74269 7614 117 139 176 158 476 0 4.86 5.80 
74441 3024 43 117 82 65 261 0 4.86 5.80 
74613 1625 29 154 77 57 282 3 4.86 5.81 
74785 1620 27 151 74 55 274 0 4.86 4.52 
74957 1633 26 156 75 57 281 0 4.84 4.52 
75129 1622 27 158 77 58 284 0 4.86 4.52 
75301 1670 23 149 70 53 265 0 5.81 16.75 
75473 1623 26 150 73 55 272 0 4.86 20.23 
75646 6071 65 96 102 88 288 0 4.86 5.80 
75818 6700 61 125 115 109 350 0 4.86 5.81 
75990 3051 38 144 93 84 319 0 5.81 17.07 
76163 3989 183 262 252 176 698 1 4.54 43.79 
76337 3909 134 185 180 122 493 0 4.54 43.79 
76511 3858 108 146 143 95 389 0 4.54 43.81 
76685 3859 111 149 146 97 398 0 4.54 43.81 
76859 3859 111 149 146 97 397 2 4.54 43.40 
77033 3859 111 149 146 97 397 0 4.54 43.40 
77207 3859 111 149 146 97 397 0 4.54 43.40 
77381 3859 111 149 146 97 397 2 4.54 43.81 
77555 3859 111 149 146 97 397 0 4.54 43.81 
77729 3859 111 149 146 97 398 0 4.54 43.81 
