=~=~=~=~=~=~=~=~=~=~=~= PuTTY log 2025.11.28 19:50:17 =~=~=~=~=~=~=~=~=~=~=~=
56.20 
56.20 
56.20 
56.20 
56.20 
56.20 
56.20 
56.20 
56.20 
56.20 
56.20 
56.20 
56.20 
56.20 
56.20 
56.20 
56.20 
56.20 
56.20 
56.20 
56.20 
56.20 
56.20 
56.20 
56.20 
56.20 
56.20 
56.20 
56.20 
56.20 
56.20 
56.20 
56.20 
56.20 
56.20 
56.20 
56.20 
56.20 
56.20 
56.20 
56.20 
56.20 
56.20 
56.20 
56.20 
56.20 
56.20 
56.20 
56.20 
56.20 
56.20 
56.20 
56.20 
56.20 
56.20 
56.20 
56.20 
56.20 
56.20 
56.20 
56.20 
56.20 
56.20 
56.20 
56.20 
56.20 
56.20 
56.20 
56.20 
56.20 
56.20 
56.20 
56.20 
56.20 
56.20 
56.20 
56.20 
56.20 
56.20 
56.20 
56.20 
56.20 
56.20 
56.20 
56.20 
56.20 
56.20 
56.20 
56.20 
56.20 
56.20 
56.20 
56.20 
ets Jul 29 2019 12:21:46

rst:ets Jul 29 2019 12:21:46

rst:ets Jul 29 2019 12:21:46

rst:ets Jul 29 2019 12:21:46

rst:ets Jul 29 2019 12:21:46

rst:ets Jul 29 2019 12:21:46

rst:ets Jul 29 2019 12:21:46

rst:ets Jul 29 2019 12:21:46

rst:ets Jul 29 2019 12:21:46

rst:ets Jul 29 2019 12:21:46

rst:ets Jul 29 2019 12:21:46

rst:ets Jul 29 2019 12:21:46

rst:ets Jul 29 2019 12:21:46

rst:ets Jul 29 2019 12:21:46

rst:ets Jul 29 2019 12:21:46

rst:ets Jul 29 2019 12:21:46

rst:ets Jul 29 2019 12:21:46

rst:ets Jul 29 2019 12:21:46

rst:ets Jul 29 2019 12:21:46

rst:ets Jul 29 2019 12:21:46

rst:ets Jul 29 2019 12:21:46

rst:ets Jul 29 2019 12:21:46

rst:ets Jul 29 2019 12:21:46

rst:ets Jul 29 2019 12:21:46

rst:ets Jul 29 2019 12:21:46

3 (SPI_FAST_FLASH_BOOT)
configsip: 0, SPIWP:0xee
clk_drv:0x00,q_drv:0x00,d_drv:0x00,cs0_drv:0x00,hd_drv:0x00,wp_drv:0x00
mode:DIO, clock div:1
load:0x3fff0030,len:4980
load:0x40078000,len:16612
load:0x40080400,len:3480
entry 0x400805b4
Found sensor
Milis - ColorTemp - Lux - R - G - B - C - Pot - UsensA - UsensB

399 3142 33 63 50 34 147 0 63.41 42.82 
576 3142 33 63 50 34 147 0 63.41 43.60 
753 3142 33 63 50 34 146 0 63.41 55.78 
931 3142 33 63 50 34 146 7 63.41 56.20 
1109 3142 33 63 50 34 146 0 63.41 55.66 
1287 3142 33 63 50 34 146 0 63.41 55.66 
1465 3142 33 63 50 34 146 8 63.41 55.62 
1643 3142 33 63 50 34 146 0 63.41 44.01 
1820 3142 33 63 50 34 146 0 63.41 44.42 
1997 3142 33 63 50 34 146 9 63.41 55.64 
2175 3142 33 63 50 34 146 0 63.41 55.66 
2353 3142 33 63 50 34 146 0 63.39 55.78 
2531 3142 33 63 50 34 146 9 63.39 55.66 
2709 3142 33 63 50 34 146 0 63.41 44.01 
2886 3142 33 63 50 34 146 0 63.39 44.42 
3063 3142 33 63 50 34 146 9 63.39 44.01 
3240 3142 33 63 50 34 146 0 63.41 56.22 
3418 3142 33 63 50 34 146 0 63.39 44.03 
3595 3142 33 63 50 34 146 2 63.39 44.01 
3772 3142 33 63 50 34 146 0 63.41 55.66 
3950 3142 33 63 50 34 146 0 63.41 55.66 
4128 3142 33 63 50 34 146 0 63.41 44.01 
4305 3142 33 63 50 34 146 0 63.43 36.77 
4482 3142 33 63 50 34 147 0 63.39 55.78 
4660 3142 33 63 50 34 147 0 63.41 56.63 
4838 3142 33 63 50 34 146 0 63.41 56.22 
5016 3142 33 63 50 34 146 0 63.41 55.64 
5194 3142 33 63 50 34 146 0 63.43 55.66 
5372 3142 33 63 50 34 146 0 63.39 55.78 
5550 3142 33 63 50 34 147 0 63.41 55.79 
5728 3142 33 63 50 34 147 4 63.41 55.66 
5906 3142 33 63 50 34 146 0 63.41 56.20 
6084 3142 33 63 50 34 146 0 63.41 55.67 
6262 3142 33 63 50 34 146 7 63.41 55.67 
6440 3142 33 63 50 34 146 0 63.39 55.78 
6618 3142 33 63 50 34 146 0 63.41 56.22 
6796 3142 33 63 50 34 146 7 63.41 55.78 
6974 3142 33 63 50 34 146 0 63.41 56.22 
7152 3142 33 63 50 34 146 0 63.41 55.66 
7330 3142 33 63 50 34 146 4 63.41 55.78 
7508 3142 33 63 50 34 146 0 63.41 55.78 
7686 3142 33 63 50 34 146 0 63.41 55.64 
7864 3142 33 63 50 34 146 0 63.43 55.66 
8042 3142 33 63 50 34 146 0 63.41 56.61 
8220 3142 33 63 50 34 146 0 63.41 55.66 
8398 3142 33 63 50 34 146 0 63.41 56.22 
8576 3142 33 63 50 34 146 0 63.41 55.66 
8754 3142 33 63 50 34 146 0 63.41 55.67 
8932 3142 33 63 50 34 146 0 63.43 55.66 
9110 3142 33 63 50 34 146 6 63.41 55.79 
9288 3142 33 63 50 34 146 0 63.41 44.42 
9465 3142 33 63 50 34 146 0 63.41 44.00 
9642 3142 33 63 50 34 146 0 63.41 57.02 
9820 3142 33 63 50 34 147 0 63.41 56.20 
9998 3142 33 63 50 34 147 0 63.41 36.31 
10175 3142 33 63 50 34 147 0 63.55 36.33 
10352 3142 33 63 50 34 147 0 63.95 35.41 
10529 3142 33 63 50 34 146 7 63.97 55.78 
10707 3113 32 63 49 34 145 0 63.55 61.37 
10886 3180 32 62 49 34 145 0 63.55 60.94 
11064 3180 32 62 49 34 145 0 63.82 43.04 
11241 3180 32 62 49 34 144 0 64.24 41.33 
11418 3165 33 61 49 33 143 0 63.83 43.03 
11595 3165 33 61 49 33 142 9 64.24 41.77 
11772 3180 32 62 49 34 144 0 63.82 41.33 
11949 3142 33 63 50 34 147 0 63.82 43.44 
12126 3142 33 63 50 34 147 13 63.82 43.44 
12303 3113 32 63 49 34 145 0 64.11 44.42 
12481 3113 32 63 49 34 145 0 63.82 43.03 
12658 3180 32 62 49 34 145 4 63.83 43.03 
12835 3180 32 62 49 34 145 0 63.83 43.42 
13012 3180 32 62 49 34 144 8 63.82 43.03 
13189 3180 32 62 49 34 145 0 63.82 43.42 
13366 3180 32 62 49 34 145 0 63.83 43.44 
13543 3180 32 62 49 34 145 13 63.82 43.44 
13720 3180 32 62 49 34 145 0 64.24 43.03 
13897 3180 32 62 49 34 145 0 64.11 42.23 
14074 3180 32 62 49 34 145 2 63.82 43.01 
14251 3180 32 62 49 34 145 0 64.24 43.03 
14428 3113 32 63 49 34 145 0 63.83 43.01 
14605 3180 32 62 49 34 145 0 64.24 43.03 
14782 3180 32 62 49 34 145 0 63.82 43.04 
14959 3113 32 63 49 34 145 10 64.24 43.42 
15136 3180 32 62 49 34 145 0 64.26 43.03 
15313 3113 32 63 49 34 145 0 63.82 43.44 
15490 3113 32 63 49 34 145 1 64.24 42.62 
15667 3113 32 63 49 34 145 0 63.82 43.03 
15844 3113 32 63 49 34 145 0 63.82 43.03 
16021 3113 32 63 49 34 145 0 64.24 62.34 
16200 3113 32 63 49 34 145 0 62.42 43.42 
16377 3180 32 62 49 34 144 1 64.67 43.60 
16555 3142 33 63 50 34 146 0 65.21 43.60 
16733 3120 33 65 51 35 150 0 64.24 43.21 
16910 3120 33 65 51 35 149 2 63.26 43.23 
17087 3120 33 65 51 35 150 0 60.89 40.87 
17264 3120 33 65 51 35 149 0 60.20 49.59 
17442 3099 33 67 52 36 155 10 60.35 58.29 
17620 3541 32 55 47 33 135 0 60.33 58.29 
17798 3496 31 54 46 32 132 0 60.21 49.27 
17976 3496 31 54 46 32 132 6 60.33 58.29 
18154 3496 31 54 46 32 132 0 60.35 57.46 
18332 3496 31 54 46 32 132 0 60.33 50.47 
18510 3496 31 54 46 32 132 1 60.21 49.27 
18688 3496 31 54 46 32 132 0 60.35 58.29 
18866 3496 31 54 46 32 132 0 60.62 45.42 
19043 3496 31 54 46 32 132 0 60.20 49.27 
19221 3496 31 54 46 32 132 0 60.35 58.29 
19399 3496 31 54 46 32 132 0 60.35 57.88 
19577 3496 31 54 46 32 132 0 60.21 45.41 
19754 3496 31 54 46 32 132 0 60.21 45.00 
19931 3496 31 54 46 32 132 0 60.21 49.27 
20109 3496 31 54 46 32 132 2 60.21 45.02 
20286 3607 30 54 46 33 132 0 59.52 49.28 
20464 3607 30 54 46 33 132 0 19.64 54.50 
20640 5054 40 51 56 43 150 10 47.85 15.81 
20815 4965 44 60 63 49 171 0 44.47 15.79 
20990 3313 42 73 61 41 174 9 45.27 45.61 
21167 3296 48 73 64 40 177 0 14.48 48.93 
21342 3346 46 70 62 39 171 0 16.15 50.80 
21517 3417 35 62 52 36 150 0 16.15 51.12 
21692 3266 33 64 51 36 149 0 14.48 48.94 
21867 3568 35 69 56 42 163 0 15.83 12.78 
22040 3566 34 58 50 35 142 6 16.13 13.11 
22213 3556 38 57 52 34 143 0 16.15 49.79 
22388 3527 42 61 56 36 152 9 50.18 57.87 
22566 3452 45 66 60 38 163 0 49.33 49.62 
22743 3238 55 81 72 43 197 0 53.40 46.78 
22920 3249 56 84 74 45 204 6 60.45 8.06 
23095 3262 58 84 75 45 204 0 56.29 9.06 
23270 3238 54 79 70 42 192 10 56.29 9.06 
23445 3249 51 78 68 42 188 0 47.87 8.06 
23619 3223 52 79 69 42 189 7 6.46 41.33 
23793 3395 46 69 62 39 170 0 7.75 40.41 
23967 3940 49 74 69 49 193 0 43.28 39.97 
24143 3979 50 81 74 54 209 0 42.69 7.74 
24317 4032 51 80 74 54 209 0 39.58 6.44 
24491 4006 48 76 70 51 196 0 37.98 32.83 
24666 3730 30 65 52 41 157 0 6.14 31.04 
24839 3641 29 77 57 48 180 0 31.86 6.77 
25012 3620 29 71 54 44 169 0 31.86 8.06 
25186 3469 28 68 51 41 160 7 31.86 30.53 
25361 3469 28 68 51 41 160 0 31.86 30.50 
25536 3469 28 68 51 41 160 7 31.87 31.30 
25711 3469 28 68 51 41 160 0 31.86 30.51 
25886 3469 28 68 51 41 160 5 31.86 30.51 
26061 3469 28 68 51 41 160 0 31.86 30.51 
26236 3450 26 68 50 41 160 4 31.86 30.51 
26411 3450 26 68 50 41 160 0 31.86 31.30 
26586 3450 26 68 50 41 160 2 31.86 31.28 
26761 3332 27 68 50 40 159 0 31.86 30.51 
26936 3450 26 68 50 41 159 2 32.62 31.04 
27111 3332 27 68 50 40 159 0 35.92 35.63 
27286 3560 28 81 58 50 187 0 39.80 42.01 
27462 3846 49 93 78 60 230 0 42.06 16.12 
27637 3994 65 100 93 67 260 0 43.10 17.39 
27812 3418 49 72 65 41 178 0 43.10 18.02 
27987 3102 50 77 66 39 181 0 43.10 20.23 
28162 3116 50 75 65 38 178 0 42.30 15.81 
28337 3193 48 74 64 39 178 0 42.50 15.79 
28512 3972 62 96 89 64 250 0 37.06 36.29 
28687 3900 52 84 76 55 214 0 35.21 48.16 
28863 3655 29 69 53 43 163 0 19.94 16.75 
29036 3560 28 81 58 50 187 0 16.46 16.12 
29209 3525 28 83 59 51 192 0 15.83 15.15 
29382 3627 29 85 61 53 197 6 14.48 14.47 
29555 3472 29 79 57 48 182 0 14.48 15.13 
29728 3554 28 67 51 41 158 0 18.36 16.12 
29901 3677 29 75 56 47 176 0 13.48 17.70 
30074 3576 29 84 60 52 194 0 13.82 16.75 
30247 3525 28 83 59 51 190 7 15.16 15.79 
30420 3408 29 83 59 50 189 0 13.48 15.81 
30593 3328 29 84 59 50 191 0 20.89 17.70 
30766 3328 29 84 59 50 191 0 22.73 15.79 
30939 3576 29 84 60 52 195 0 23.60 15.79 
31112 3648 28 80 58 50 185 5 36.60 15.81 
31286 3925 28 77 57 50 181 0 23.60 15.81 
31459 3925 28 77 57 50 181 0 36.60 15.81 
31633 3925 28 77 57 50 181 0 37.74 15.81 
31807 3925 28 77 57 50 181 0 35.68 9.74 
31981 3815 28 75 56 48 175 1 16.47 9.42 
32154 3802 30 61 50 39 149 0 11.44 11.08 
32326 3903 30 63 51 41 154 0 7.74 15.49 
32499 3813 31 64 52 41 157 0 8.74 13.11 
32671 3647 28 69 52 43 163 0 16.15 12.78 
32844 4450 30 51 47 37 136 4 49.16 9.06 
33019 4689 31 50 48 38 137 4 29.02 6.44 
33192 5426 33 49 51 42 143 0 23.31 8.06 
33365 5330 35 49 52 42 143 0 15.50 15.81 
33538 3873 35 60 53 39 152 0 15.83 16.42 
33711 3281 35 69 55 39 161 7 21.52 10.42 
33884 3241 37 70 56 39 162 0 21.22 10.42 
34057 3203 36 69 55 38 160 0 23.02 10.42 
34230 3415 33 68 54 40 161 0 23.02 10.42 
34403 3365 35 69 55 40 162 0 23.00 10.42 
34576 3406 35 70 56 41 164 7 23.02 10.40 
34749 3324 34 68 54 39 160 0 23.02 10.42 
34922 3390 34 67 54 39 158 0 21.84 26.13 
35096 3316 38 72 58 41 168 0 27.32 15.79 
35270 4254 34 57 52 40 148 0 16.15 15.81 
35443 4861 34 49 50 39 138 4 28.76 36.29 
35618 4551 32 48 47 36 131 0 25.04 27.28 
35792 5030 35 50 52 41 143 7 24.24 16.75 
35966 4227 35 54 51 38 143 0 23.89 15.81 
36139 3586 32 56 48 34 137 0 22.15 24.99 
36313 3390 34 67 54 39 159 0 23.02 22.69 
36487 3281 35 69 55 39 160 0 18.68 20.54 
36660 3223 32 63 50 35 147 0 18.68 19.58 
36833 3311 32 63 50 36 148 0 18.68 15.78 
37006 3223 32 63 50 35 148 5 16.46 18.97 
37179 3611 33 51 46 31 128 0 17.10 16.12 
37352 3650 40 54 52 33 139 0 16.46 20.55 
37525 3685 40 55 53 34 142 0 19.94 16.75 
37698 3553 33 55 48 33 136 0 19.94 15.81 
37871 3241 33 66 52 37 154 0 18.99 15.81 
38044 3241 33 66 52 37 155 0 17.42 19.28 
38217 3333 33 63 51 36 149 0 15.83 18.97 
38390 3681 39 55 52 34 141 5 14.82 17.71 
38563 3685 40 55 53 34 142 0 17.10 10.42 
38736 3675 40 52 51 32 136 0 15.83 10.42 
38909 3650 40 54 52 33 139 0 16.15 10.42 
39082 3707 39 53 51 33 138 0 16.15 10.40 
39255 3650 40 54 52 33 139 7 15.16 17.70 
39428 3650 40 54 52 33 140 0 18.36 21.50 
39602 3746 41 54 53 34 141 0 25.60 28.71 
39776 3427 33 60 50 35 144 0 24.46 28.97 
39950 3427 33 60 50 35 144 0 20.26 21.81 
40124 3454 32 61 50 36 145 0 17.71 16.75 
40297 3308 33 65 52 37 153 0 18.04 17.07 
40470 3644 38 54 51 33 139 8 16.46 16.12 
40643 3685 40 55 53 34 142 0 15.50 16.44 
40816 3631 42 56 54 34 144 0 15.50 16.75 
40989 3685 40 55 53 34 141 0 14.16 13.46 
41162 3744 39 54 52 34 141 0 13.46 15.49 
41335 3707 39 53 51 33 138 3 14.14 14.13 
41508 3607 38 53 50 32 135 0 13.12 14.13 
41681 3665 37 52 49 32 132 0 12.12 13.79 
41854 3801 34 50 47 32 129 4 7.75 11.44 
42026 5058 27 50 46 39 135 0 5.51 8.72 
42198 5430 28 52 48 42 142 0 9.76 7.74 
42370 3909 31 55 48 36 138 3 9.76 7.09 
42542 3590 31 59 49 36 144 0 8.07 5.49 
42714 3708 31 59 49 37 145 0 6.78 6.77 
42886 3708 31 59 49 37 145 4 8.06 6.44 
43058 3708 31 59 49 37 145 0 6.78 4.52 
43230 3708 31 59 49 37 145 0 6.78 4.20 
43402 3708 31 59 49 37 145 5 6.78 4.52 
43574 3708 31 59 49 37 145 0 6.78 4.52 
43746 3708 31 59 49 37 145 0 6.78 4.52 
43918 3708 31 59 49 37 145 7 6.78 4.54 
44090 3708 31 59 49 37 145 0 6.78 4.52 
44262 3708 31 59 49 37 145 0 6.78 4.52 
44434 3708 31 59 49 37 145 7 6.78 4.52 
44606 3708 31 59 49 37 145 0 6.78 4.52 
44778 3708 31 59 49 37 145 0 6.78 4.52 
44950 3708 31 59 49 37 145 8 6.78 4.52 
45122 3708 31 59 49 37 145 0 6.14 4.20 
45294 3708 31 59 49 37 145 0 8.40 4.84 
45466 3667 32 58 49 36 142 8 7.43 5.49 
45638 4596 29 50 46 37 133 0 6.46 16.12 
45810 4863 29 51 47 39 137 0 6.46 4.22 
45982 4863 29 51 47 39 138 8 6.78 4.52 
46154 4863 29 51 47 39 138 0 6.78 4.54 
46326 4863 29 51 47 39 138 0 6.78 4.52 
46498 4863 29 51 47 39 138 7 6.78 4.52 
46670 4863 29 51 47 39 138 0 6.78 4.54 
46842 4863 29 51 47 39 138 0 7.11 4.54 
47014 4863 29 51 47 39 138 7 7.11 4.52 
47186 4863 29 51 47 39 138 0 7.11 4.52 
47358 4863 29 51 47 39 138 0 7.11 4.52 
47530 4863 29 51 47 39 138 5 7.11 4.52 
47702 4863 29 51 47 39 138 0 7.11 4.54 
47874 4794 30 51 48 39 138 0 7.11 4.52 
48046 4794 30 51 48 39 138 3 7.11 4.54 
48218 4794 30 51 48 39 138 0 7.11 4.54 
48390 4794 30 51 48 39 138 0 7.11 4.52 
48562 4794 30 51 48 39 138 1 7.11 4.20 
48734 4794 30 51 48 39 138 0 7.11 4.52 
48906 4794 30 51 48 39 138 0 7.11 4.52 
49078 4794 30 51 48 39 138 0 7.11 4.52 
49250 4794 30 51 48 39 138 0 7.11 4.52 
49422 4794 30 51 48 39 138 0 7.11 4.52 
49594 4794 30 51 48 39 138 0 7.11 4.54 
49766 4794 30 51 48 39 138 0 7.11 4.52 
49938 4794 30 51 48 39 138 0 7.11 4.54 
50110 4794 30 51 48 39 138 0 7.11 4.54 
50282 4794 30 51 48 39 138 0 7.11 4.84 
50454 4794 30 51 48 39 138 0 8.74 5.49 
50626 5155 28 52 48 41 141 0 8.07 5.49 
50798 5597 28 52 49 43 143 0 9.76 5.49 
50970 5430 28 52 48 42 142 0 9.76 5.49 
51142 5597 28 52 49 43 143 0 9.76 4.52 
51314 5597 28 52 49 43 143 0 9.76 4.52 
51486 5597 28 52 49 43 143 0 9.76 4.54 
51658 5597 28 52 49 43 143 0 9.76 4.54 
51830 5597 28 52 49 43 143 1 9.76 4.52 
52002 5597 28 52 49 43 143 0 9.76 4.52 
52174 5597 28 52 49 43 143 0 9.76 4.52 
52346 5597 28 52 49 43 143 3 9.76 4.54 
52518 5597 28 52 49 43 143 0 9.76 4.54 
52690 5597 28 52 49 43 144 0 9.76 5.49 
52862 5597 28 52 49 43 144 3 9.76 10.42 
53034 5597 28 52 49 43 144 0 7.11 10.40 
53206 5597 28 52 49 43 144 0 7.11 10.42 
53378 5597 28 52 49 43 144 4 7.11 10.40 
53550 5597 28 52 49 43 144 0 7.11 10.40 
53722 5597 28 52 49 43 144 0 8.40 10.42 
53894 5597 28 52 49 43 144 5 8.38 10.42 
54066 5597 28 52 49 43 144 0 8.40 10.42 
54238 5597 28 52 49 43 144 0 8.38 10.42 
54410 5597 28 52 49 43 144 7 8.40 10.42 
54582 5597 28 52 49 43 144 0 8.38 10.42 
54754 5597 28 52 49 43 144 0 8.38 10.42 
54926 5597 28 52 49 43 144 8 8.38 10.42 
55098 5597 28 52 49 43 144 0 8.38 10.42 
55270 5597 28 52 49 43 144 0 8.38 10.42 
55442 5597 28 52 49 43 144 8 8.38 10.40 
55614 5597 28 52 49 43 144 0 8.06 10.40 
55786 5597 28 52 49 43 144 0 9.76 10.42 
55958 5597 28 52 49 43 144 8 9.76 11.76 
56130 5597 28 52 49 43 144 0 9.76 10.42 
56302 5597 28 52 49 43 144 0 9.76 11.76 
56474 5597 28 52 49 43 144 7 9.76 10.42 
56646 5597 28 52 49 43 144 0 9.76 11.76 
56818 5597 28 52 49 43 144 0 8.06 10.42 
56990 5597 28 52 49 43 144 5 9.42 11.76 
57162 5315 29 52 49 42 144 0 10.42 11.10 
57334 5552 28 51 48 42 142 0 10.10 11.08 
57506 5552 28 51 48 42 141 3 12.80 11.10 
57679 5506 27 50 47 41 139 6 13.14 11.42 
57852 5334 27 50 46 40 136 0 13.48 11.42 
58025 5175 28 49 46 39 135 7 15.16 13.45 
58198 4875 28 48 45 37 130 0 19.31 15.79 
58371 3685 40 55 53 34 141 0 20.57 16.75 
58544 3631 42 56 54 34 144 0 20.57 16.75 
58717 3722 43 56 55 35 146 0 19.31 17.07 
58890 3665 42 57 55 35 147 8 19.64 17.39 
59063 3722 43 56 55 35 146 0 19.31 17.37 
59236 3665 42 57 55 35 147 0 18.68 16.75 
59409 3665 42 57 55 35 146 0 22.17 19.30 
59583 3685 40 55 53 34 142 0 22.46 19.30 
59757 3384 33 59 49 34 141 8 22.73 26.71 
59931 3266 33 64 51 36 149 0 109.89 31.81 
60110 3266 33 64 51 36 149 0 55.57 55.33 
60288 3450 31 53 45 31 130 0 57.83 35.87 
60465 3744 39 54 52 34 140 0 56.01 55.93 
60643 3685 40 55 53 34 142 0 55.74 48.94 
60820 3685 40 55 53 34 143 0 61.74 44.03 
60997 3720 41 56 54 35 145 0 59.50 43.79 
61174 3618 53 68 67 41 177 2 17.41 43.21 
61349 3634 55 74 71 45 191 0 54.93 55.51 
61527 3629 60 76 75 46 196 0 50.18 51.46 
61704 3633 61 76 76 46 198 0 44.68 43.81 
61880 3955 42 60 58 40 157 0 16.46 38.13 
62054 6180 27 54 50 46 151 0 35.46 32.84 
62229 6255 40 75 71 65 212 0 9.42 31.02 
62403 6886 29 58 55 52 167 0 35.21 33.34 
62578 4862 33 54 52 42 148 0 36.38 36.99 
62753 4619 38 58 57 44 160 0 36.14 37.67 
62928 3735 70 83 86 52 222 0 34.17 37.01 
63103 3717 71 82 86 51 222 0 32.10 22.41 
63277 3535 127 142 148 82 374 0 16.15 15.81 
63450 3567 106 121 125 71 317 0 28.48 16.75 
63624 6561 31 60 57 53 170 0 10.44 9.40 
63796 15169 29 74 70 78 221 0 16.46 14.13 
63969 10999 30 71 67 71 210 0 22.46 6.44 
64142 6379 35 73 66 62 201 0 22.73 7.09 
64315 3157 62 174 122 100 394 0 22.75 7.09 
64488 3107 65 178 125 101 402 9 22.73 7.11 
64661 3107 65 178 125 101 403 0 22.73 7.11 
64834 3107 65 178 125 101 403 0 22.75 7.11 
65007 3074 65 179 125 101 403 1 22.73 6.77 
65180 3074 65 179 125 101 403 0 9.42 8.04 
65352 3074 65 179 125 101 404 0 21.84 6.77 
65525 3148 64 178 125 102 404 0 22.73 8.06 
65698 3155 63 179 125 103 406 0 16.15 6.14 
65870 3136 65 180 126 103 407 8 16.15 6.14 
66042 3117 66 181 127 103 412 0 16.15 6.14 
66214 3124 65 182 127 104 412 0 16.15 6.12 
66386 3124 65 182 127 104 412 6 16.15 6.12 
66558 3124 65 182 127 104 412 0 22.75 5.17 
66731 3124 65 182 127 104 412 0 22.73 5.18 
66904 3158 65 181 127 104 411 9 22.75 6.14 
67077 3124 65 182 127 104 412 0 22.73 7.09 
67250 3172 67 181 128 104 410 0 23.89 6.44 
67423 3158 65 181 127 104 408 0 9.42 8.38 
67595 3126 64 177 124 101 401 0 7.75 14.13 
67767 4756 41 103 82 74 258 0 6.46 14.47 
67939 6653 33 63 60 56 180 0 5.18 13.12 
68111 3922 59 80 79 53 214 0 19.94 8.06 
68284 4451 40 77 67 55 209 0 28.76 5.17 
68457 6844 31 62 58 55 176 0 23.02 6.44 
68630 8123 34 75 69 69 212 0 23.03 9.40 
68803 6824 34 72 66 63 200 8 10.42 26.42 
68976 7221 34 73 67 65 204 0 4.86 25.57 
69149 7221 34 73 67 65 205 0 4.86 9.40 
69321 7221 34 73 67 65 205 4 5.51 15.81 
69493 6824 34 72 66 63 200 0 20.89 13.11 
69666 4648 36 71 62 52 186 0 22.15 26.15 
69840 4529 37 69 61 50 182 0 21.84 15.81 
70013 4569 35 69 60 50 181 0 20.59 16.75 
70186 4569 35 69 60 50 181 7 22.15 15.79 
70359 4744 34 69 60 51 181 0 18.67 15.76 
70532 4693 36 69 61 51 181 0 15.83 16.12 
70705 5389 34 68 61 54 183 0 22.73 25.86 
70879 5450 34 66 60 53 179 0 22.73 26.72 
71053 5221 35 66 60 52 177 5 23.60 28.15 
71227 5411 33 65 59 52 176 0 12.80 14.13 
71400 8905 30 66 62 63 191 0 15.50 14.13 
71573 6262 43 76 74 67 217 0 16.78 29.22 
71747 3598 98 108 114 64 287 0 19.94 36.99 
71922 3562 112 125 131 73 332 0 33.66 23.56 
72097 3573 137 147 157 86 393 0 34.68 36.31 
72272 3552 146 157 167 91 419 0 35.70 37.43 
72447 3548 147 159 169 92 425 0 16.15 40.87 
72622 3579 118 131 138 77 350 0 16.15 15.79 
72795 3626 121 135 142 81 360 0 15.83 38.59 
72969 3639 132 146 155 88 391 3 16.15 46.58 
73144 3617 99 112 117 67 300 0 18.38 46.97 
73319 3608 105 116 123 69 311 18 61.86 21.49 
73495 3602 98 111 116 66 295 0 68.14 21.18 
73671 4853 39 60 59 47 167 0 68.15 22.42 
73847 6259 28 56 52 48 157 0 60.20 21.18 
74023 6259 28 56 52 48 157 0 58.24 51.97 
74201 6076 30 56 53 48 158 3 58.67 60.83 
74379 4411 44 64 63 47 176 0 57.97 57.61 
74557 3717 78 90 94 56 241 0 58.38 55.91 
74735 3776 71 85 88 54 229 4 61.73 60.91 
74913 3846 66 80 83 52 217 0 54.25 50.10 
75090 8436 29 61 58 58 176 0 52.39 11.08 
75265 8402 27 57 54 54 166 0 53.06 9.40 
75440 9075 27 59 56 57 172 0 29.80 51.29 
75616 9072 28 60 57 58 174 0 56.01 55.66 
75794 9236 28 59 57 58 174 0 63.41 59.53 
75972 7130 27 57 53 51 161 0 62.15 49.62 
76150 10609 27 62 59 62 183 4 62.56 61.22 
76328 9763 28 63 60 62 185 0 62.56 51.80 
76506 9763 28 63 60 62 185 0 62.58 61.20 
76684 9763 28 63 60 62 185 3 63.39 50.46 
76862 9763 28 63 60 62 185 0 62.13 50.95 
77040 9763 28 63 60 62 185 0 55.74 49.42 
77217 9763 28 63 60 62 185 6 55.86 20.86 
77393 9780 28 62 59 61 182 0 55.59 21.81 
77569 10609 27 62 59 62 184 0 56.03 21.50 
77745 9763 28 63 60 62 185 0 59.91 18.97 
77921 7867 29 60 57 56 174 0 58.65 17.37 
78097 3791 68 83 85 53 222 0 55.74 56.75 
78275 3600 84 99 101 59 258 0 55.44 51.95 
78452 3603 85 99 102 59 262 0 53.91 49.27 
78629 3542 103 125 125 73 325 0 53.40 49.27 
78806 2224 36 115 71 52 234 0 53.40 49.76 
78983 2416 44 127 82 60 264 6 53.89 51.82 
79160 2467 46 130 85 62 273 0 54.40 52.48 
79337 2255 35 113 70 52 231 0 54.59 50.29 
79514 3560 97 119 119 70 309 0 54.93 49.93 
79691 3563 130 147 153 86 386 0 54.93 49.93 
79868 3621 126 145 150 87 383 0 54.59 53.65 
80046 3650 125 145 150 88 385 0 55.25 52.33 
80223 3650 125 145 150 88 385 0 56.01 50.80 
80400 3617 129 147 153 88 390 1 57.83 55.66 
80578 3639 136 151 160 91 404 0 62.56 19.92 
80754 3639 107 121 127 73 325 0 67.30 20.86 
80930 5851 35 62 60 53 175 1 56.01 21.50 
81106 10573 28 63 60 63 186 0 62.87 18.00 
81282 10573 28 63 60 63 187 7 60.89 17.70 
81458 4665 34 62 56 46 181 0 59.08 15.81 
81634 3741 53 70 69 44 183 0 61.44 16.12 
81810 3647 65 79 80 48 209 0 58.24 16.44 
81986 3759 64 76 79 48 206 0 17.41 17.07 
82159 3592 94 108 112 64 286 0 18.99 48.77 
82334 3605 104 116 122 69 310 0 18.99 46.97 
82509 3619 104 117 123 70 312 0 19.01 48.76 
82684 3621 106 117 124 70 313 0 17.10 19.30 
82857 3601 107 118 125 70 317 0 61.47 16.12 
83033 3603 102 116 121 69 308 0 68.54 15.81 
83209 3645 69 84 85 51 220 0 62.71 15.79 
83385 3614 70 85 86 51 223 0 68.14 15.79 
83561 3614 70 85 86 51 223 0 58.12 15.81 
83737 3659 69 82 84 50 217 0 55.74 47.58 
83914 3621 114 127 134 76 340 6 55.08 48.59 
84091 3589 130 144 152 85 385 0 55.61 48.04 
84268 3583 128 141 149 83 375 0 56.17 15.79 
84443 3623 134 147 156 88 394 0 77.57 17.70 
84620 3614 93 107 111 64 284 0 61.32 17.70 
84796 3727 73 88 90 55 234 7 61.32 17.70 
84972 3741 71 86 88 54 228 0 58.40 15.79 
85148 3708 72 87 89 54 231 3 54.94 12.44 
85323 3630 90 103 107 62 274 0 24.46 53.97 
85499 3477 92 125 118 72 315 10 18.99 50.10 
85674 4261 40 89 72 61 220 0 18.68 20.55 
85847 11938 69 85 117 119 322 2 23.60 9.40 
86020 12358 69 85 117 120 323 0 51.20 14.13 
86195 6856 48 87 86 80 252 7 52.05 14.47 
86370 2213 32 104 64 47 213 0 52.05 13.46 
86545 2145 27 93 56 42 190 7 52.72 16.44 
86720 2108 26 92 55 41 186 0 20.91 50.80 
86895 2093 30 104 62 46 210 4 16.13 16.44 
87068 8216 53 84 92 88 265 0 16.47 16.76 
87241 9994 59 76 98 96 270 0 17.41 51.46 
87416 5983 40 58 62 53 173 0 21.52 13.79 
87589 12347 67 84 115 118 318 0 21.54 14.47 
87762 11946 68 83 114 116 314 4 21.52 16.44 
87935 11928 66 82 112 114 310 0 22.17 46.39 
88110 11928 66 82 112 114 310 2 42.08 9.74 
88284 11974 67 82 113 115 311 0 9.42 36.33 
88458 12420 68 83 115 118 318 0 8.06 35.16 
88632 12347 67 84 115 118 319 0 36.82 9.40 
88806 12389 68 84 116 119 321 0 9.76 9.42 
88978 12389 68 84 116 119 321 5 9.76 8.06 
89150 12389 68 84 116 119 321 0 36.60 6.78 
89324 12389 68 84 116 119 321 0 18.99 5.49 
89497 12316 68 85 116 119 322 0 43.49 10.42 
89671 12358 69 85 117 120 325 0 43.50 36.31 
89847 12358 69 85 117 120 324 0 43.49 10.08 
90021 12358 69 85 117 120 324 0 43.89 5.80 
90195 12358 69 85 117 120 324 2 43.88 6.46 
90369 12358 69 85 117 120 324 0 43.89 7.09 
90543 12358 69 85 117 120 324 7 57.00 7.09 
90718 12358 69 85 117 120 324 0 56.58 6.77 
90893 12358 69 85 117 120 324 7 43.89 6.77 
91067 12358 69 85 117 120 324 0 56.98 35.63 
91244 12358 69 85 117 120 324 6 56.58 41.09 
91421 12358 69 85 117 120 324 0 56.98 41.11 
91598 12358 69 85 117 120 324 0 56.98 40.65 
91775 12358 69 85 117 120 324 0 56.98 35.63 
91952 12358 69 85 117 120 324 0 18.68 38.13 
92126 12358 69 85 117 120 324 7 36.14 31.79 
92301 12430 69 84 117 120 322 0 33.40 30.26 
92476 8940 53 70 87 83 241 7 34.68 30.26 
92651 5219 35 53 54 44 152 0 31.08 28.97 
92826 5127 35 54 54 44 152 7 27.34 28.14 
93000 3372 23 98 63 60 219 0 25.60 27.57 
93174 2688 17 126 72 75 270 0 24.23 27.85 
93348 2810 17 126 72 76 271 0 23.60 26.15 
93522 2688 17 126 72 75 270 0 18.99 20.23 
93695 2785 20 111 66 65 239 0 13.80 15.79 
93868 5724 49 96 88 79 262 0 7.75 9.40 
94040 8142 103 123 158 145 429 0 8.38 9.74 
94212 7510 119 142 179 160 485 0 13.48 16.44 
94385 7629 118 142 179 161 486 0 16.46 19.60 
94558 7918 95 114 145 132 393 6 16.78 18.97 
94731 7976 92 113 142 130 387 0 16.15 18.00 
94904 6629 70 91 106 92 292 0 14.82 17.39 
95077 7558 85 106 131 118 359 1 15.50 15.79 
95250 7918 95 114 145 132 395 0 14.82 16.44 
95423 8763 104 124 162 152 441 0 14.82 16.44 
95596 8251 101 122 156 144 425 0 14.48 16.12 
95769 8296 102 122 157 145 427 0 9.76 16.12 
95942 7488 84 104 128 115 349 6 6.78 24.41 
96115 6537 88 123 137 120 382 0 4.86 6.46 
96287 1629 27 141 71 53 259 0 4.86 16.75 
96459 2308 37 105 67 47 216 4 4.86 16.76 
96631 2197 36 108 67 47 218 0 4.86 16.75 
96803 2197 36 108 67 47 219 0 4.86 16.75 
96975 2161 35 109 67 47 219 7 4.86 16.75 
97147 2203 37 109 68 47 220 0 4.86 16.76 
97319 2203 37 109 68 47 220 0 4.86 16.75 
97491 2203 37 109 68 47 220 8 4.86 16.75 
97663 2169 37 110 68 47 221 0 4.86 21.18 
97836 2169 37 110 68 47 221 0 4.86 21.17 
98009 2169 37 110 68 47 221 6 4.86 21.18 
98182 2203 37 109 68 47 220 0 4.86 16.76 
98354 2203 37 109 68 47 220 0 4.84 16.75 
98526 2203 37 109 68 47 220 2 4.86 16.76 
98698 2203 37 109 68 47 220 0 4.86 21.17 
98871 2203 37 109 68 47 220 0 4.86 16.76 
99043 2203 37 109 68 47 220 0 4.86 21.18 
99216 2203 37 109 68 47 220 0 4.86 21.18 
99389 2203 37 109 68 47 220 0 4.86 21.18 
99562 2203 37 109 68 47 220 0 4.86 21.18 
99735 2169 37 110 68 47 220 0 4.86 21.17 
99908 2169 37 110 68 47 220 7 4.86 21.18 
100081 2169 37 110 68 47 220 0 9.76 20.54 
100254 2169 37 110 68 47 221 0 10.10 15.79 
100427 1664 24 149 70 52 264 0 10.10 15.79 
100600 1869 21 164 73 55 284 0 10.10 15.81 
100773 1879 22 165 73 54 286 0 16.46 21.81 
100946 1879 22 165 73 54 286 0 9.76 21.81 
101119 1903 21 165 73 55 286 0 9.76 21.81 
101292 1903 21 165 73 55 287 4 9.76 21.81 
101465 1940 21 166 73 55 287 0 9.42 21.81 
101638 1940 21 166 73 55 287 0 16.15 7.74 
101811 1940 21 166 73 55 287 0 9.44 5.81 
101983 1940 21 166 73 55 287 0 9.76 21.81 
102156 1940 21 166 73 55 287 1 7.75 5.81 
102328 1940 21 166 73 55 287 0 7.75 5.81 
102500 1940 21 166 73 55 287 0 7.75 5.81 
102672 1940 21 166 73 55 287 0 7.75 5.81 
102844 1940 21 166 73 55 287 0 7.75 5.81 
103016 1940 21 166 73 55 287 0 7.75 5.80 
103188 1940 21 166 73 55 287 0 7.75 5.81 
103360 1940 21 166 73 55 287 0 7.75 5.81 
103532 1940 21 166 73 55 287 0 7.75 5.81 
103704 1940 21 166 73 55 287 0 7.75 5.81 
103876 1940 21 166 73 55 287 0 9.77 5.81 
104048 1787 23 166 75 56 291 0 14.16 8.36 
104220 1889 32 120 68 49 233 0 8.40 8.06 
104392 2050 39 135 80 58 268 2 9.76 15.81 
104565 2087 41 135 81 58 268 0 7.43 8.06 
104737 1673 31 146 76 56 272 0 17.42 27.86 
104911 6656 92 121 140 122 385 0 19.96 15.81 
105084 7678 120 144 182 164 494 0 19.96 16.44 
105257 7599 122 144 183 164 496 7 11.46 21.18 
105430 7599 122 144 183 164 496 0 13.14 16.12 
105603 7594 121 143 182 163 492 0 13.14 16.12 
105776 7624 118 141 178 160 483 0 13.14 14.47 
105949 7354 113 136 170 151 460 0 13.48 15.79 
106122 7096 79 98 119 105 325 1 14.84 16.12 
106295 9021 106 126 166 157 453 0 15.83 16.12 
106468 8890 106 123 164 154 445 0 16.46 17.07 
106641 9067 103 120 161 152 437 2 20.28 21.49 
106815 8499 87 108 137 128 375 0 26.20 27.28 
106989 8238 63 88 103 97 290 6 33.15 34.87 
107164 3007 20 110 66 66 239 0 37.06 37.91 
107340 3599 30 101 69 63 230 4 44.51 47.17 
107517 4131 112 163 157 113 436 0 49.71 48.93 
107694 3041 82 118 103 57 281 0 55.13 51.12 
107871 2766 55 108 81 51 239 0 61.47 56.35 
108049 4498 43 71 66 52 188 0 56.03 57.58 
108227 6524 63 66 87 72 225 0 52.92 59.94 
108405 2634 39 91 64 43 197 0 51.73 51.78 
108582 5650 57 70 81 65 215 0 54.79 49.44 
108759 7735 82 68 110 94 273 0 54.59 49.44 
108936 7914 82 68 110 95 274 0 55.44 49.95 
109113 7920 82 69 111 96 276 0 49.50 46.39 
109290 7791 83 68 111 95 275 4 47.26 16.75 
109465 7462 79 70 107 91 270 0 47.45 16.75 
109640 8053 92 78 125 109 313 7 46.85 16.12 
109815 8049 91 77 124 108 311 0 46.87 16.12 
109990 8049 91 77 124 108 311 6 46.87 16.12 
110165 7934 93 77 125 108 311 0 18.68 15.79 
110338 7934 93 77 125 108 312 2 15.50 15.79 
110511 8049 91 77 124 108 311 0 14.14 15.81 
110684 7494 81 74 111 95 281 0 13.48 49.28 
110859 6970 81 77 110 92 280 10 14.16 15.79 
111032 7507 100 89 136 116 343 0 13.14 49.59 
111207 7406 98 88 133 113 336 4 13.14 49.62 
111382 6891 87 81 117 97 296 0 13.14 49.62 
111557 6986 86 82 117 98 298 4 15.50 55.64 
111732 6900 87 82 118 98 298 0 40.26 12.44 
111906 7246 95 86 128 108 324 5 39.34 9.40 
112080 5145 133 151 177 133 465 0 39.12 9.74 
112254 6389 110 109 148 120 380 0 37.74 8.38 
112428 6705 80 77 108 89 276 0 9.76 10.08 
112600 7029 108 99 145 121 367 0 10.10 11.10 
112772 7269 114 103 154 130 390 7 9.08 37.67 
112946 7269 114 103 154 130 390 0 9.08 9.06 
113118 7197 116 103 155 130 391 0 33.15 7.74 
113292 6798 95 93 130 108 332 0 34.42 6.77 
113466 5583 62 73 86 68 226 0 10.10 34.63 
113640 5706 66 75 91 72 238 5 34.42 6.78 
113814 5706 66 75 91 72 237 0 34.42 7.09 
113988 5706 66 75 91 72 237 0 33.15 10.08 
114162 5706 66 75 91 72 238 0 34.44 9.74 
114336 5706 66 75 91 72 238 0 34.42 9.74 
114510 5706 66 75 91 72 238 0 33.13 9.40 
114684 5706 66 75 91 72 238 0 34.42 9.74 
114858 5706 66 75 91 72 238 0 34.42 9.40 
115032 5706 66 75 91 72 238 0 33.63 8.06 
115206 5706 66 75 91 72 238 7 34.42 9.06 
115380 5706 66 75 91 72 238 0 34.42 6.77 
115554 5706 66 75 91 72 238 0 34.42 8.38 
115728 5706 66 75 91 72 238 0 34.42 8.38 
115902 5706 66 75 91 72 238 0 34.42 7.09 
116076 5706 66 75 91 72 238 0 34.44 6.77 
116250 5706 66 75 91 72 238 0 33.13 6.77 
116424 5769 65 75 90 72 236 2 33.39 16.75 
116598 4010 36 66 57 44 166 0 16.46 32.84 
116772 3125 27 66 48 37 150 6 15.16 32.32 
116946 3204 27 65 48 37 150 0 16.46 28.71 
117120 3419 29 61 48 36 145 0 35.68 15.79 
117294 2372 25 87 54 43 182 0 33.64 29.73 
117469 1950 22 101 57 47 204 0 32.88 37.47 
117644 2106 23 90 53 42 185 0 33.39 17.07 
117818 2158 24 89 53 42 184 0 40.46 23.27 
117993 2448 26 91 57 46 191 0 22.15 12.77 
118166 6160 89 97 123 100 319 0 9.76 21.18 
118339 6736 121 121 166 138 426 20 10.10 21.50 
118512 6101 84 92 116 94 304 0 8.74 21.50 
118685 6142 91 96 124 100 319 0 9.08 18.65 
118858 6142 91 96 124 100 319 0 9.42 8.06 
119030 6465 111 116 153 126 395 0 10.10 15.15 
119203 4816 53 79 79 62 219 0 43.49 15.15 
119378 3980 39 74 63 49 186 0 20.59 15.49 
119551 4085 40 74 64 50 188 0 11.78 11.42 
119724 3972 41 74 64 49 187 0 23.60 6.78 
119897 2529 25 81 52 41 173 0 8.74 15.49 
120070 1623 19 128 63 53 241 0 9.08 8.04 
120242 2068 24 98 57 46 200 0 10.10 9.40 
120414 2068 24 98 57 46 201 0 9.08 8.06 
120586 2043 23 99 57 47 202 0 9.42 9.74 
120758 2043 23 99 57 47 202 0 12.12 9.06 
120930 2043 23 99 57 47 202 0 16.15 12.77 
121103 1641 18 134 65 55 250 0 16.46 13.79 
121276 1632 20 126 64 54 239 0 16.47 14.13 
121449 1624 20 131 66 56 249 0 16.46 16.44 
121622 1621 19 133 66 57 252 2 16.15 15.49 
121795 1682 17 140 67 58 260 0 29.02 15.13 
121969 1645 19 144 70 61 269 0 15.83 15.13 
122142 1661 18 145 70 61 270 0 13.48 15.13 
122315 1692 17 146 70 62 272 0 16.46 16.44 
122488 1645 19 146 71 62 272 5 31.33 11.42 
122662 1645 19 146 71 62 272 0 9.42 9.06 
122834 1659 20 118 61 51 227 0 9.42 8.38 
123006 4149 44 82 71 56 209 0 9.08 20.86 
123179 4983 55 79 81 64 225 0 16.78 8.72 
123352 5027 53 79 80 64 224 0 29.02 8.38 
123525 5027 53 79 80 64 224 0 29.02 8.38 
123698 4983 55 79 81 64 224 0 29.04 8.36 
123871 4983 55 79 81 64 224 3 25.33 10.08 
124044 4983 55 79 81 64 224 0 21.52 9.08 
124217 5167 60 82 87 69 238 0 22.73 9.06 
124390 6380 106 115 148 122 387 0 20.59 7.41 
124563 6680 126 131 175 146 455 0 21.84 5.80 
124736 6591 127 131 175 145 454 7 21.84 7.41 
124909 6591 127 131 175 145 454 0 21.84 6.46 
125082 6591 127 131 175 145 454 0 22.75 7.41 
125255 6591 127 131 175 145 454 0 15.83 10.08 
125428 6591 127 131 175 145 454 0 22.73 7.41 
125601 6591 127 131 175 145 454 0 22.73 7.74 
125774 6591 127 131 175 145 454 0 22.73 7.41 
125947 6591 127 131 175 145 454 0 22.73 7.74 
126120 6591 127 131 175 145 454 4 22.73 10.40 
126293 6591 127 131 175 145 454 0 22.73 7.41 
126466 6591 127 131 175 145 454 0 21.84 5.49 
126639 6591 127 131 175 145 454 8 15.83 9.06 
126812 6591 127 131 175 145 454 0 22.75 8.72 
126985 6591 127 131 175 145 454 7 15.83 8.74 
127158 6591 127 131 175 145 454 0 15.83 8.74 
127331 6591 127 131 175 145 454 0 22.73 8.72 
127504 6591 127 131 175 145 454 0 22.73 8.74 
127677 6591 127 131 175 145 454 0 22.73 8.72 
127850 6591 127 131 175 145 454 2 25.04 36.97 
128025 6526 121 126 167 138 433 0 32.62 15.79 
128199 2867 33 102 68 56 224 7 32.11 16.12 
128373 1620 20 134 67 57 253 0 28.19 6.46 
128546 2075 31 129 75 61 260 0 29.27 29.75 
128721 1912 25 120 67 56 239 0 46.26 36.53 
128897 2225 28 105 63 51 217 0 42.30 8.06 
129071 2467 32 104 66 52 219 0 55.76 6.78 
129246 6512 70 73 97 80 251 0 55.88 6.78 
129421 7656 83 73 113 97 284 0 55.59 54.99 
129599 7833 91 77 123 106 307 10 55.74 6.78 
129774 7158 75 70 102 86 260 0 43.47 5.49 
129948 5435 61 85 91 74 249 0 33.13 33.61 
130123 2442 32 108 68 54 228 0 35.44 37.91 
130298 2125 30 121 71 58 246 0 45.87 6.46 
130472 2142 29 117 69 56 238 0 40.00 6.46 
130646 2053 27 116 67 55 233 0 45.87 6.44 
130820 2142 29 117 69 56 237 0 41.21 44.20 
130996 2148 28 112 66 54 228 0 31.86 38.37 
131171 2639 46 101 72 47 220 0 33.15 5.49 
131344 2604 125 179 146 64 394 0 4.86 24.14 
131517 2670 115 167 137 64 372 4 19.31 48.57 
131692 4016 167 238 230 161 636 0 28.76 7.74 
131865 4000 167 239 230 161 635 6 44.49 6.46 
132039 3921 102 150 142 99 396 0 4.86 15.81 
132211 4024 60 84 82 57 226 0 40.02 37.69 
132387 3988 129 183 177 123 485 0 33.66 6.78 
132561 3356 53 157 110 94 360 0 12.12 21.49 
132734 6524 54 126 109 105 340 0 9.08 15.79 
132907 7503 79 99 121 109 331 0 10.78 22.13 
133080 1621 25 141 69 52 257 0 16.15 6.77 
133253 3116 104 162 138 83 385 0 21.22 7.74 
133426 3644 101 122 124 74 324 0 24.46 18.65 
133600 3713 99 119 122 74 317 0 11.12 16.12 
133773 3737 98 118 121 74 315 0 11.10 16.12 
133946 3777 97 118 121 75 315 0 11.10 16.12 
134119 3777 97 118 121 75 316 4 11.12 17.39 
134292 3777 97 118 121 75 316 0 16.15 18.63 
134465 3777 97 118 121 75 316 2 17.08 18.65 
134638 3777 97 118 121 75 316 0 16.15 18.65 
134811 3777 99 118 122 75 317 0 15.83 15.79 
134984 3777 99 118 122 75 317 0 9.42 5.49 
135156 3763 98 117 121 74 314 0 10.78 20.86 
135329 3572 128 151 154 89 399 4 10.44 16.44 
135502 3563 182 202 212 118 539 0 15.83 22.69 
135675 3025 71 124 100 63 288 0 35.68 31.81 
135850 4870 59 122 105 91 316 0 38.86 37.69 
136026 7218 68 122 122 115 359 0 44.08 15.79 
136201 3493 53 124 94 75 290 0 42.89 49.28 
136378 3520 107 153 141 90 384 0 48.65 49.62 
136555 2870 70 119 95 56 273 0 49.01 49.11 
136732 2863 62 111 87 53 256 0 49.01 49.10 
136909 2863 62 111 87 53 256 0 49.01 49.10 
137086 2863 62 111 87 53 256 0 49.03 49.10 
137263 2863 62 111 87 53 256 3 48.64 49.11 
137440 2865 61 112 87 54 257 0 48.64 49.62 
137617 2931 61 111 87 55 258 0 48.65 49.10 
137794 2931 61 111 87 55 257 0 48.64 49.61 
137971 2931 61 111 87 55 256 0 48.25 49.62 
