=~=~=~=~=~=~=~=~=~=~=~= PuTTY log 2025.11.28 18:39:12 =~=~=~=~=~=~=~=~=~=~=~=
ets Jul 29 2019 12:21:46

rst:0x1 (POWERON_RESET),boot:0x13 (SPI_FAST_FLASH_BOOT)
configsip: 0, SPIWP:0xee
clk_drv:0x00,q_drv:0x00,d_drv:0x00,cs0_drv:0x00,hd_drv:0x00,wp_drv:0x00
mode:DIO, clock div:1
load:0x3fff0030,len:4980
load:0x40078000,len:16612
load:0x40080400,len:3480
entry 0x400805b4
Found sensor
Milis - ColorTemp - Lux - R - G - B - C - Pot - UsensA - UsensB

399 4159 31 49 46 34 129 5 59.94 48.59 
577 4159 31 49 46 34 129 0 59.96 42.64 
754 4012 32 49 46 33 129 0 59.94 47.17 
931 4012 32 49 46 33 129 0 59.94 48.93 
1109 4012 32 49 46 33 129 0 59.94 47.17 
1286 4012 32 49 46 33 129 0 59.96 47.19 
1463 4012 32 49 46 33 129 0 59.94 47.60 
1640 4012 32 49 46 33 129 0 59.94 47.19 
1817 4012 32 49 46 33 129 0 59.96 47.57 
1994 4159 31 49 46 34 129 0 59.94 47.17 
2171 4159 31 49 46 34 129 0 59.94 47.58 
2348 4012 32 49 46 33 129 0 59.94 47.58 
2525 4012 32 49 46 33 129 0 59.94 47.60 
2702 4012 32 49 46 33 129 0 59.94 47.58 
2879 4159 31 49 46 34 129 0 59.94 47.57 
3056 4012 32 49 46 33 129 2 59.94 47.19 
3233 4012 32 49 46 33 129 0 59.94 47.57 
3410 4012 32 49 46 33 129 0 59.96 47.17 
3587 4159 31 49 46 34 129 0 59.94 47.17 
3764 4012 32 49 46 33 129 0 59.96 43.01 
3941 4159 31 49 46 34 129 2 59.94 47.17 
4118 4159 31 49 46 34 129 0 59.94 48.93 
4296 4159 31 49 46 34 129 0 59.94 47.17 
4473 4012 32 49 46 33 129 1 59.94 48.93 
4651 4159 31 49 46 34 129 0 59.94 47.60 
4828 4159 31 49 46 34 129 0 59.96 48.93 
5006 4012 32 49 46 33 129 0 59.96 47.16 
5183 4012 32 49 46 33 129 0 59.96 47.58 
5360 4012 32 49 46 33 129 0 59.96 47.17 
5537 4159 31 49 46 34 129 0 59.64 47.96 
5714 4159 31 49 46 34 129 0 59.62 47.96 
5891 4159 31 49 46 34 129 6 59.62 47.96 
6068 4012 32 49 46 33 129 0 59.62 43.79 
6245 4159 31 49 46 34 129 0 59.64 43.42 
6422 4159 31 49 46 34 129 0 59.64 47.96 
6599 4159 31 49 46 34 129 0 60.04 47.96 
6777 4159 31 49 46 34 129 6 59.65 43.79 
6954 4159 31 49 46 34 129 0 59.65 48.77 
7132 4159 31 49 46 34 129 0 59.62 36.53 
7309 4159 31 49 46 34 129 11 56.00 46.17 
7486 4159 31 49 46 34 129 0 47.65 45.58 
7663 4159 31 49 46 34 129 0 54.74 45.19 
7840 4159 31 49 46 34 129 0 50.86 44.39 
8017 4159 31 49 46 34 129 0 49.01 44.20 
8194 4159 31 49 46 34 129 6 48.82 45.19 
8371 4159 31 49 46 34 129 0 43.28 40.63 
8547 4159 31 49 46 34 129 0 40.00 36.55 
8723 4159 31 49 46 34 129 0 35.48 28.71 
8898 4159 31 49 46 34 129 0 26.76 32.30 
9073 4159 31 49 46 34 129 0 24.74 35.62 
9248 4159 31 49 46 34 129 0 28.76 53.81 
9424 4159 31 49 46 34 129 0 29.78 25.28 
9598 4159 31 49 46 34 129 0 27.34 27.57 
9772 4159 31 49 46 34 129 0 22.73 26.43 
9946 4159 31 49 46 34 129 0 23.60 26.71 
10120 4159 31 49 46 34 129 0 59.64 36.09 
10297 4159 31 49 46 34 129 0 59.64 35.62 
10474 4159 31 49 46 34 129 0 59.64 48.37 
10652 4159 31 49 46 34 129 0 59.62 36.07 
10829 4159 31 49 46 34 129 1 59.62 47.96 
11006 4159 31 49 46 34 129 0 59.64 48.35 
11184 4159 31 49 46 34 129 0 59.64 48.37 
11362 4159 31 49 46 34 129 6 59.64 35.63 
11539 4159 31 49 46 34 129 3 59.64 48.77 
11717 4159 31 49 46 34 129 0 59.62 36.07 
11894 4159 31 49 46 34 129 11 59.64 36.09 
12071 4159 31 49 46 34 129 0 59.64 36.07 
12248 4159 31 49 46 34 129 0 60.04 47.94 
12426 4159 31 49 46 34 129 0 59.64 48.37 
12604 4159 31 49 46 34 129 0 59.62 38.35 
12781 4159 31 49 46 34 129 0 59.62 36.53 
12958 4246 32 48 46 34 129 0 59.19 36.53 
13135 4246 32 48 46 34 129 0 59.21 36.07 
13312 4246 32 48 46 34 129 0 59.21 43.40 
13489 4246 32 48 46 34 129 0 59.62 48.37 
13667 4246 32 48 46 34 129 0 59.21 36.52 
13844 4246 32 48 46 34 129 3 59.19 36.07 
14021 4246 32 48 46 34 129 0 59.64 47.96 
14198 4246 32 48 46 34 129 0 59.23 48.74 
14376 4246 32 48 46 34 129 0 59.50 47.57 
14553 4246 32 48 46 34 129 0 59.64 36.07 
14730 4246 32 48 46 34 129 0 59.21 48.74 
14908 4222 33 48 47 34 129 0 59.19 49.11 
15086 4222 33 48 47 34 129 0 59.50 42.64 
15263 4222 33 48 47 34 129 0 59.48 42.60 
15440 4246 32 48 46 34 129 0 59.50 47.57 
15617 4246 32 48 46 34 129 0 59.50 42.62 
15794 4246 32 48 46 34 129 2 59.48 47.97 
15971 4246 32 48 46 34 129 0 59.08 47.96 
16148 4246 32 48 46 34 129 0 59.48 47.60 
16325 4246 32 48 46 34 129 0 59.50 47.97 
16502 4246 32 48 46 34 129 0 59.50 42.60 
16679 4246 32 48 46 34 129 0 59.48 47.57 
16856 4246 32 48 46 34 129 0 59.48 47.97 
17033 4246 32 48 46 34 129 0 59.50 47.97 
17210 4246 32 48 46 34 129 0 59.48 47.57 
17387 4246 32 48 46 34 129 0 59.48 47.97 
17564 4246 32 48 46 34 129 0 59.48 47.57 
17741 4246 32 48 46 34 129 0 59.48 48.91 
17919 4246 32 48 46 34 129 5 59.48 49.27 
18097 4246 32 48 46 34 129 0 59.50 47.97 
18274 4246 32 48 46 34 129 0 59.48 49.25 
18452 4246 32 48 46 34 129 0 59.50 47.57 
18629 4246 32 48 46 34 129 7 59.09 47.96 
18806 4246 32 48 46 34 129 0 59.48 47.57 
18983 4246 32 48 46 34 129 0 59.48 48.93 
19161 4246 32 48 46 34 129 0 59.50 47.97 
19338 4246 32 48 46 34 129 0 59.50 42.62 
19515 4246 32 48 46 34 129 0 59.50 47.97 
19692 4246 32 48 46 34 129 0 59.08 37.89 
19869 4246 32 48 46 34 129 0 59.50 47.57 
20046 4246 32 48 46 34 129 6 59.48 42.62 
20223 4246 32 48 46 34 129 0 59.48 47.58 
20400 4246 32 48 46 34 129 0 59.09 47.96 
20577 4246 32 48 46 34 129 0 59.48 47.55 
20754 4246 32 48 46 34 129 0 59.48 49.27 
20932 4246 32 48 46 34 129 4 59.50 47.97 
21109 4246 32 48 46 34 129 0 59.08 43.01 
21286 4246 32 48 46 34 129 0 59.48 47.97 
21463 4246 32 48 46 34 129 1 59.48 48.93 
21641 4246 32 48 46 34 129 0 59.48 47.96 
21818 4246 32 48 46 34 129 0 59.50 42.62 
21995 4246 32 48 46 34 129 0 59.48 47.57 
22172 4246 32 48 46 34 129 0 59.50 43.03 
22349 4246 32 48 46 34 129 0 59.48 47.97 
22526 4246 32 48 46 34 129 0 59.48 43.03 
22703 4246 32 48 46 34 129 0 59.48 43.01 
22880 4246 32 48 46 34 129 11 59.48 43.03 
23057 4246 32 48 46 34 129 0 59.50 47.97 
23234 4246 32 48 46 34 129 0 59.48 48.93 
23412 4246 32 48 46 34 129 0 59.50 47.99 
23589 4246 32 48 46 34 129 0 59.09 48.76 
23766 4246 32 48 46 34 129 0 59.48 47.96 
23943 4246 32 48 46 34 129 0 59.47 48.91 
24121 4246 32 48 46 34 129 0 59.08 37.91 
24298 4246 32 48 46 34 129 0 59.48 47.58 
24475 4246 32 48 46 34 129 0 59.08 37.89 
24652 4246 32 48 46 34 129 0 59.48 47.58 
24829 4246 32 48 46 34 129 0 59.48 42.62 
25006 4246 32 48 46 34 129 0 59.50 47.57 
25183 4246 32 48 46 34 129 0 59.50 42.60 
25360 4246 32 48 46 34 129 0 59.08 49.25 
25538 4246 32 48 46 34 129 0 59.50 47.97 
25715 4246 32 48 46 34 129 0 59.48 42.62 
25892 4246 32 48 46 34 129 0 59.48 47.97 
26069 4246 32 48 46 34 129 0 59.47 35.84 
26246 4246 32 48 46 34 129 1 59.50 47.57 
26423 4246 32 48 46 34 129 0 59.48 47.57 
26600 4246 32 48 46 34 129 0 59.48 47.58 
26777 4246 32 48 46 34 129 0 59.48 49.27 
26955 4246 32 48 46 34 129 0 59.08 47.97 
27132 4246 32 48 46 34 129 0 59.48 47.58 
27309 4246 32 48 46 34 129 0 59.48 47.57 
27486 4246 32 48 46 34 129 0 59.08 47.97 
27663 4246 32 48 46 34 129 0 59.06 47.97 
27840 4246 32 48 46 34 129 0 59.08 49.27 
28018 4246 32 48 46 34 129 0 59.08 47.96 
28195 4246 32 48 46 34 129 0 59.08 47.97 
28372 4246 32 48 46 34 129 0 59.06 47.96 
28549 4246 32 48 46 34 129 0 59.08 47.97 
28726 4246 32 48 46 34 129 0 59.48 47.57 
28903 4246 32 48 46 34 129 0 59.48 49.25 
29081 4246 32 48 46 34 129 0 59.08 49.25 
29259 4246 32 48 46 34 129 5 59.48 42.60 
29436 4246 32 48 46 34 129 0 59.48 47.96 
29613 4246 32 48 46 34 129 0 59.48 42.62 
29790 4246 32 48 46 34 129 0 59.47 47.57 
29967 4246 32 48 46 34 129 0 59.08 47.97 
30144 4246 32 48 46 34 129 0 59.08 47.97 
30321 4246 32 48 46 34 129 0 59.08 49.27 
30499 4246 32 48 46 34 129 6 59.50 42.60 
30676 4246 32 48 46 34 129 0 59.48 49.27 
30854 4246 32 48 46 34 129 0 59.48 43.03 
31031 4246 32 48 46 34 129 0 59.08 43.03 
31208 4246 32 48 46 34 129 0 59.09 43.01 
31385 4246 32 48 46 34 129 0 59.08 42.60 
31562 4246 32 48 46 34 129 1 59.48 43.03 
31739 4246 32 48 46 34 129 0 59.48 42.62 
31916 4246 32 48 46 34 129 0 59.47 42.62 
32093 4246 32 48 46 34 129 0 59.48 42.60 
32270 4246 32 48 46 34 129 0 59.48 47.58 
32447 4246 32 48 46 34 129 0 59.48 47.57 
32624 4246 32 48 46 34 129 0 59.06 48.37 
32801 4246 32 48 46 34 129 0 59.08 43.03 
32978 4246 32 48 46 34 129 0 59.48 47.57 
33155 4246 32 48 46 34 129 0 59.08 49.27 
33333 4246 32 48 46 34 129 0 59.48 43.01 
33510 4246 32 48 46 34 129 0 59.48 42.60 
33687 4246 32 48 46 34 129 0 59.47 47.58 
33864 4246 32 48 46 34 129 0 59.06 49.27 
34042 4246 32 48 46 34 129 0 59.08 48.38 
34219 4246 32 48 46 34 129 0 59.48 43.03 
34396 4246 32 48 46 34 129 0 59.47 49.25 
34574 4246 32 48 46 34 129 0 59.47 42.64 
34751 4246 32 48 46 34 129 0 59.48 47.57 
34928 4246 32 48 46 34 129 0 59.08 49.25 
35106 4246 32 48 46 34 129 0 59.08 47.99 
35283 4246 32 48 46 34 129 0 59.08 49.25 
35461 4246 32 48 46 34 129 0 59.06 42.62 
35638 4246 32 48 46 34 129 0 59.08 42.62 
35815 4246 32 48 46 34 129 0 59.47 47.58 
35992 4246 32 48 46 34 129 0 59.08 47.97 
36169 4246 32 48 46 34 129 0 59.48 47.97 
36346 4246 32 48 46 34 129 0 59.08 49.28 
36524 4246 32 48 46 34 129 0 59.08 43.42 
36701 4246 32 48 46 34 129 0 59.06 49.25 
36879 4246 32 48 46 34 129 14 59.50 47.96 
37056 4246 32 48 46 34 129 0 59.47 42.62 
37233 4246 32 48 46 34 129 0 59.48 42.62 
37410 4246 32 48 46 34 129 0 59.48 42.62 
37587 4246 32 48 46 34 129 0 59.47 42.62 
37764 4222 33 48 47 34 129 0 59.48 42.62 
37941 4246 32 48 46 34 129 0 59.48 47.57 
38118 4246 32 48 46 34 129 0 59.48 49.27 
38296 4246 32 48 46 34 129 2 59.06 42.62 
38473 4246 32 48 46 34 129 0 59.04 47.96 
38650 4246 32 48 46 34 128 0 59.06 47.96 
38827 4222 33 48 47 34 130 10 59.06 47.99 
39004 4222 33 48 47 34 129 0 59.08 47.96 
39181 4222 33 48 47 34 129 0 59.06 47.97 
39358 4222 33 48 47 34 129 0 59.06 48.37 
39535 4222 33 48 47 34 129 0 59.06 47.97 
39712 4222 33 48 47 34 130 0 59.08 47.97 
39889 4222 33 48 47 34 130 0 59.08 47.96 
40066 4222 33 48 47 34 130 0 59.06 47.97 
40243 4222 33 48 47 34 130 0 59.06 47.96 
40420 4222 33 48 47 34 129 0 59.06 47.96 
40597 4222 33 48 47 34 129 0 59.08 47.97 
40774 4222 33 48 47 34 129 0 59.06 37.91 
40951 4222 33 48 47 34 129 0 59.19 36.53 
41128 4222 33 48 47 34 129 0 59.23 48.76 
41306 4095 32 48 46 33 127 0 59.62 43.42 
41483 4012 32 49 46 33 128 0 59.19 43.01 
41660 4012 32 49 46 33 127 0 59.23 43.83 
41837 4012 32 49 46 33 128 0 59.21 47.97 
42014 4012 32 49 46 33 128 0 59.19 43.01 
42191 4012 32 49 46 33 128 0 59.21 43.40 
42368 4012 32 49 46 33 128 0 59.21 43.42 
42545 4025 30 49 45 33 128 0 59.64 47.97 
42722 4012 32 49 46 33 128 0 59.64 42.62 
42899 4012 32 49 46 33 128 0 59.21 43.42 
43076 4012 32 49 46 33 128 0 59.21 43.01 
43253 4012 32 49 46 33 128 0 59.19 43.42 
43430 4012 32 49 46 33 128 0 59.21 43.01 
43607 4012 32 49 46 33 128 0 59.21 43.01 
43784 4012 32 49 46 33 128 0 59.19 43.01 
43961 4012 32 49 46 33 128 0 59.21 46.80 
44138 4012 32 49 46 33 128 0 54.74 43.81 
44315 5169 38 49 54 42 146 0 16.78 18.65 
44488 4619 38 58 57 44 159 0 16.15 41.11 
44663 3293 42 75 62 42 180 0 5.51 36.07 
44837 3540 52 79 71 47 198 0 43.08 3.25 
45011 4008 41 75 65 50 191 1 64.92 2.92 
45186 3913 30 66 53 43 161 0 55.71 5.17 
45361 7328 42 60 68 62 190 1 57.26 4.52 
45536 6825 40 56 63 56 175 0 4.86 31.26 
45709 2812 35 87 61 45 191 0 2.92 50.92 
45883 2898 36 81 59 42 180 0 4.54 18.33 
46056 3621 106 117 124 70 314 0 4.22 36.31 
46230 4619 51 78 76 59 214 0 27.03 29.22 
46404 10475 29 66 63 66 196 0 20.57 5.49 
46577 5280 70 107 108 89 256 4 19.62 8.72 
46750 3172 64 174 123 100 396 0 11.10 22.41 
46923 3215 69 185 132 107 423 0 15.50 18.02 
47096 3168 60 170 119 98 386 0 11.78 15.81 
47269 6313 34 79 68 65 212 0 22.15 18.00 
47443 4423 64 89 90 66 246 0 24.74 22.69 
47617 3190 72 115 98 61 275 0 23.02 20.21 
47791 1961 28 108 62 47 215 0 18.67 15.79 
47964 3569 121 138 143 81 366 0 15.81 16.12 
48137 4464 63 90 90 67 249 0 12.12 15.79 
48310 13847 30 74 70 77 221 2 14.82 37.21 
48484 10915 29 70 65 69 204 0 17.41 42.43 
48659 5829 40 69 67 59 196 9 24.45 22.41 
48833 3564 104 121 124 71 318 0 29.78 27.57 
49008 2911 38 102 71 55 227 0 33.63 32.06 
49183 11359 58 75 99 100 274 0 38.40 38.79 
49359 6865 37 71 68 64 203 10 37.96 36.07 
49535 3654 24 75 53 47 175 0 42.67 41.77 
49711 3671 28 86 61 54 200 0 45.65 44.79 
49887 4107 91 135 129 93 359 0 50.01 45.80 
50064 3076 58 85 74 42 202 0 53.21 43.42 
50241 3055 35 76 57 41 174 0 55.71 48.93 
50418 2756 32 90 61 47 196 0 57.24 49.27 
50595 2699 32 91 61 47 197 0 49.50 51.48 
50772 2747 34 96 65 50 210 0 49.50 51.95 
50949 2643 32 92 61 47 199 0 50.18 48.77 
51126 2725 34 93 63 48 202 0 48.99 23.83 
51301 2909 37 97 68 52 216 0 44.06 18.65 
51476 3001 38 83 62 44 189 2 44.47 18.95 
51651 2845 93 131 112 56 302 0 18.99 18.33 
51824 2825 95 135 115 57 310 0 15.83 16.44 
51997 2832 97 137 117 58 314 0 40.00 15.81 
52171 2802 87 126 106 53 288 0 36.82 6.78 
52345 3625 115 166 154 101 425 0 37.98 7.74 
52519 4133 101 147 142 102 393 2 34.94 15.79 
52693 4084 130 191 183 131 509 2 3.89 35.63 
52866 4110 136 197 190 136 528 0 3.89 38.37 
53040 4116 131 191 184 132 511 0 29.00 4.52 
53213 3972 78 131 117 87 336 0 22.73 2.28 
53386 3270 21 97 61 59 216 0 17.41 3.25 
53558 11454 65 89 113 115 318 0 16.13 2.92 
53730 3394 39 102 74 61 236 0 11.44 2.92 
53902 2668 48 120 83 59 262 0 5.81 2.92 
54074 3580 160 180 188 106 480 0 5.51 3.89 
54246 3620 160 185 191 111 493 0 5.51 4.84 
54418 3835 166 229 221 148 607 0 6.78 5.49 
54590 3835 164 229 220 148 605 0 9.42 15.79 
54763 3820 128 174 169 112 461 0 16.15 15.47 
54936 3588 148 169 175 100 449 0 16.76 18.02 
55109 3557 136 162 164 95 426 2 31.33 29.22 
55284 2028 30 113 66 50 226 0 32.37 30.00 
55459 9115 70 89 113 108 311 13 19.31 22.69 
55633 6656 52 70 80 70 222 0 17.41 17.70 
55806 9334 77 96 124 119 340 0 17.73 17.70 
55979 7746 64 95 106 99 300 0 18.04 17.39 
56152 1769 30 131 71 54 253 0 17.73 18.95 
56325 1881 32 128 72 54 249 0 16.46 19.28 
56498 1870 31 125 70 53 243 0 21.20 22.69 
56672 1794 27 119 65 50 231 0 27.90 27.86 
56846 1637 24 124 63 48 241 0 35.44 25.55 
57021 7133 46 74 78 72 224 0 34.94 35.39 
57196 9540 49 76 87 86 249 0 43.67 39.69 
57372 3399 25 98 64 60 220 0 45.27 43.01 
57548 4043 72 106 101 72 282 0 49.67 44.42 
57725 2859 85 122 104 53 281 0 53.40 52.65 
57902 2581 30 94 61 48 202 0 54.40 46.38 
58079 4671 42 72 67 54 192 0 54.40 46.78 
58256 6336 57 63 80 66 211 0 52.72 44.61 
58433 5337 48 66 71 57 194 0 49.33 46.60 
58610 2576 31 101 65 52 216 0 43.88 42.21 
58786 2852 87 123 105 53 284 0 41.62 42.43 
58962 3980 80 118 112 79 310 0 41.84 42.82 
59138 4165 116 169 163 118 453 0 49.16 42.81 
59315 4123 98 143 138 99 382 0 43.49 44.59 
59491 4097 76 112 107 77 299 0 44.08 44.61 
59667 4152 99 145 140 101 389 0 44.06 46.00 
59843 4152 99 145 140 101 389 0 48.25 47.58 
60020 4179 96 143 137 100 382 0 50.34 48.16 
60197 3626 59 87 80 53 222 0 52.05 47.77 
60374 2958 75 108 93 50 253 0 55.25 50.10 
60551 2970 78 112 97 52 263 0 56.29 43.21 
60728 2995 58 94 78 46 219 0 60.74 44.59 
60905 3746 34 68 56 43 167 0 62.56 42.81 
61082 7070 62 62 86 73 221 0 62.56 46.19 
61260 2983 37 80 60 42 182 0 64.36 43.62 
61438 2915 35 79 58 41 176 0 67.42 60.25 
61617 2858 36 79 58 40 175 0 70.99 58.55 
61796 2982 37 75 57 39 170 0 72.95 57.02 
61975 3844 45 57 58 37 152 0 72.86 55.76 
62154 3759 48 57 59 36 152 0 72.86 60.23 
62333 3788 48 58 60 37 155 0 4.66 48.93 
62507 3857 47 63 62 41 167 0 0.00 16.12 
63677 2741 37 82 59 40 180 1 18.68 15.78 
63850 3037 33 68 52 36 156 0 15.50 15.81 
64023 2857 34 75 55 38 167 0 44.27 43.60 
64199 2415 38 98 65 44 207 0 45.87 16.44 
64374 2396 38 102 67 46 213 0 42.48 9.40 
64548 3037 37 74 57 39 166 0 11.44 8.06 
64720 2763 61 136 98 67 179 0 5.81 42.43 
64894 3161 80 151 120 82 355 0 6.78 35.85 
65068 2274 35 97 62 42 199 0 9.76 10.08 
65240 1896 36 124 71 48 240 0 59.06 9.40 
65415 1912 37 123 71 47 240 0 55.85 11.76 
65590 1912 37 123 71 47 240 0 15.50 13.45 
65763 1905 38 127 73 49 246 0 13.80 16.12 
65936 1905 38 127 73 49 248 0 15.83 52.12 
66111 1944 39 125 73 48 244 0 15.83 18.33 
66284 1937 38 122 71 47 238 0 15.83 58.56 
66460 1937 38 122 71 47 238 0 15.83 52.46 
66635 1937 38 122 71 47 238 0 15.83 18.65 
66808 1937 38 122 71 47 238 0 15.16 18.02 
66981 2896 42 98 71 51 219 0 15.81 48.77 
67156 6896 93 90 127 106 326 0 15.83 48.74 
67331 7005 95 91 130 109 332 0 15.83 48.74 
67506 7005 95 91 130 109 333 0 16.15 49.27 
67681 7005 95 91 130 109 333 0 55.85 46.99 
67858 5797 70 84 99 80 264 0 63.94 42.81 
68035 1916 35 118 68 46 230 0 63.95 55.49 
68213 1937 38 122 71 47 238 0 17.08 50.10 
68388 1944 39 125 73 48 245 0 15.50 14.47 
68561 4753 66 101 99 78 279 0 30.82 15.79 
68735 7095 101 94 137 115 349 0 29.53 32.83 
68910 5859 63 68 86 68 225 0 35.90 35.62 
69085 6049 70 75 96 77 250 0 8.07 15.79 
69258 6826 103 104 142 119 366 0 7.43 42.21 
69432 6280 80 87 111 91 290 0 8.38 42.23 
69606 6186 75 84 105 86 275 0 8.38 16.44 
69779 6186 75 84 105 86 275 14 7.43 18.65 
69952 6186 75 84 105 86 275 0 9.08 18.00 
70125 6387 75 84 106 88 278 0 9.76 18.02 
70298 6999 106 103 145 122 372 0 9.76 11.42 
70470 7137 113 108 155 131 397 0 64.50 6.44 
70645 6668 92 98 129 108 337 0 25.02 5.17 
70818 1893 24 119 66 56 238 0 26.76 8.36 
70991 2664 36 113 74 59 245 0 8.38 27.57 
71164 2748 37 113 75 60 244 0 3.25 36.52 
71337 2607 33 103 67 53 222 0 3.25 34.12 
71510 1630 20 128 65 56 245 0 3.89 48.55 
71684 1844 27 131 72 60 259 0 51.20 6.77 
71859 2935 59 132 97 69 297 6 35.44 8.38 
72033 3148 73 137 109 74 318 0 50.51 9.06 
72208 3148 73 137 109 74 319 0 0.02 28.97 
72381 2742 116 170 141 69 386 0 0.00 45.80 
73553 2546 157 222 180 74 484 0 45.07 44.79 
73729 2545 167 236 191 79 514 0 0.05 45.78 
73903 2539 172 242 196 80 527 0 0.00 41.29 
75074 3143 136 192 171 97 467 0 13.82 38.13 
75248 4008 157 230 219 155 608 0 13.80 14.79 
75421 3980 79 126 115 84 327 0 14.14 13.79 
75594 3384 27 86 59 52 195 0 14.50 12.77 
75767 3271 27 86 59 51 196 0 16.46 15.79 
75940 3271 27 86 59 51 196 0 22.15 11.10 
76113 3271 27 86 59 51 196 0 16.13 6.14 
76285 2564 22 115 68 65 245 0 35.19 23.26 
76460 6941 55 127 112 109 348 0 4.54 15.47 
76632 5937 65 109 108 95 313 1 5.18 2.92 
76804 1760 31 133 72 53 255 0 5.18 3.89 
76976 3588 118 143 144 85 376 0 5.18 3.57 
77148 3570 122 149 149 88 388 0 5.18 3.57 
77320 3570 122 149 149 88 389 0 5.18 3.57 
77492 3570 122 149 149 88 389 0 5.17 3.57 
77664 3570 122 149 149 88 389 0 5.18 3.57 
77836 3570 122 149 149 88 389 0 5.17 3.57 
78008 3570 122 149 149 88 389 0 5.18 3.57 
78180 3570 122 149 149 88 389 0 0.03 3.57 
78351 3570 122 149 149 88 389 0 0.00 3.57 
79520 3589 122 148 149 88 387 0 0.00 3.57 
80689 3589 122 148 149 88 387 0 