=~=~=~=~=~=~=~=~=~=~=~= PuTTY log 2025.11.28 17:51:16 =~=~=~=~=~=~=~=~=~=~=~=
ets Jul 29 2019 12:21:46

rst:0x1 (POWERON_RESET),boot:0x13 (SPI_FAST_FLASH_BOOT)
configsip: 0, SPIWP:0xee
clk_drv:0x00,q_drv:0x00,d_drv:0x00,cs0_drv:0x00,hd_drv:0x00,wp_drv:0x00
mode:DIO, clock div:1
load:0x3fff0030,len:4980
load:0x40078000,len:16612
load:0x40080400,len:3480
entry 0x400805b4
Found sensor
Milis - ColorTemp - Lux - R - G - B - C - Pot - UsensA - UsensB

399 3779 28 44 40 28 113 5 83.69 57.87 
579 3779 28 44 40 28 113 5 83.69 57.75 
758 3779 28 44 40 28 113 0 83.69 58.58 
938 3779 28 44 40 28 113 0 83.72 58.17 
1117 3779 28 44 40 28 112 0 83.71 58.17 
1297 3779 28 44 40 28 113 0 83.69 58.16 
1476 3779 28 44 40 28 113 6 83.78 58.02 
1655 3779 28 44 40 28 113 0 83.69 57.75 
1834 3779 28 44 40 28 113 0 83.71 57.73 
2013 3779 28 44 40 28 113 0 83.71 58.16 
2192 3779 28 44 40 28 113 6 83.78 58.58 
2372 3779 28 44 40 28 113 0 83.71 57.77 
2551 3779 28 44 40 28 113 0 83.67 58.16 
2730 3779 28 44 40 28 113 0 83.78 58.58 
2910 3779 28 44 40 28 113 5 83.78 69.87 
3090 3779 28 44 40 28 113 0 83.78 58.99 
3270 3779 28 44 40 28 113 0 83.71 69.84 
3450 3779 28 44 40 28 113 0 83.69 69.50 
3630 3779 28 44 40 28 113 0 83.72 58.55 
3810 3779 28 44 40 28 113 4 83.71 58.97 
3990 3779 28 44 40 28 112 0 83.78 57.73 
4169 3779 28 44 40 28 112 0 83.71 69.84 
4349 3779 28 44 40 28 113 0 83.71 69.48 
4529 3779 28 44 40 28 113 0 83.69 59.52 
4709 3779 28 44 40 28 113 6 83.71 58.56 
4889 3779 28 44 40 28 113 0 83.71 58.56 
5069 3779 28 44 40 28 112 0 83.72 58.14 
5249 3779 28 44 40 28 113 0 83.69 58.14 
5428 3779 28 44 40 28 113 0 83.71 58.17 
5608 3779 28 44 40 28 113 4 83.71 57.73 
5787 3779 28 44 40 28 113 0 83.71 59.01 
5967 3779 28 44 40 28 113 0 83.78 59.42 
6147 3779 28 44 40 28 113 0 83.71 58.58 
6327 3779 28 44 40 28 112 0 83.69 58.16 
6506 3779 28 44 40 28 112 2 83.71 58.17 
6686 3779 28 44 40 28 112 0 83.69 58.16 
6865 3779 28 44 40 28 112 0 83.71 57.73 
7044 3779 28 44 40 28 113 0 83.69 58.17 
7223 3779 28 44 40 28 112 4 83.69 58.56 
7403 3779 28 44 40 28 112 0 83.69 58.58 
7583 3779 28 44 40 28 112 0 83.76 57.61 
7762 3779 28 44 40 28 112 0 83.69 58.60 
7942 3779 28 44 40 28 112 3 83.69 58.17 
8122 3779 28 44 40 28 113 0 83.71 58.17 
8302 3779 28 44 40 28 113 0 83.71 58.17 
8482 3779 28 44 40 28 113 0 83.69 69.85 
8662 3779 28 44 40 28 113 0 83.72 57.73 
8841 3779 28 44 40 28 113 2 83.72 58.16 
9021 3779 28 44 40 28 113 0 83.71 58.16 
9201 3779 28 44 40 28 113 0 83.71 58.17 
9380 3779 28 44 40 28 113 0 83.71 58.60 
9560 3779 28 44 40 28 113 0 84.13 58.16 
9740 3779 28 44 40 28 113 5 83.71 58.14 
9920 3779 28 44 40 28 113 0 83.71 58.16 
10099 3779 28 44 40 28 113 0 83.78 57.60 
10278 3779 28 44 40 28 113 0 83.79 58.04 
10457 3779 28 44 40 28 113 3 84.13 57.75 
10637 3779 28 44 40 28 113 0 83.69 57.75 
10816 3779 28 44 40 28 113 0 83.69 58.16 
10996 3779 28 44 40 28 113 0 83.79 58.99 
11176 3779 28 44 40 28 113 0 83.76 58.58 
11356 3779 28 44 40 28 113 5 83.76 58.58 
11536 3779 28 44 40 28 113 0 83.78 57.61 
11715 3779 28 44 40 28 113 0 83.78 59.01 
11895 3779 28 44 40 28 113 0 83.78 57.21 
12074 3779 28 44 40 28 113 0 83.71 58.17 
12254 3779 28 44 40 28 113 0 83.79 57.21 
12433 3779 28 44 40 28 113 0 83.79 58.17 
12613 3779 28 44 40 28 113 0 83.71 57.73 
12792 3779 28 44 40 28 113 0 83.79 58.58 
12972 3779 28 44 40 28 113 4 83.79 58.58 
13152 3779 28 44 40 28 113 0 83.79 57.73 
13331 3779 28 44 40 28 113 0 83.71 58.17 
13511 3779 28 44 40 28 113 0 83.78 57.73 
13690 3779 28 44 40 28 113 0 83.69 58.58 
13870 3779 28 44 40 28 113 0 83.71 69.85 
14050 3779 28 44 40 28 113 0 83.71 58.58 
14230 3779 28 44 40 28 113 0 83.69 58.70 
14410 3779 28 44 40 28 113 0 83.69 58.16 
14590 3779 28 44 40 28 113 2 83.78 59.01 
14770 3779 28 44 40 28 113 0 83.71 58.58 
14950 3779 28 44 40 28 113 0 70.41 69.84 
15129 3779 28 44 40 28 113 0 83.78 59.01 
15309 3779 28 44 40 28 113 0 83.88 57.73 
15488 3779 28 44 40 28 112 4 70.14 62.61 
15667 3779 28 44 40 28 113 0 68.15 58.02 
15846 3779 28 44 40 28 113 0 83.96 58.02 
16026 3779 28 44 40 28 112 0 71.45 55.93 
16205 3779 28 44 40 28 112 6 69.33 56.35 
16384 3779 28 44 40 28 113 0 83.95 58.55 
16564 3779 28 44 40 28 113 0 83.98 57.19 
16743 3779 28 44 40 28 113 0 70.65 49.27 
16921 3928 27 44 40 29 113 7 84.40 56.34 
17100 3928 27 44 40 29 113 0 71.91 67.90 
17279 3779 28 44 40 28 113 0 83.96 57.21 
17458 3779 28 44 40 28 113 0 70.58 56.35 
17637 3779 28 44 40 28 113 3 71.89 55.93 
17816 3779 28 44 40 28 113 0 77.04 71.28 
17996 3779 28 44 40 28 113 0 84.40 70.92 
18176 3779 28 44 40 28 113 0 84.40 70.92 
18356 3779 28 44 40 28 113 0 70.14 64.68 
18535 3779 28 44 40 28 113 0 83.98 70.57 
18715 3779 28 44 40 28 113 0 84.40 70.12 
18895 3779 28 44 40 28 113 0 69.50 69.60 
19074 3779 28 44 40 28 112 0 65.65 65.40 
19253 2887 58 85 72 38 199 3 60.35 59.14 
19431 2461 177 258 203 81 553 0 55.76 55.66 
19609 3685 33 50 46 31 128 0 49.86 54.67 
19786 3740 54 81 75 51 209 6 44.88 49.10 
19963 5730 30 47 48 41 136 0 51.54 51.46 
20140 15460 34 56 67 73 197 0 46.05 47.40 
20317 19605 38 63 78 88 230 0 41.16 41.31 
20493 8943 59 89 102 99 293 0 35.92 36.31 
20668 13425 32 53 62 66 181 0 32.88 33.61 
20843 7764 30 48 52 49 150 0 31.36 33.34 
21018 21580 33 56 70 80 207 0 31.86 32.84 
21193 27236 34 58 74 87 221 0 31.86 33.34 
21368 27236 34 58 74 87 221 0 31.86 33.35 
21543 27236 34 58 74 87 221 0 31.86 32.84 
21718 27236 34 58 74 87 220 0 32.88 34.12 
21893 27236 34 58 74 87 221 0 33.66 35.87 
22068 25143 34 57 73 85 216 1 33.64 36.31 
22243 27352 34 57 74 87 220 0 35.68 37.47 
22418 30175 33 58 74 88 222 4 37.06 41.09 
22594 27750 33 57 73 86 218 0 37.06 40.65 
22770 28292 33 56 72 85 214 6 36.13 37.45 
22945 31498 32 56 72 86 215 0 42.48 85.46 
23124 18603 37 61 75 84 221 0 79.70 35.63 
23302 4309 57 85 82 61 231 5 30.04 31.81 
23477 9158 32 51 57 56 164 0 73.93 73.49 
23657 18239 33 56 68 76 200 0 90.51 37.01 
23836 15730 32 54 64 70 190 6 90.80 35.65 
24015 14327 32 55 64 69 187 0 76.60 76.06 
24195 15567 31 55 64 70 190 0 73.59 69.24 
24375 15567 31 55 64 70 189 0 91.31 79.61 
24556 23208 33 58 71 82 212 0 123.52 79.70 
24739 26628 34 60 75 88 224 0 94.79 79.07 
24920 26628 34 60 75 88 225 0 71.91 84.30 
25100 23959 36 60 76 88 226 0 65.48 69.22 
25279 22843 33 59 72 83 216 0 63.67 68.61 
25458 19791 32 57 68 77 203 0 94.42 70.38 
25639 21603 32 57 69 79 205 5 95.32 71.69 
25820 21433 33 57 70 80 209 0 96.12 72.15 
26001 23591 32 57 70 81 210 1 95.30 109.45 
26184 22773 34 58 73 84 216 2 95.30 77.98 
26365 22635 34 59 73 84 217 0 95.30 109.45 
26548 22635 34 59 73 84 218 0 95.30 72.13 
26729 22635 34 59 73 84 218 0 95.30 74.90 
26910 22635 34 59 73 84 217 0 90.18 76.84 
27091 22635 34 59 73 84 217 0 99.03 62.07 
27272 7016 68 105 113 103 326 0 93.53 99.04 
27454 26628 34 60 75 88 225 0 89.20 89.57 
27636 19683 33 57 69 78 205 0 89.71 88.71 
27818 4454 29 45 43 33 122 2 91.48 91.00 
28000 4499 27 45 42 33 121 0 91.58 91.05 
28182 18239 33 56 68 76 201 0 92.04 100.11 
28364 27633 33 58 73 86 219 0 91.94 102.12 
28547 30074 33 59 74 88 223 0 89.73 91.54 
28729 27117 33 59 74 87 223 0 88.76 61.51 
28909 21433 33 57 70 80 209 0 86.89 88.67 
29090 6357 28 46 47 42 136 0 87.57 88.81 
29272 5269 27 44 43 36 123 0 84.40 85.68 
29453 4784 26 43 41 33 118 0 86.99 84.83 
29634 3875 27 43 39 28 110 3 101.98 83.66 
29816 3779 28 44 40 28 112 0 82.30 80.22 
29997 4222 29 44 42 31 118 0 77.23 78.17 
30177 19581 34 57 70 79 208 0 76.77 78.59 
30357 30074 33 59 74 88 223 0 82.19 79.08 
30538 27117 33 59 74 87 222 0 81.14 81.35 
30719 22984 34 58 72 83 214 12 81.51 81.63 
30900 6003 29 46 47 41 135 2 81.31 80.94 
31081 5529 29 46 46 39 133 0 83.44 81.53 
31262 4454 29 45 43 33 121 0 82.82 81.87 
31443 3875 27 43 39 28 111 0 80.15 81.18 
31624 3870 28 43 40 28 111 0 78.64 80.94 
31805 10516 30 51 57 58 167 0 78.73 81.46 
31986 24600 34 59 74 86 221 0 79.80 80.83 
32167 24335 35 59 75 87 223 2 58.80 82.72 
32346 21128 33 58 71 81 212 0 81.84 83.32 
32527 4127 28 45 42 31 118 0 83.79 62.34 
32707 3779 28 44 40 28 112 0 83.79 63.17 
32887 3779 28 44 40 28 112 0 83.86 60.54 
33067 3779 28 44 40 28 112 4 83.81 62.32 
33247 3779 28 44 40 28 112 0 83.79 62.75 
33427 3779 28 44 40 28 112 0 83.44 60.81 
33607 3779 28 44 40 28 112 0 82.64 58.97 
33786 3779 28 44 40 28 113 0 68.27 67.61 
33965 4862 29 46 45 36 128 0 72.61 66.11 
34144 24469 34 60 74 86 221 0 72.68 74.27 
34324 26162 35 61 76 89 227 0 72.96 65.67 
34503 26162 35 61 76 89 227 0 65.77 72.78 
34682 26162 35 61 76 89 227 2 65.35 73.29 
34861 26162 35 61 76 89 227 0 64.63 71.35 
35040 26282 35 60 76 89 227 0 75.55 59.57 
35219 26628 34 60 75 88 224 0 74.82 59.26 
35398 26628 34 60 75 88 224 0 73.75 73.29 
35578 27117 33 59 74 87 222 0 75.80 72.33 
35758 19967 38 61 77 87 227 0 74.19 72.59 
35938 8088 61 88 101 95 288 0 71.54 62.61 
36117 4854 96 137 140 109 393 2 70.12 70.99 
36296 4056 128 191 181 130 510 0 68.68 71.28 
36475 16747 35 56 69 76 202 0 78.00 75.51 
36655 20842 35 58 73 83 216 0 74.90 74.53 
36835 26401 35 59 76 89 226 0 73.66 74.07 
37015 25959 36 60 77 90 229 2 73.13 74.48 
37195 28550 35 60 77 91 230 0 72.69 74.51 
37375 25655 37 60 78 91 230 0 73.15 74.53 
37555 25655 37 60 78 91 230 0 73.13 74.53 
37735 25655 37 60 78 91 230 0 72.06 73.63 
37915 25655 37 60 78 91 230 2 71.84 72.74 
38095 23851 37 59 77 89 227 0 294.71 68.31 
38288 26401 35 59 76 89 225 0 66.33 64.55 
38467 11907 51 76 93 96 268 0 63.41 61.91 
38646 8278 59 95 103 99 300 0 103.75 56.35 
38827 24600 34 59 74 86 221 0 103.58 63.72 
39008 15441 33 56 66 72 195 0 104.45 58.56 
39189 3875 27 43 39 28 110 0 104.89 57.34 
39370 3728 27 43 39 27 109 0 103.90 56.05 
39551 6049 28 43 45 39 109 0 60.74 59.40 
39729 24600 34 59 74 86 221 0 60.89 61.49 
39907 26628 34 60 75 88 224 0 60.89 61.49 
40085 26628 34 60 75 88 225 0 60.62 60.49 
40263 26628 34 60 75 88 226 0 63.39 59.82 
40441 26628 34 60 75 88 225 0 60.32 59.81 
40619 26628 34 60 75 88 225 0 61.57 61.66 
40797 26628 34 60 75 88 225 2 796.09 245.33 
41029 24600 34 59 74 86 220 0 796.14 795.06 
41294 10023 55 85 98 98 285 0 796.11 121.82 
41519 12183 50 79 93 97 272 0 795.92 795.02 
41784 24206 35 60 75 87 223 0 58.36 62.07 
41962 24206 35 60 75 87 223 0 230.50 57.61 
42150 24883 33 59 73 85 219 0 228.63 55.66 
42338 11563 31 51 59 61 173 0 242.18 101.86 
42529 6185 27 46 46 41 134 0 153.60 224.45 
42722 4765 28 44 43 34 121 0 152.52 223.41 
42915 3955 83 117 113 78 313 0 149.68 189.91 
43106 3827 62 90 85 58 237 0 147.10 187.24 
43297 3921 31 47 44 31 123 1 144.48 194.19 
43488 3920 29 44 41 29 115 0 138.35 232.51 
43681 5529 29 46 46 39 132 1 134.10 192.56 
43871 11407 31 52 59 61 173 0 133.62 79.41 
44055 19387 38 64 79 89 234 0 133.99 131.63 
44242 17488 41 67 82 91 242 0 133.99 132.46 
44429 17488 41 67 82 91 243 0 134.01 194.24 
44619 17488 41 67 82 91 243 0 134.52 133.86 
44806 17614 41 66 82 91 241 0 134.42 210.22 
44997 14485 32 54 64 69 189 1 134.42 794.99 
45223 6202 30 47 49 43 140 0 134.44 83.93 
45407 6202 30 47 49 43 140 0 134.47 134.16 
45594 6202 30 47 49 43 140 0 134.78 135.68 
45781 6202 30 47 49 43 141 1 208.28 146.00 
45973 6558 29 47 49 44 141 0 42.30 129.15 
46154 16796 32 56 66 73 197 0 43.30 44.79 
46330 23959 36 60 76 88 226 4 145.33 44.22 
46512 11766 46 64 81 83 231 0 81.84 46.78 
46691 3746 106 88 111 55 259 0 84.85 92.97 
46873 3690 109 89 113 54 260 0 79.54 63.29 
47053 3716 64 63 72 39 176 0 80.12 60.52 
47232 3870 28 43 40 28 112 0 82.19 47.97 
47411 3911 50 76 71 50 200 0 49.01 47.97 
47588 3706 121 178 165 111 459 0 49.50 47.58 
47765 3895 74 80 88 53 350 2 55.88 49.44 
47942 3773 85 82 95 52 232 0 83.15 51.31 
48121 3341 87 125 113 69 312 0 85.27 73.73 
48302 3320 144 222 194 123 548 0 73.58 70.36 
48482 3564 134 188 176 112 487 0 77.06 64.87 
48662 3461 159 232 211 134 587 0 79.27 62.03 
48841 3739 79 116 108 73 298 0 91.07 51.27 
49021 3870 28 43 40 28 112 0 93.53 51.63 
49201 3779 28 44 40 28 112 0 96.41 54.83 
49381 1773 24 101 55 40 195 1 99.77 57.02 
49561 1847 22 164 73 54 286 0 106.49 95.39 
49744 1849 22 162 72 53 282 0 81.84 56.63 
49923 1909 21 161 71 53 281 0 80.34 83.39 
50104 1819 22 161 72 53 283 0 81.86 83.23 
50285 1845 22 166 74 55 291 0 83.54 83.84 
50466 1664 28 177 83 61 319 0 83.54 83.83 
50647 2838 105 224 165 112 505 0 84.32 83.91 
50828 3026 118 228 177 119 530 0 81.65 66.23 
51008 3052 120 227 178 119 530 0 87.77 49.78 
51187 3900 49 70 67 46 420 0 87.69 48.93 
51366 3904 47 70 66 46 183 0 87.60 49.10 
51545 3904 47 70 66 46 183 1 87.62 89.88 
51727 3904 47 70 66 46 183 0 119.80 101.35 
51911 4012 53 77 74 52 205 0 116.08 58.14 
52092 3517 99 182 151 109 444 0 115.65 57.73 
52273 3213 124 226 183 124 537 0 136.66 79.25 
52457 3205 121 224 180 123 530 0 94.47 66.95 
52638 2952 60 161 112 88 359 0 93.64 94.49 
52820 8304 36 94 81 83 259 0 92.92 95.42 
53002 12269 43 80 86 91 259 0 94.08 94.71 
53184 12269 43 80 86 91 259 0 92.57 94.83 
53366 12526 46 80 90 95 268 0 95.66 96.85 
53548 9170 62 97 109 107 317 0 98.97 95.47 
53731 4775 127 195 191 151 542 0 100.30 99.87 
53914 4308 163 244 235 175 662 0 102.51 99.36 
54097 4263 171 256 246 182 694 0 102.24 102.07 
54280 4312 167 251 241 180 680 0 101.61 71.35 
54461 4317 164 248 238 178 672 0 102.05 99.67 
54644 4371 159 240 231 174 652 0 102.39 86.00 
54826 4383 151 230 221 167 624 0 195.81 101.29 
55015 4369 156 236 227 171 642 0 210.36 166.58 
55208 4535 144 217 211 162 595 0 36.82 136.02 
55389 7530 71 111 120 112 345 0 213.40 75.68 
55577 23830 35 61 76 88 227 0 147.95 78.34 
55761 26997 33 60 74 87 222 0 95.98 82.42 
55943 26628 34 60 75 88 225 0 77.23 70.19 
56123 23830 35 61 76 88 226 0 69.94 71.01 
56302 8876 31 52 56 55 164 0 69.94 56.63 
56481 3830 28 45 41 29 116 0 66.18 61.37 
56660 3830 28 45 41 29 115 0 35.90 71.62 
56837 8173 31 52 55 53 161 0 35.67 56.46 
57014 23472 36 62 77 89 230 0 37.26 38.61 
57190 22929 37 63 79 91 235 0 40.48 40.87 
57366 25418 36 62 78 91 232 0 44.27 43.42 
57542 25418 36 62 78 91 232 0 69.75 74.12 
57722 25016 36 63 79 92 235 0 66.32 62.59 
57901 23129 36 63 78 90 233 0 73.59 68.03 
58080 21248 37 63 78 89 232 0 72.78 71.98 
58260 21248 37 63 78 89 232 0 73.24 79.37 
58440 21248 37 63 78 89 232 0 73.66 55.66 
58619 21248 37 63 78 89 232 0 100.16 85.24 
58801 21248 37 63 78 89 232 0 87.43 60.66 
58981 21248 37 63 78 89 232 0 73.59 70.55 
59161 21248 37 63 78 89 232 0 74.37 71.43 
59341 21248 37 63 78 89 232 0 74.39 70.64 
59521 21248 37 63 78 89 232 0 100.88 56.08 
59701 21248 37 63 78 89 232 0 89.56 70.21 
59882 21527 36 62 77 88 229 0 76.35 84.78 
60063 4067 92 163 143 110 421 0 76.33 72.30 
60243 3210 126 222 182 121 529 0 89.54 69.84 
60424 3204 126 224 183 122 534 0 90.00 81.70 
60605 3194 128 225 184 122 536 0 90.42 69.39 
60786 3194 128 225 184 122 537 0 103.75 62.03 
60967 3215 127 225 184 123 537 0 76.42 77.13 
61147 3215 127 225 184 123 537 0 91.22 69.14 
61328 2796 98 209 153 103 469 1 55.86 80.22 
61507 1735 25 171 78 57 302 0 55.88 53.16 
61685 1703 24 154 71 52 274 0 59.91 58.72 
61863 1813 21 156 70 52 274 0 65.50 57.15 
62041 1786 21 153 69 51 269 0 70.38 49.44 
62219 2244 61 178 112 78 369 0 101.10 104.12 
62402 3090 72 139 109 74 325 0 101.25 103.41 
62585 3830 28 45 41 29 115 0 100.83 103.50 
62768 3830 28 45 41 29 115 0 105.25 102.53 
62951 3830 28 45 41 29 115 0 103.38 99.06 
63134 3830 28 45 41 29 115 0 103.41 99.96 
63317 3969 29 45 42 30 117 0 103.39 99.08 
63500 3880 29 46 42 30 118 0 102.22 55.64 
63680 3880 33 49 46 32 128 0 96.37 40.19 
63859 3973 56 76 75 51 206 0 100.93 101.57 
64042 3858 75 103 100 67 275 0 195.13 143.07 
64233 3696 92 132 124 82 343 0 194.67 83.66 
64421 3923 33 50 47 33 130 0 194.65 83.64 
64609 3779 28 44 40 28 112 0 194.74 84.18 
64797 3779 28 44 40 28 112 0 194.84 87.57 
64985 3653 28 47 41 29 117 0 194.84 194.99 
65179 3779 28 44 40 28 112 0 194.87 195.36 
65373 3779 28 44 40 28 112 0 195.28 195.40 
65567 3779 28 44 40 28 112 0 194.89 86.65 
65755 3779 28 44 40 28 112 0 195.72 63.73 
65941 3779 28 44 40 28 112 0 66.18 64.97 
66120 3779 28 44 40 28 112 0 71.45 57.60 
66299 2098 25 85 51 37 173 4 69.61 62.27 
66478 1817 22 163 73 54 286 0 83.89 77.37 
66659 2159 33 103 63 45 210 4 84.85 71.33 
66839 3564 122 179 164 107 456 0 88.14 74.97 
67020 3964 36 54 51 36 143 0 118.18 111.93 
67205 2902 27 60 44 31 134 0 103.14 56.34 
67386 1877 21 158 70 52 276 0 102.51 57.03 
67567 1881 21 163 72 53 284 0 103.38 50.42 
67747 1758 22 154 70 52 272 0 104.19 49.10 
67927 1849 22 162 72 53 283 0 104.09 49.11 
68107 1912 20 159 70 52 277 0 104.09 49.10 
68287 1874 21 160 71 53 280 0 104.09 49.10 
68467 1874 21 160 71 53 280 0 103.55 46.39 
68647 1877 21 158 70 52 277 0 89.68 48.76 
68826 1821 22 159 71 52 278 0 83.42 55.51 
69005 1847 22 164 73 54 287 0 78.64 60.37 
69184 1703 24 156 72 53 277 0 74.66 44.81 
69362 3585 100 151 137 91 385 3 71.20 35.63 
69539 3875 30 46 43 30 119 0 66.32 69.19 
69718 3785 70 102 96 65 266 0 60.74 42.81 
69895 3805 104 109 121 70 305 4 57.12 51.29 
70073 3711 108 88 112 54 259 0 56.01 43.81 
70250 3695 112 92 116 56 268 0 56.01 43.40 
70427 3770 126 120 140 76 344 0 56.01 43.81 
70604 3770 126 120 140 76 344 0 56.58 43.03 
70781 3770 126 120 140 76 344 0 56.71 52.65 
70959 3752 117 102 125 64 297 5 56.01 45.99 
71136 3690 109 89 113 54 260 0 56.87 44.59 
71313 3690 109 89 113 54 261 0 56.29 52.29 
71491 3690 109 89 113 54 261 0 56.01 51.80 
71668 3690 109 89 113 54 261 0 56.01 50.97 
71845 3725 110 89 114 55 262 3 55.73 51.14 
72022 3703 110 90 114 55 263 0 56.83 45.41 
72199 3690 109 89 113 54 261 0 56.42 43.23 
72376 3712 110 88 113 54 259 0 56.44 45.41 
72553 3690 109 89 113 54 260 0 56.83 43.62 
72730 3690 109 89 113 54 260 0 56.29 55.78 
72908 3690 109 89 113 54 260 0 56.00 58.02 
73086 3690 109 89 113 54 260 0 58.65 63.17 
73264 4134 181 259 252 180 701 0 72.50 71.16 
73444 4225 195 281 274 199 767 0 72.88 71.16 
73624 4204 199 285 278 201 778 0 72.86 71.18 
73804 4215 198 286 278 202 778 0 72.88 71.14 
73984 4215 198 286 278 202 779 0 73.83 71.72 
74164 4211 199 286 279 202 780 0 61.44 55.93 
74342 4208 201 289 282 204 788 0 64.48 42.82 
74519 4204 199 288 280 203 785 0 69.31 40.63 
74697 4018 163 210 213 143 573 0 79.36 58.16 
74876 3668 109 90 113 54 262 0 81.29 55.93 
75055 3677 109 88 112 53 258 0 81.31 55.91 
75234 3670 111 90 114 54 262 0 79.34 35.85 
75412 3670 111 90 114 54 263 0 74.82 29.50 
75589 3670 111 90 114 54 263 0 70.64 67.63 
75768 4059 164 209 214 144 577 0 106.03 88.72 
75951 3753 61 62 70 39 173 0 101.97 37.67 
76130 3779 28 44 40 28 112 0 101.76 37.45 
76309 3798 42 50 52 32 135 3 105.32 61.22 
76490 3704 67 65 75 40 182 0 108.70 62.88 
76671 3779 28 44 40 28 113 0 107.44 62.88 
76852 3779 28 44 40 28 113 0 106.95 56.49 
77033 3779 28 44 40 28 113 0 107.58 61.76 
77214 3779 28 44 40 28 113 0 106.32 63.46 
77395 3928 27 44 40 29 114 0 106.30 65.25 
77576 3928 27 44 40 29 114 1 115.89 62.88 
77758 3779 28 44 40 28 113 0 67.59 35.87 
77935 3870 28 43 40 28 111 0 67.71 46.99 
78113 3870 28 43 40 28 112 0 67.73 47.40 
78291 3928 27 44 40 29 113 0 67.73 46.99 
78469 3928 27 44 40 29 113 0 67.71 46.99 
78647 3928 27 44 40 29 114 0 68.41 49.44 
78825 3928 27 44 40 29 114 3 71.30 43.83 
79003 3779 28 44 40 28 113 0 75.22 36.75 
79181 3781 48 55 58 35 149 0 92.57 44.01 
79360 3670 111 90 114 54 262 0 107.59 42.42 
79540 3787 124 116 137 74 334 0 97.48 97.21 
79723 4129 193 272 266 189 740 0 114.22 95.74 
79907 4193 200 287 280 202 782 0 113.42 96.08 
80090 4145 186 253 252 177 694 0 113.78 96.07 
80274 4130 185 251 250 175 687 0 100.66 96.88 
80457 4130 185 251 250 175 687 0 99.40 55.79 
80637 4130 185 251 250 175 688 0 98.87 56.22 
80817 4135 187 255 254 178 698 0 93.38 91.94 
80999 4120 180 249 246 173 680 0 88.76 86.79 
81180 3678 94 81 99 49 231 0 82.64 75.70 
81360 3650 86 77 92 46 218 0 70.48 69.84 
81539 3684 90 101 107 62 275 0 70.52 70.75 
81718 3779 28 44 40 28 113 0 70.84 70.91 
81897 3779 28 44 40 28 112 0 68.85 68.60 
82076 3779 28 44 40 28 112 0 66.89 66.64 
82255 3870 28 43 40 28 111 0 61.86 61.76 
82433 3875 27 43 39 28 110 0 59.06 56.07 
82611 3762 56 57 64 36 159 0 198.13 55.18 
82797 3674 121 131 141 80 358 0 198.49 55.18 
82983 3724 110 111 125 69 311 0 198.10 55.17 
83169 3706 107 107 121 66 301 0 59.08 55.15 
83347 3706 107 107 121 66 301 0 58.11 55.18 
83525 3686 114 127 135 78 347 0 58.96 55.64 
83703 3628 123 146 149 88 391 0 58.94 55.64 
83881 3622 125 148 151 89 396 0 70.04 55.62 
84060 3622 125 148 151 89 396 0 55.88 55.18 
84238 3636 127 149 153 90 399 0 55.73 54.67 
84416 3697 104 112 121 69 309 0 55.28 54.49 
84594 3781 78 77 88 49 219 0 52.89 53.82 
84771 3814 55 59 65 38 165 1 51.88 52.46 
84948 3831 35 48 47 31 128 0 62.29 53.14 
85126 3875 30 46 43 30 119 0 49.35 51.80 
85303 3828 30 45 42 29 117 0 62.29 63.29 
85482 3830 28 45 41 29 116 0 69.07 55.64 
85660 3830 28 45 41 29 115 0 59.21 61.91 
85838 3830 28 45 41 29 116 1 56.00 58.87 
86016 3830 28 45 41 29 116 0 60.74 59.13 
86194 3928 27 44 40 29 114 0 59.76 59.13 
86372 4013 69 96 94 65 258 0 60.04 56.32 
86550 3966 94 130 127 87 349 0 56.42 56.47 
86728 3913 103 144 139 95 384 0 55.88 56.32 
86906 3780 82 121 113 77 317 0 70.67 73.90 
87086 3776 65 63 73 40 180 0 68.70 55.93 
87264 3754 90 78 96 49 227 0 16.78 32.83 
87438 3799 39 50 50 32 134 2 16.76 32.81 
87612 3791 33 47 45 30 123 0 80.94 44.22 
87791 3791 33 47 45 30 123 0 49.52 46.58 
87968 3829 37 48 48 31 128 0 49.16 49.25 
88145 3835 46 54 57 35 148 0 49.16 48.76 
88322 3920 29 44 41 29 114 0 49.16 49.27 
88499 3920 29 44 41 29 114 2 49.33 50.27 
88676 3928 27 44 40 29 114 0 49.35 43.62 
88853 3870 28 43 40 28 112 2 53.57 49.93 
89030 3920 29 44 41 29 115 0 95.23 55.66 
89210 3703 92 80 98 49 231 0 109.24 97.56 
89393 3735 121 117 135 73 330 0 109.60 97.90 
89576 3804 137 159 167 102 435 0 95.42 50.12 
89756 3762 128 133 148 84 372 0 89.35 55.90 
89936 3709 86 78 93 48 221 3 83.86 53.82 
90115 3772 42 52 53 33 139 0 79.97 58.02 
90294 3785 123 113 135 72 326 0 84.13 84.80 
90475 4045 199 285 275 194 767 0 79.61 81.29 
90656 4204 199 285 278 201 778 0 79.42 80.92 
90837 4211 199 286 279 202 780 0 79.08 80.92 
91018 4187 184 271 261 190 734 1 79.53 81.00 
91199 4188 189 275 266 193 745 5 79.51 80.97 
91380 4177 191 277 268 194 751 0 79.15 80.97 
91561 4177 191 277 268 194 751 0 79.15 81.36 
91742 4177 191 277 268 194 751 0 79.19 81.38 
91923 4192 191 276 268 194 750 0 79.17 81.36 
92104 4195 189 276 267 194 750 0 79.54 81.36 
92285 4195 189 276 267 194 749 2 79.19 80.94 
92466 4195 189 276 267 194 748 0 79.53 81.35 
92647 4195 189 276 267 194 748 0 79.53 81.38 
92828 4188 189 275 266 193 747 0 79.53 81.35 
93009 4188 189 275 266 193 745 0 79.53 81.00 
93190 4180 188 274 265 192 743 0 79.54 81.00 
93371 4199 187 273 264 192 740 0 79.54 81.38 
93552 4172 188 273 264 191 740 0 79.53 80.94 
93733 4172 188 273 264 191 739 1 79.54 81.36 
93914 4187 188 272 264 191 739 0 79.53 81.00 
94095 4191 187 272 263 191 738 0 79.54 81.02 
94276 4191 187 272 263 191 738 0 79.54 81.00 
94457 4191 187 272 263 191 738 0 79.19 80.99 
94638 4191 187 272 263 191 738 0 79.53 81.00 
94819 4191 187 272 263 191 738 6 79.53 80.95 
95000 4191 187 272 263 191 738 0 79.53 81.40 
95181 4191 187 272 263 191 738 0 79.53 80.99 
95362 4191 187 272 263 191 738 0 79.53 81.02 
95543 4191 187 272 263 191 738 0 79.54 81.00 
95724 4191 187 272 263 191 738 0 79.17 80.99 
95905 4191 187 272 263 191 738 0 79.53 59.96 
96084 4191 187 272 263 191 738 0 79.53 81.00 
9