=~=~=~=~=~=~=~=~=~=~=~= PuTTY log 2025.11.28 22:04:53 =~=~=~=~=~=~=~=~=~=~=~=
ets Jul 29 2019 12:21:46

rst:0x1 (POWERON_RESET),boot:0x13 (SPI_FAST_FLASH_BOOT)
configsip: 0, SPIWP:0xee
clk_drv:0x00,q_drv:0x00,d_drv:0x00,cs0_drv:0x00,hd_drv:0x00,wp_drv:0x00
mode:DIO, clock div:1
load:0x3fff0030,len:4980
load:0x40078000,len:16612
load:0x40080400,len:3480
entry 0x400805b4
Found sensor
Milis - ColorTemp - Lux - R - G - B - C - Pot - UsensA - UsensB

399 4351 79 111 111 81 304 0 4.54 16.44 
571 4351 79 111 111 81 304 0 4.54 16.44 
743 4351 79 111 111 81 304 0 4.54 16.42 
915 4351 79 111 111 81 304 2 4.54 16.42 
1087 4351 79 111 111 81 304 0 4.54 16.42 
1259 4351 79 111 111 81 304 0 4.54 16.44 
1431 4351 79 111 111 81 304 0 4.54 16.44 
1603 4351 79 111 111 81 304 0 4.54 16.44 
1775 4351 79 111 111 81 304 0 4.54 16.44 
1947 4351 79 111 111 81 304 0 4.54 16.44 
2119 4351 79 111 111 81 304 0 4.54 16.42 
2291 4351 79 111 111 81 304 0 4.54 16.44 
2463 4351 79 111 111 81 304 0 4.54 16.44 
2635 4351 79 111 111 81 304 0 4.54 16.42 
2807 4351 79 111 111 81 304 0 4.54 16.42 
2979 4351 79 111 111 81 304 0 4.54 16.44 
3151 4351 79 111 111 81 304 2 4.54 16.42 
3323 4351 79 111 111 81 304 0 4.54 16.44 
3495 4351 79 111 111 81 304 0 4.54 16.44 
3667 4351 79 111 111 81 304 5 4.54 16.42 
3839 4351 79 111 111 81 304 0 4.54 16.44 
4011 4351 79 111 111 81 304 0 4.54 16.44 
4183 4351 79 111 111 81 304 6 4.54 16.44 
4355 4351 79 111 111 81 304 0 4.54 16.44 
4527 4351 79 111 111 81 304 0 4.54 16.44 
4699 4351 79 111 111 81 304 5 4.54 16.44 
4871 4351 79 111 111 81 304 0 4.54 16.44 
5043 4351 79 111 111 81 304 0 4.54 16.44 
5215 4351 79 111 111 81 304 0 4.54 16.42 
5387 4351 79 111 111 81 304 0 4.54 16.44 
5559 4351 79 111 111 81 304 0 4.54 16.44 
5731 4351 79 111 111 81 304 0 4.54 16.42 
5903 4351 79 111 111 81 304 0 4.54 16.44 
6075 4351 79 111 111 81 304 0 4.54 16.44 
6247 4351 79 111 111 81 304 0 4.54 16.44 
6419 4351 79 111 111 81 304 0 4.54 16.44 
6591 4351 79 111 111 81 305 0 4.54 16.44 
6763 4351 79 111 111 81 304 0 4.54 16.44 
6935 4351 79 111 111 81 304 1 4.54 16.42 
7107 4351 79 111 111 81 304 0 4.54 16.44 
7279 4351 79 111 111 81 304 0 4.54 16.44 
7451 4351 79 111 111 81 304 4 4.54 16.44 
7623 4351 79 111 111 81 305 0 4.54 16.44 
7795 4351 79 111 111 81 305 0 4.54 23.26 
7968 4351 79 111 111 81 304 7 4.54 22.41 
8141 4351 79 111 111 81 304 0 4.54 22.42 
8314 4351 79 111 111 81 304 0 4.54 22.41 
8487 4351 79 111 111 81 304 0 4.54 22.41 
8660 4351 79 111 111 81 304 0 4.54 22.41 
8833 4315 79 112 111 81 305 1 4.54 24.12 
9006 4315 79 112 111 81 305 0 4.54 22.41 
9179 4315 79 112 111 81 305 4 4.54 23.26 
9352 4315 79 112 111 81 305 3 4.54 22.42 
9525 4315 79 112 111 81 305 0 4.54 23.27 
9698 4315 79 112 111 81 305 0 4.54 23.27 
9871 4315 79 112 111 81 305 0 4.54 24.12 
10044 4315 79 112 111 81 305 0 4.54 22.41 
10217 4315 79 112 111 81 305 5 4.54 22.41 
10390 4315 79 112 111 81 305 0 4.54 23.27 
10563 4315 79 112 111 81 305 0 4.54 23.27 
10736 4315 79 112 111 81 305 1 4.54 22.41 
10909 4315 79 112 111 81 305 0 4.54 22.42 
11082 4315 79 112 111 81 305 0 4.54 22.41 
11255 4315 79 112 111 81 305 0 4.54 61.06 
11430 4315 79 112 111 81 305 0 4.54 22.41 
11603 4315 79 112 111 81 305 0 4.54 22.41 
11776 4315 79 112 111 81 305 0 4.54 22.41 
11949 4315 79 112 111 81 305 0 4.54 23.27 
12122 4315 79 112 111 81 305 0 4.54 22.41 
12295 4315 79 112 111 81 305 0 4.54 61.05 
12470 4315 79 112 111 81 305 0 4.54 22.41 
12643 4315 79 112 111 81 305 0 4.54 61.06 
12818 4315 79 112 111 81 305 3 4.54 22.41 
12991 4315 79 112 111 81 305 0 4.54 23.27 
13164 4315 79 112 111 81 305 0 4.54 22.41 
13337 4315 79 112 111 81 305 0 4.54 24.12 
13510 4315 79 112 111 81 305 0 4.54 22.41 
13683 4315 79 112 111 81 305 0 4.54 23.27 
13856 4315 79 112 111 81 305 0 4.54 22.42 
14029 4383 78 112 111 82 305 0 4.54 60.11 
14204 4364 79 114 112 83 310 3 4.54 61.05 
14379 4364 79 114 112 83 311 2 4.54 23.26 
14552 4316 80 115 113 83 313 17 4.54 23.27 
14725 4351 80 114 113 83 312 0 4.54 23.27 
14898 4351 80 114 113 83 311 0 4.54 22.41 
15071 4351 80 114 113 83 311 0 4.54 23.27 
15244 4333 80 113 112 82 309 0 4.54 22.42 
15417 4333 80 113 112 82 309 3 4.54 60.64 
15592 4333 80 113 112 82 309 0 4.54 23.26 
15765 4333 80 113 112 82 309 0 4.54 23.27 
15938 4333 80 113 112 82 309 0 4.54 22.41 
16111 4333 80 113 112 82 309 0 4.54 61.05 
16286 4333 80 113 112 82 309 0 4.54 22.41 
16459 4333 80 113 112 82 309 0 4.54 24.14 
16632 4333 80 113 112 82 309 0 4.54 60.37 
16807 4438 78 109 110 81 300 0 4.54 21.17 
16980 5979 73 79 100 80 259 0 4.54 18.65 
17153 7307 67 62 92 78 232 2 4.54 16.44 
17325 7307 67 62 92 78 233 0 6.78 18.00 
17498 7048 67 62 91 76 229 0 6.78 55.51 
17673 7027 69 66 94 79 238 0 6.78 22.41 
17846 7938 60 51 82 71 202 0 4.54 16.12 
18018 7659 62 55 85 73 211 5 4.54 16.75 
18190 5037 50 66 71 55 191 0 4.54 16.12 
18362 3085 34 80 59 44 180 0 6.46 22.69 
18535 2848 33 84 59 44 186 5 6.46 5.49 
18707 3107 43 98 73 54 222 0 6.46 15.81 
18879 3317 51 81 70 45 194 0 6.46 18.95 
19052 3281 50 74 66 40 177 4 6.46 6.46 
19224 3253 50 73 65 39 174 0 6.46 2.92 
19396 3226 51 74 66 39 176 0 5.18 8.06 
19568 3087 59 88 76 44 207 5 6.46 5.49 
19740 3970 67 102 95 68 265 0 6.46 21.49 
19913 4060 66 103 96 70 269 0 6.78 28.71 
20086 4081 67 104 97 71 270 0 6.78 28.71 
20259 4081 67 104 97 71 269 0 6.78 30.00 
20432 4081 67 104 97 71 269 0 6.78 30.00 
20605 4081 67 104 97 71 269 0 6.46 5.49 
20777 4081 67 104 97 71 269 0 4.54 34.36 
20950 4035 68 105 98 71 274 6 4.54 38.13 
21124 3571 50 75 68 45 188 0 4.84 48.37 
21298 3262 58 84 75 45 205 0 6.78 47.75 
21472 3365 46 68 61 38 167 0 6.78 34.88 
21646 3263 56 82 73 44 200 0 6.46 32.83 
21819 3224 56 83 73 44 201 0 4.54 35.63 
21993 3441 43 66 59 38 163 0 4.54 35.62 
22167 3483 42 65 58 38 160 5 4.54 17.37 
22339 3539 42 64 58 38 160 0 5.81 15.79 
22511 3940 46 71 66 47 185 0 5.51 15.79 
22683 4038 66 102 95 69 267 6 6.78 15.79 
22855 4031 67 102 96 69 266 0 4.54 16.12 
23027 4038 60 90 85 61 237 0 6.78 16.12 
23200 4074 77 114 109 78 302 6 5.81 18.33 
23373 4045 76 115 108 78 300 0 4.86 18.33 
23546 4064 76 116 109 79 304 0 21.22 19.58 
23720 4048 73 112 105 76 293 0 6.78 16.44 
23893 3905 38 72 61 47 179 0 6.78 15.81 
24065 3342 25 94 62 57 211 6 5.81 44.40 
24239 3437 25 96 63 59 216 0 5.81 43.98 
24413 3437 25 96 63 59 216 0 5.51 15.81 
24585 3437 25 96 63 59 215 0 5.51 15.79 
24757 3342 25 94 62 57 210 0 5.51 35.62 
24931 3306 23 97 62 59 216 0 5.51 35.62 
25105 3086 19 106 64 64 232 0 5.51 36.07 
25279 3159 21 98 61 59 215 5 5.51 36.07 
25453 3159 21 98 61 59 216 0 5.49 36.06 
25627 3159 21 98 61 59 216 0 5.51 34.88 
25801 3159 21 98 61 59 216 0 5.49 34.36 
25975 3159 21 98 61 59 216 0 5.49 37.43 
26149 3159 21 98 61 59 216 6 5.51 34.88 
26323 3159 21 98 61 59 216 0 5.51 34.88 
26497 3159 21 98 61 59 216 0 5.51 34.88 
26671 3159 21 98 61 59 217 0 5.51 15.79 
26843 3159 21 98 61 59 217 0 5.51 15.79 
27015 3127 19 104 63 63 227 5 5.49 19.60 
27188 3147 19 110 66 67 241 0 5.51 17.70 
27361 3122 20 109 66 66 239 0 5.51 17.70 
27534 3122 20 109 66 66 239 0 5.51 17.70 
27707 3274 19 109 66 67 240 0 5.51 17.70 
27880 3147 19 110 66 67 240 2 4.54 44.79 
28054 3147 19 110 66 67 240 0 5.51 15.79 
28226 3082 20 111 67 67 242 0 5.51 15.49 
28398 3082 20 111 67 67 242 2 5.51 15.13 
28570 3240 22 96 61 58 212 0 5.51 15.13 
28742 3162 24 91 59 54 202 0 5.51 15.47 
28914 3162 24 91 59 54 202 4 5.51 14.79 
29086 3162 24 91 59 54 202 0 6.78 19.28 
29259 4002 39 80 66 53 200 4 6.78 16.42 
29432 4090 41 77 66 52 197 0 4.86 39.49 
29606 3978 41 77 66 51 196 0 6.46 19.26 
29779 3985 57 93 84 62 240 19 6.46 28.42 
29952 4011 104 148 143 100 395 0 6.46 5.49 
30124 3325 124 177 160 97 438 0 6.46 27.28 
30297 2568 149 212 172 73 463 1 6.46 27.30 
30470 2561 153 217 176 74 473 0 4.86 29.48 
30643 2561 153 217 176 74 473 0 4.86 26.13 
30816 2579 149 211 172 73 462 0 4.86 5.81 
30988 3665 132 190 177 117 489 0 4.84 5.81 
31160 4032 151 215 208 146 575 0 4.86 4.52 
31332 3996 147 211 203 142 561 0 4.86 5.80 
31504 3924 69 125 108 82 317 0 4.86 4.52 
31676 3384 21 96 61 59 214 0 4.86 35.39 
31850 3183 20 113 68 69 247 0 4.54 35.39 
32024 3988 24 94 63 61 208 0 7.74 35.63 
32198 3259 22 102 64 62 225 0 6.78 45.19 
32372 3131 23 102 64 61 224 0 4.86 5.81 
32544 3117 27 108 69 64 239 7 4.86 5.81 
32716 3258 24 104 66 63 230 0 4.86 18.65 
32889 3788 26 80 57 51 187 0 6.78 42.23 
33063 3802 28 72 54 46 173 0 47.06 47.96 
33240 3342 25 94 62 57 211 0 4.54 60.37 
33415 5350 34 67 60 53 179 0 4.86 22.69 
33588 9152 46 61 76 73 211 0 4.86 4.54 
33760 9059 45 60 74 71 206 6 4.86 49.23 
33934 9155 46 60 75 72 209 0 6.78 55.51 
34109 8661 46 60 74 70 204 3 6.78 48.93 
34283 7894 43 61 71 66 199 0 5.51 15.79 
34455 3342 25 94 62 57 210 0 6.78 49.25 
34629 4017 83 134 122 90 347 0 6.78 28.71 
34802 3381 102 148 134 83 367 0 5.51 22.41 
34975 2454 76 150 107 60 317 6 5.18 5.49 
35147 4825 55 94 88 72 253 0 5.18 16.75 
35319 6103 76 83 105 85 279 0 4.86 4.52 
35491 5260 55 70 78 61 212 6 4.86 4.52 
35663 2610 38 89 62 42 191 0 4.86 5.81 
35835 1748 38 142 77 50 265 0 4.86 4.52 
36007 1748 38 142 77 50 266 5 4.86 4.52 
36179 1746 39 144 78 51 270 6 4.54 16.12 
36351 1733 38 143 77 50 267 0 6.78 43.21 
36525 1746 39 144 78 51 269 2 28.75 15.79 
36699 1736 37 141 76 50 264 0 5.81 16.12 
36871 1722 37 142 76 50 265 0 5.81 16.12 
37043 1733 38 143 77 50 266 0 4.86 4.52 
37215 1763 39 141 77 50 264 0 5.81 17.07 
37387 2900 40 75 58 37 170 0 6.78 36.97 
37561 3742 79 72 86 45 205 0 6.78 39.71 
37735 3720 96 81 101 50 234 0 6.78 36.52 
37909 3760 95 81 101 51 235 0 6.78 15.79 
38081 3787 71 69 80 44 194 0 4.54 16.12 
38253 3823 104 113 123 73 312 0 4.84 4.52 
38425 3818 107 121 129 78 331 0 4.86 5.80 
38597 3789 89 94 104 60 261 0 4.86 4.52 
38769 3793 62 61 70 39 172 0 4.86 5.81 
38941 3816 62 62 71 40 175 0 4.86 17.37 
39113 3816 62 62 71 40 175 0 4.86 20.23 
39286 3754 76 70 83 44 200 0 4.54 18.33 
39459 3744 92 80 98 50 229 0 4.86 16.12 
39631 3738 88 77 94 48 220 0 4.86 15.79 
39803 3728 79 74 87 46 207 1 6.78 14.81 
39975 3738 65 64 73 40 179 0 5.51 15.13 
40147 3587 63 68 73 40 182 0 5.51 16.12 
40319 3419 50 66 63 37 166 0 6.78 13.79 
40491 3408 49 66 62 37 166 0 6.78 14.79 
40663 3367 47 65 60 36 161 0 4.54 16.12 
40835 3659 74 76 84 46 206 0 6.78 7.74 
41007 3755 104 86 109 54 251 0 5.81 6.14 
41179 3740 116 90 118 56 266 1 4.54 6.14 
41351 3719 117 91 119 56 268 0 4.54 6.12 
41523 3719 117 91 119 56 269 0 4.54 7.41 
41695 3719 117 91 119 56 269 0 6.78 13.79 
41867 3719 117 91 119 56 269 0 6.78 16.42 
42040 3739 114 90 117 56 265 0 6.78 15.15 
42212 3692 93 82 99 50 231 0 6.78 13.79 
42384 3594 85 79 92 46 218 0 6.78 13.79 
42556 3594 85 79 92 46 218 0 6.78 14.13 
42728 3594 85 79 92 46 218 0 6.78 13.79 
42900 3594 85 79 92 46 218 0 6.78 14.13 
43072 3594 85 79 92 46 218 0 6.78 14.47 
43244 3594 85 79 92 46 218 0 6.78 12.78 
43416 3594 85 79 92 46 218 0 6.46 15.47 
43588 3497 70 76 80 43 200 0 5.18 15.49 
43760 2291 43 105 69 43 217 0 5.17 6.77 
43932 2497 42 97 67 43 206 0 5.18 4.52 
44104 2562 41 97 67 45 206 0 5.18 4.52 
44276 2598 40 97 67 46 207 0 5.18 4.52 
44448 2598 40 97 67 46 207 0 5.81 16.44 
44620 2161 42 111 70 44 224 0 4.86 15.47 
44792 3089 63 91 80 45 216 0 5.18 6.77 
44964 3748 112 88 115 55 260 0 5.17 6.78 
45136 3740 116 90 118 56 267 2 5.18 6.78 
45308 3719 117 91 119 56 268 0 4.86 4.54 
45480 3719 117 91 119 56 268 0 4.86 4.52 
45652 3719 117 91 119 56 268 5 4.84 4.52 
45824 3719 117 91 119 56 268 0 4.86 5.81 
45996 3719 117 91 119 56 268 0 4.86 15.81 
46168 3740 116 90 118 56 267 3 5.81 16.12 
46340 3749 95 83 102 52 238 0 4.84 5.81 
46512 3588 72 75 82 44 201 0 4.86 19.60 
46685 3504 43 60 56 35 151 3 6.78 16.12 
46858 3472 46 61 58 35 155 0 5.51 19.60 
47031 3377 55 71 68 39 179 0 5.51 22.12 
47204 3040 44 72 60 36 169 0 6.78 21.18 
47377 3016 43 72 59 36 168 0 5.18 15.79 
47549 3226 51 74 66 39 179 8 4.54 16.12 
47721 3662 75 76 85 46 207 0 4.86 7.09 
47893 3728 115 89 117 55 263 0 4.86 7.09 
48065 3707 116 90 118 55 266 3 4.86 4.52 
48237 3707 116 90 118 55 266 0 4.86 4.52 
48409 3706 115 90 117 55 265 0 4.86 4.52 
48581 3706 115 90 117 55 265 0 4.86 4.54 
48753 3706 115 90 117 55 266 0 4.86 4.52 
48925 3707 116 90 118 55 266 0 6.46 16.44 
49098 3740 116 90 118 56 266 0 5.81 16.44 
49270 3719 115 91 118 56 268 0 5.81 16.12 
49442 3710 107 88 111 54 256 0 5.81 16.10 
49614 3721 98 81 102 50 235 4 5.81 16.12 
49786 3791 81 72 88 46 208 0 6.46 17.70 
49959 3791 81 72 88 46 208 6 5.18 4.52 
50131 3793 58 61 68 39 170 3 5.18 4.54 
50303 2383 35 89 59 39 186 0 5.17 4.52 
50475 1748 38 142 77 50 265 0 5.18 6.77 
50647 1722 37 142 76 50 264 1 5.18 4.52 
50819 1722 37 142 76 50 265 7 4.86 12.43 
50991 1839 37 126 71 46 241 0 4.86 11.76 
51163 3603 92 87 100 51 240 0 4.84 13.11 
51335 3731 90 82 98 51 232 0 4.86 7.09 
51507 3748 112 88 115 55 260 0 4.86 5.81 
51679 3714 113 88 115 54 261 6 4.86 5.81 
51851 3707 116 90 118 55 266 0 4.86 5.81 
52023 3740 116 90 118 56 266 0 4.86 7.09 
52195 3740 116 90 118 56 267 0 4.86 7.11 
52367 3740 116 90 118 56 267 0 4.86 5.81 
52539 3740 116 90 118 56 267 0 4.86 5.81 
52711 3740 116 90 118 56 267 0 4.84 5.81 
52883 3740 116 90 118 56 267 0 4.86 13.11 
53055 3740 116 90 118 56 267 0 4.86 5.80 
53227 3719 117 91 119 56 268 0 4.84 5.80 
53399 3728 115 89 117 55 263 17 4.86 5.81 
53571 3745 111 85 113 53 253 0 4.86 5.80 
53743 3745 111 85 113 53 254 0 4.86 7.41 
53915 3727 113 89 116 55 263 5 4.86 7.11 
54087 3707 116 90 118 55 266 0 4.86 7.09 
54259 3740 116 90 118 56 266 6 4.86 7.09 
54431 3740 116 90 118 56 267 7 6.78 10.08 
54603 3740 116 90 118 56 267 0 5.81 15.49 
54775 3740 116 90 118 56 266 0 5.81 15.79 
54947 3731 116 92 119 57 270 6 5.81 17.37 
55120 3700 114 95 119 58 274 0 5.81 15.79 
55292 3701 116 95 120 58 274 0 5.81 15.79 
55464 3701 116 95 120 58 275 4 6.78 15.79 
55636 3701 116 95 120 58 275 0 6.78 16.12 
55809 3695 112 92 116 56 265 0 5.49 16.12 
55981 4226 77 80 93 59 223 2 5.51 15.81 
56153 3655 122 96 124 57 280 0 5.81 15.81 
56325 3654 121 96 123 57 276 0 5.81 15.47 
56497 3731 90 82 98 51 232 5 5.18 4.52 
56669 3712 110 88 113 54 258 0 6.46 15.79 
56841 3727 113 89 116 55 263 0 6.46 10.08 
57013 3740 116 90 118 56 266 7 6.46 10.76 
57185 3740 116 90 118 56 267 0 6.46 9.40 
57357 3740 116 90 118 56 267 0 6.46 4.52 
57529 3740 116 90 118 56 267 5 6.46 8.36 
57701 3740 116 90 118 56 267 0 6.46 8.38 
57873 3740 116 90 118 56 267 0 6.46 8.36 
58045 3740 116 90 118 56 267 2 6.46 8.36 
58217 3740 116 90 118 56 267 0 6.46 8.38 
58389 3740 116 90 118 56 268 0 6.46 8.38 
58561 3740 116 90 118 56 268 0 6.46 8.06 
58733 3719 117 91 119 56 268 0 6.46 11.08 
58905 3740 116 90 118 56 267 0 6.46 16.76 
59078 3728 117 89 118 55 266 0 6.46 16.12 
59250 3704 120 95 123 58 278 0 6.46 16.13 
59422 3692 120 94 122 57 276 0 6.78 18.02 
59595 3723 118 94 121 58 276 0 5.51 17.70 
59768 3731 102 87 108 54 251 0 6.78 5.49 
59940 3721 98 81 102 50 235 0 6.46 5.49 
60112 3761 98 81 103 51 238 2 6.78 5.49 
60284 3759 78 73 86 46 206 0 4.54 8.72 
60456 3501 50 64 62 37 163 0 5.81 8.38 
60628 3433 46 65 60 37 162 0 5.81 5.17 
60800 3444 48 65 61 37 162 0 5.81 4.20 
60972 3444 48 65 61 37 162 0 5.81 3.89 
61144 3444 48 65 61 37 162 0 4.54 3.89 
61316 3444 48 65 61 37 162 0 4.86 4.52 
61488 3577 55 66 67 39 172 0 4.86 4.84 
61660 3710 87 78 94 48 222 0 4.86 4.52 
61832 3734 95 82 101 51 236 0 4.86 9.40 
62004 3760 95 81 101 51 235 0 6.78 8.72 
62176 3760 95 81 101 51 234 0 6.78 7.74 
62348 3760 95 81 101 51 234 2 6.78 6.12 
62520 3745 95 80 100 50 233 0 6.78 7.09 
62692 3745 95 80 100 50 233 0 5.81 4.84 
62864 3745 95 80 100 50 232 6 4.86 6.77 
63036 3771 94 79 99 50 230 0 4.86 4.52 
63208 3744 93 80 99 50 231 0 4.86 4.52 
63380 3744 93 80 99 50 231 7 4.86 5.81 
63552 3710 68 68 77 42 187 0 4.86 8.06 
63724 3403 35 56 49 32 137 0 4.86 9.74 
63896 3403 35 56 49 32 137 6 4.86 9.74 
64068 3403 35 56 49 32 138 0 4.86 10.76 
64240 3403 35 56 49 32 138 0 4.84 23.85 
64413 2869 36 71 54 35 159 5 4.86 22.41 
64586 1771 37 135 74 48 254 0 4.54 15.81 
64758 1917 39 128 74 49 248 0 4.22 15.81 
64930 6821 112 106 151 125 384 6 9.42 15.81 
65103 2300 34 109 68 51 225 0 5.81 5.17 
65275 2602 143 203 166 72 446 0 9.42 6.44 
65447 3976 156 224 215 150 593 6 4.86 4.52 
65619 2287 20 127 72 71 267 6 6.46 7.09 
65791 6941 96 127 148 131 409 0 6.46 7.09 
65963 5464 68 100 104 86 290 6 6.78 16.42 
66136 2950 37 99 69 54 222 0 6.78 7.09 
66308 2986 37 100 70 55 227 0 6.78 10.08 
66480 2986 37 100 70 55 226 7 6.46 8.72 
66652 2986 37 100 70 55 226 0 5.81 9.40 
66824 5018 66 104 102 83 289 0 4.54 6.14 
66996 6568 86 108 128 110 349 4 4.84 29.73 
67169 2540 30 150 89 84 320 0 5.81 7.09 
67341 3596 179 254 237 153 652 0 4.54 50.76 
67515 2366 116 206 149 71 430 0 4.54 18.33 
67688 4573 67 131 114 95 338 0 5.51 20.54 
67861 5652 107 130 151 121 405 0 4.86 16.12 
68033 1776 56 179 99 57 333 0 5.81 7.74 
68205 3647 67 65 74 39 179 0 10.10 6.44 
68377 3687 65 56 69 34 160 0 8.38 6.44 
68549 3864 48 44 53 29 128 0 5.17 8.06 
68721 3864 48 44 53 29 128 0 6.78 15.79 
68893 3684 71 61 75 37 175 0 6.46 18.65 
69066 2507 54 105 76 43 223 0 6.46 17.37 
69239 1735 58 192 104 59 353 4 6.46 17.37 
69412 1747 57 187 102 58 343 0 6.46 17.39 
9585 1747 57 187 102 58 344 0 6.46 17.70 
69758 1738 57 188 102 58 344 0 6.46 16.42 
69931 1738 57 188 102 58 344 6 5.18 5.49 
70103 1738 57 188 102 58 346 0 5.18 9.74 
70275 1737 57 190 103 59 349 0 5.18 9.74 
70447 1737 57 190 103 59 349 7 5.18 4.52 
70619 1750 56 185 101 58 341 6 5.18 4.52 
70791 2007 48 130 79 46 253 0 5.17 4.52 
70963 2348 44 99 67 40 205 2 5.18 4.52 
71135 2348 44 99 67 40 205 0 4.86 5.80 
71307 2046 49 130 80 47 254 0 4.86 16.12 
71479 1744 58 191 104 59 351 3 4.86 12.10 
71651 1747 57 187 102 58 343 0 6.78 7.74 
71823 3052 48 90 71 47 208 0 4.54 16.12 
71995 6633 118 126 165 138 432 0 4.54 12.44 
72167 6888 134 140 188 159 491 0 6.46 5.49 
72339 6810 132 139 185 156 484 1 6.46 6.46 
72511 2695 41 138 89 74 297 0 4.86 4.84 
72683 2372 133 226 166 75 472 0 4.86 5.81 
72855 3165 154 219 195 112 535 0 4.86 5.81 
73027 4051 210 296 288 202 797 0 4.86 4.52 
73199 4045 207 292 284 199 786 17 4.86 4.52 
73371 4022 197 279 270 189 746 0 4.86 4.52 
73543 2736 35 149 92 84 321 0 4.86 4.52 
73715 1621 15 168 85 87 334 6 4.86 4.52 
73887 6567 96 129 147 128 407 0 4.86 5.49 
74059 6855 112 137 167 145 452 6 4.86 7.41 
74231 1644 28 139 71 53 258 7 4.86 4.52 
74403 1621 29 158 77 56 282 0 4.86 4.52 
74575 1620 29 157 77 56 281 0 4.86 4.52 
74747 1620 30 157 77 55 280 4 4.86 4.52 
74919 1620 30 157 77 55 280 6 7.74 20.54 
75092 1645 28 139 71 52 255 0 4.54 33.61 
75265 6421 95 118 140 119 378 5 4.54 36.97 
75439 4066 33 75 60 50 186 3 4.54 47.57 
75613 3983 94 142 133 95 370 0 4.54 19.91 
75786 2645 173 249 204 93 555 0 6.46 9.74 
75958 1912 53 171 99 64 332 0 6.78 19.91 
76131 1648 20 149 72 61 277 5 6.78 19.91 
76304 1633 21 150 73 61 279 0 6.78 18.97 
76477 1633 21 150 73 61 279 0 6.78 19.91 
76650 1636 21 150 73 62 279 0 6.78 17.70 
76823 1626 22 149 73 61 278 0 6.78 19.91 
76996 1626 22 149 73 61 277 0 6.78 17.70 
