=~=~=~=~=~=~=~=~=~=~=~= PuTTY log 2025.11.28 20:43:55 =~=~=~=~=~=~=~=~=~=~=~=
ets Jul 29 2019 12:21:46

rst:0x1 (POWERON_RESET),boot:0x13 (SPI_FAST_FLASH_BOOT)
configsip: 0, SPIWP:0xee
clk_drv:0x00,q_drv:0x00,d_drv:0x00,cs0_drv:0x00,hd_drv:0x00,wp_drv:0x00
mode:DIO, clock div:1
load:0x3fff0030,len:4980
load:0x40078000,len:16612
load:0x40080400,len:3480
entry 0x400805b4
Found sensor
Milis - ColorTemp - Lux - R - G - B - C - Pot - UsensA - UsensB

399 5703 70 82 98 78 258 10 3.25 60.23 
574 5703 70 82 98 78 258 0 3.25 59.81 
749 5703 70 82 98 78 258 0 3.26 59.40 
924 5703 70 82 98 78 258 0 3.25 60.23 
1099 5703 70 82 98 78 258 0 3.26 59.38 
1274 5703 70 82 98 78 258 0 3.26 59.79 
1449 5703 70 82 98 78 258 0 3.26 59.40 
1624 5703 70 82 98 78 258 0 3.25 59.82 
1799 5703 70 82 98 78 258 0 3.25 59.38 
1974 5703 70 82 98 78 258 0 3.25 59.79 
2149 5703 70 82 98 78 258 0 3.25 59.81 
2324 5703 70 82 98 78 258 0 3.25 59.82 
2499 5703 70 82 98 78 258 0 3.26 59.40 
2674 5703 70 82 98 78 258 0 3.25 59.82 
2849 5703 70 82 98 78 258 0 3.25 59.38 
3024 5703 70 82 98 78 258 1 3.25 59.81 
3199 5703 70 82 98 78 258 0 3.26 59.38 
3374 5703 70 82 98 78 258 2 3.25 59.81 
3549 5703 70 82 98 78 258 0 3.25 59.40 
3724 5703 70 82 98 78 258 3 3.25 59.79 
3899 5703 70 82 98 78 258 0 3.25 59.79 
4074 5703 70 82 98 78 258 5 3.25 60.21 
4249 5703 70 82 98 78 258 0 3.25 59.38 
4424 5703 70 82 98 78 258 5 3.25 59.81 
4599 5703 70 82 98 78 258 0 3.26 59.40 
4774 5703 70 82 98 78 258 6 3.25 59.81 
4949 5703 70 82 98 78 258 0 3.25 56.03 
5124 5703 70 82 98 78 258 6 3.26 59.81 
5299 5703 70 82 98 78 258 0 3.25 58.97 
5474 5703 70 82 98 78 258 7 3.25 59.82 
5649 5703 70 82 98 78 258 0 3.25 56.07 
5824 5703 70 82 98 78 258 8 3.26 59.81 
5999 5703 70 82 98 78 258 0 3.25 59.38 
6174 5703 70 82 98 78 258 7 3.25 59.81 
6349 5703 70 82 98 78 258 0 3.25 59.38 
6524 5703 70 82 98 78 258 7 3.25 60.08 
6699 5930 70 80 98 79 256 0 3.26 16.12 
6871 7162 70 66 96 81 243 0 3.25 22.12 
7044 7197 70 63 94 79 236 0 3.25 9.74 
7216 7376 68 62 93 79 233 0 3.26 55.64 
7391 7355 65 61 89 76 226 7 3.25 55.91 
7566 7178 66 63 91 77 230 0 3.25 55.78 
7741 7178 66 63 91 77 232 6 3.26 16.12 
7913 6593 58 59 80 66 204 0 3.25 55.17 
8088 5720 49 55 67 53 175 0 3.26 55.51 
8263 5815 49 55 68 54 175 0 3.25 16.12 
8435 5139 42 57 61 48 165 0 3.25 16.12 
8607 3800 33 61 52 39 151 5 3.25 16.12 
8779 3877 34 60 52 39 151 0 3.25 16.12 
8951 3877 34 60 52 39 151 0 3.26 54.84 
9126 3877 34 60 52 39 151 0 3.25 16.12 
9298 3800 33 61 52 39 151 0 3.25 54.83 
9473 3877 34 60 52 39 151 8 3.25 16.12 
9645 3834 33 59 51 38 148 0 3.25 54.81 
9820 3834 33 59 51 38 148 0 3.25 16.12 
9992 3834 33 59 51 38 148 0 3.25 53.97 
10167 3767 33 63 53 40 155 0 3.25 52.46 
10341 3016 37 90 65 49 201 0 3.25 52.97 
10515 3144 48 108 81 60 245 0 3.25 16.12 
10687 3139 44 99 74 55 226 8 3.25 51.29 
10861 3068 41 95 70 52 214 0 3.25 50.95 
11035 3016 37 90 65 49 202 0 3.26 4.52 
11207 2961 37 91 65 49 203 3 3.26 49.44 
11381 3381 52 103 82 60 244 0 3.25 49.42 
11555 3663 76 123 109 76 307 7 3.25 49.76 
11729 3689 79 127 113 79 316 0 3.25 48.91 
11903 3691 80 127 114 79 318 3 3.25 48.93 
12077 3691 80 127 114 79 317 0 3.26 49.25 
12251 3660 80 128 114 79 320 0 3.26 49.28 
12425 3494 82 123 111 72 304 0 3.25 48.76 
12599 3357 80 120 107 67 294 0 3.25 48.76 
12773 3292 83 123 109 67 300 0 3.25 48.74 
12947 3319 83 122 109 67 298 0 3.25 48.76 
13121 3319 83 122 109 67 299 6 3.25 48.76 
13295 3328 82 123 109 68 300 0 3.25 48.74 
13469 3355 82 122 109 68 300 4 3.26 48.76 
13643 3319 83 122 109 67 299 0 3.25 48.76 
13817 3319 83 122 109 67 298 0 3.25 48.76 
13991 3319 83 122 109 67 298 0 3.25 48.76 
14165 3319 83 122 109 67 299 0 3.26 48.76 
14339 3328 82 123 109 68 300 0 3.25 48.74 
14513 3355 82 122 109 68 299 0 3.26 48.74 
14687 3328 82 123 109 68 300 6 3.25 48.76 
14861 3336 83 123 110 68 301 0 3.25 48.76 
15035 3328 82 123 109 68 300 4 3.25 48.74 
15209 3355 82 122 109 68 299 0 3.26 48.76 
15383 3319 83 122 109 67 298 0 3.25 48.76 
15557 3355 82 122 109 68 299 0 3.26 48.74 
15731 3355 82 122 109 68 299 0 3.25 48.74 
15905 3355 82 122 109 68 300 0 3.25 48.76 
16079 3355 82 122 109 68 300 0 3.26 48.76 
16253 3336 83 123 110 68 300 7 3.25 48.74 
16427 3336 83 123 110 68 300 0 3.25 48.76 
16601 3336 83 123 110 68 300 4 3.26 48.76 
16775 3336 83 123 110 68 300 0 3.26 48.74 
16949 3336 83 123 110 68 300 0 3.25 48.76 
17123 3355 82 122 109 68 300 0 3.25 48.76 
17297 3336 83 123 110 68 300 0 3.25 48.76 
17471 3336 83 123 110 68 300 0 3.25 48.74 
17645 3336 83 123 110 68 300 0 3.25 48.76 
17819 3336 83 123 110 68 301 4 3.26 3.25 
17991 3336 83 123 110 68 300 0 3.25 3.25 
18163 3336 83 123 110 68 300 0 3.26 3.25 
18335 3336 83 123 110 68 300 9 3.26 3.25 
18507 3336 83 123 110 68 300 0 3.25 3.25 
18679 3336 83 123 110 68 300 7 3.25 3.25 
18851 3355 82 122 109 68 300 9 3.25 48.74 
19025 3355 82 122 109 68 300 0 3.25 48.76 
19199 3328 82 123 109 68 300 0 3.25 48.77 
19373 3355 82 122 109 68 300 0 3.26 48.77 
19547 3328 82 123 109 68 300 0 3.26 48.77 
19721 3355 82 122 109 68 300 0 3.25 3.25 
19893 3336 83 123 110 68 300 0 3.26 3.25 
20065 3355 82 122 109 68 299 0 3.25 3.25 
20237 3355 82 122 109 68 299 0 3.25 4.52 
20409 3336 83 123 110 68 300 0 3.25 48.76 
20583 3336 83 123 110 68 300 6 3.25 49.59 
20757 3336 83 123 110 68 300 0 3.25 49.59 
20931 3336 83 123 110 68 300 0 3.25 49.61 
21105 3336 83 123 110 68 301 0 3.25 49.57 
21279 3336 83 123 110 68 301 0 3.25 49.59 
21453 3336 83 123 110 68 300 0 3.25 49.57 
21627 3336 83 123 110 68 300 0 3.25 49.61 
21801 3336 83 123 110 68 300 0 3.25 49.10 
21975 3336 83 123 110 68 300 0 3.25 49.59 
22149 3336 83 123 110 68 300 7 3.26 49.10 
22323 3336 83 123 110 68 300 0 3.25 49.59 
22497 3336 83 123 110 68 300 0 3.25 49.10 
22671 3336 83 123 110 68 300 0 3.25 49.59 
22845 3336 83 123 110 68 300 0 3.25 49.10 
23019 3336 83 123 110 68 300 0 3.25 49.42 
23193 3336 83 123 110 68 301 0 3.26 48.76 
23367 3234 79 115 102 61 278 0 3.25 47.55 
23541 3115 74 109 95 55 260 0 3.25 47.57 
23715 3177 72 106 93 55 254 8 3.26 48.91 
23889 3093 72 106 92 53 251 0 3.26 46.36 
24063 3051 69 102 88 50 241 0 3.26 43.40 
24237 3051 69 102 88 50 242 0 3.25 45.99 
24411 3031 68 101 87 49 237 0 3.26 46.38 
24585 3031 68 101 87 49 237 0 3.26 45.97 
24759 3031 68 101 87 49 237 0 3.25 46.36 
24933 3031 68 101 87 49 237 0 3.26 46.39 
25107 3031 68 101 87 49 237 0 3.26 46.36 
25281 3031 68 101 87 49 237 7 3.25 45.97 
25455 3031 68 101 87 49 238 0 3.26 43.81 
25629 3031 68 101 87 49 238 0 3.26 48.55 
25803 3031 68 101 87 49 238 0 3.25 54.99 
25978 3086 68 102 88 51 240 0 3.26 50.44 
26152 3238 52 77 68 41 184 0 3.26 51.27 
26326 3327 49 71 64 39 173 0 3.25 49.25 
26500 3327 49 71 64 39 173 0 3.25 47.77 
26674 3176 56 83 73 43 198 0 3.25 47.77 
26848 3036 66 97 84 47 229 1 3.25 47.77 
27022 3010 64 94 81 45 221 0 3.25 47.79 
27196 2979 64 95 81 45 224 7 3.25 47.77 
27370 2979 64 95 81 45 224 0 3.25 47.35 
27544 2979 64 95 81 45 224 0 3.25 47.77 
27718 2979 64 95 81 45 224 0 3.25 47.77 
27892 3014 63 95 81 46 224 0 3.25 47.75 
28066 3014 63 95 81 46 224 0 3.25 48.53 
28240 3014 63 95 81 46 224 0 3.26 47.35 
28414 2996 65 95 82 45 225 0 3.25 47.35 
28588 2979 64 95 81 45 223 0 3.25 47.77 
28762 2979 64 95 81 45 223 6 3.25 48.16 
28936 2979 64 95 81 45 223 0 3.26 46.97 
29110 2979 64 95 81 45 223 0 3.25 49.10 
29284 2909 68 98 84 44 231 0 3.26 47.97 
29458 3025 63 93 80 45 220 0 3.26 47.97 
29632 3031 64 95 82 46 225 0 3.26 47.96 
29806 3031 64 95 82 46 225 0 3.25 47.96 
29980 3031 64 95 82 46 225 0 3.25 47.57 
30154 3031 64 95 82 46 225 0 3.25 47.96 
30328 3031 64 95 82 46 225 6 3.26 47.97 
30502 3031 64 95 82 46 225 0 3.25 3.25 
30674 3031 64 95 82 46 225 0 3.25 47.57 
30848 3000 64 96 82 46 226 0 3.25 3.25 
31020 3000 64 96 82 46 226 0 3.26 3.25 
31192 3000 64 96 82 46 226 0 3.25 3.25 
31364 3000 64 96 82 46 226 0 3.25 3.25 
31536 3000 64 96 82 46 226 0 3.26 3.25 
31708 3000 64 96 82 46 226 0 3.25 3.25 
31880 3000 64 96 82 46 226 0 3.25 3.25 
32052 3016 66 96 83 46 226 0 3.25 3.25 
32224 3016 66 96 83 46 226 0 3.25 3.25 
32396 3016 66 96 83 46 226 0 3.25 3.25 
32568 3016 66 96 83 46 226 0 3.25 3.25 
32740 3016 66 96 83 46 226 0 3.26 3.25 
32912 3016 66 96 83 46 226 0 3.26 3.25 
33084 3016 66 96 83 46 226 0 3.26 3.25 
33256 3016 66 96 83 46 226 0 3.26 3.25 
33428 3016 66 96 83 46 226 2 3.25 3.25 
33600 3016 66 96 83 46 226 0 3.25 3.25 
33772 3016 66 96 83 46 226 0 3.25 3.25 
33944 3020 65 97 83 47 229 4 3.25 3.25 
34116 3036 66 97 84 47 230 0 3.26 3.25 
34288 3031 64 95 82 46 225 0 3.25 3.25 
34460 3031 64 95 82 46 223 6 3.26 4.52 
34632 3031 64 95 82 46 224 0 3.25 3.25 
34804 3031 64 95 82 46 225 0 3.26 3.25 
34976 3031 64 95 82 46 224 8 3.25 3.25 
35148 3010 64 94 81 45 222 0 3.26 3.25 
35320 3021 64 92 80 44 217 0 3.25 3.25 
35492 3100 70 102 89 51 242 9 3.26 3.25 
35664 3070 69 103 89 51 243 0 3.25 3.25 
35836 3106 68 103 89 52 245 0 3.25 3.25 
36008 3100 70 102 89 51 240 8 3.25 3.25 
36180 3065 70 102 89 50 240 0 3.25 3.25 
36352 3100 70 102 89 51 241 0 3.25 3.25 
36524 3149 70 102 90 52 242 8 3.25 3.25 
36696 3149 70 102 90 52 242 0 3.25 3.25 
36868 3186 70 102 90 53 243 0 3.26 3.25 
37040 3205 70 103 91 54 245 5 3.26 3.25 
37212 3186 70 102 90 53 243 0 3.25 3.25 
37384 3186 70 102 90 53 243 0 3.26 3.25 
37556 3186 70 102 90 53 243 3 3.26 3.25 
37728 3186 70 102 90 53 243 0 3.26 3.25 
37900 3186 70 102 90 53 243 0 3.25 3.25 
38072 3186 70 102 90 53 243 0 3.26 46.38 
38246 3186 70 102 90 53 243 0 3.25 4.52 
38418 3186 70 102 90 53 243 0 3.26 3.25 
38590 3186 70 102 90 53 243 9 3.25 3.25 
38762 3186 70 102 90 53 243 0 3.25 3.25 
38934 3186 70 102 90 53 243 0 3.26 4.52 
39106 3186 70 102 90 53 243 8 3.26 4.52 
39278 3186 70 102 90 53 243 0 3.25 3.25 
39450 3224 69 102 90 54 243 0 3.25 46.38 
39624 3317 69 102 91 56 245 2 3.25 48.93 
39798 3317 69 102 91 56 245 0 3.25 47.97 
39972 3317 69 102 91 56 245 5 3.25 47.97 
40146 3317 69 102 91 56 245 0 3.26 47.58 
40320 3317 69 102 91 56 245 0 3.25 48.93 
40494 3317 69 102 91 56 246 0 3.25 47.17 
40668 3360 68 102 91 57 247 0 3.26 48.91 
40842 3360 68 102 91 57 247 0 3.25 47.97 
41016 3360 68 102 91 57 247 0 3.26 47.96 
41190 3360 68 102 91 57 247 1 3.25 48.93 
41364 3360 68 102 91 57 247 0 3.26 48.91 
41538 3360 68 102 91 57 247 7 3.26 47.17 
41712 3360 68 102 91 57 247 0 3.25 48.91 
41886 3360 68 102 91 57 247 0 3.25 47.57 
42060 3360 68 102 91 57 247 0 3.25 48.93 
42234 3360 68 102 91 57 247 0 3.25 47.17 
42408 3360 68 102 91 57 247 0 3.25 48.93 
42582 3360 68 102 91 57 247 0 3.25 47.55 
42756 3360 68 102 91 57 247 11 3.26 47.57 
42930 3360 68 102 91 57 247 0 3.25 48.91 
43104 3360 68 102 91 57 247 17 3.26 48.93 
43278 3360 68 102 91 57 247 0 3.26 47.57 
43452 3360 68 102 91 57 247 0 3.25 48.91 
43626 3360 68 102 91 57 247 0 3.25 47.16 
43800 3360 68 102 91 57 247 0 3.26 48.91 
43974 3360 68 102 91 57 247 0 3.25 48.93 
44148 3360 68 102 91 57 247 0 3.25 47.58 
44322 3360 68 102 91 57 247 11 3.25 48.91 
44496 3360 68 102 91 57 247 0 3.26 48.93 
44670 3360 68 102 91 57 247 17 3.25 48.93 
44844 3360 68 102 91 57 247 0 3.25 48.93 
45018 3360 68 102 91 57 247 0 3.25 48.91 
45192 3360 68 102 91 57 247 0 3.25 48.93 
45366 3360 68 102 91 57 247 0 3.26 48.93 
45540 3360 68 102 91 57 247 0 3.25 48.93 
45714 3360 68 102 91 57 247 0 3.26 48.93 
45888 3360 68 102 91 57 247 1 3.26 48.91 
46062 3360 68 102 91 57 247 0 3.25 48.91 
46236 3360 68 102 91 57 247 5 3.25 48.91 
46410 3360 68 102 91 57 247 0 3.25 48.91 
46584 3360 68 102 91 57 247 0 3.25 48.93 
46758 3360 68 102 91 57 247 0 3.25 48.91 
46932 3360 68 102 91 57 247 0 3.26 48.91 
47106 3360 68 102 91 57 247 0 3.26 48.93 
47280 3360 68 102 91 57 247 0 3.25 48.93 
47454 3360 68 102 91 57 247 0 3.26 48.93 
47628 3360 68 102 91 57 247 0 3.26 48.93 
47802 3360 68 102 91 57 248 5 3.26 48.93 
47976 3360 68 102 91 57 248 0 3.25 48.91 
48150 3360 68 102 91 57 247 0 3.25 48.93 
48324 3360 68 102 91 57 247 0 3.26 48.93 
48498 3360 68 102 91 57 247 0 3.25 16.44 
48670 3360 68 102 91 57 248 1 3.25 16.44 
48842 3360 68 102 91 57 248 0 3.25 46.38 
49016 3351 67 102 90 57 248 0 3.25 3.25 
49188 3351 67 102 90 57 248 0 3.25 4.52 
49360 3351 67 102 90 57 248 0 3.25 17.39 
49532 3351 67 102 90 57 248 0 3.26 3.25 
49704 3351 67 102 90 57 248 0 3.25 4.54 
49876 3351 67 102 90 57 248 0 3.26 4.52 
50048 3351 67 102 90 57 248 0 3.25 4.52 
50220 3351 67 102 90 57 248 0 3.25 16.12 
50392 3351 67 102 90 57 248 0 3.25 4.52 
50564 3351 67 102 90 57 248 0 3.25 3.25 
50736 3351 67 102 90 57 248 1 3.25 4.52 
50908 3351 67 102 90 57 248 0 3.26 4.54 
51080 3351 67 102 90 57 249 0 3.25 4.52 
51252 3351 67 102 90 57 249 3 3.25 4.52 
51424 3351 67 102 90 57 248 0 3.25 16.44 
51596 3106 68 103 89 52 244 0 3.26 3.25 
51768 3609 63 94 86 57 237 5 3.25 16.12 
51940 4009 54 88 80 59 227 0 3.25 3.25 
52112 3802 30 61 50 39 150 0 3.25 3.25 
52284 5164 36 55 55 45 154 6 3.25 3.25 
52456 8204 46 61 74 69 204 0 3.26 16.12 
52628 8854 49 63 79 75 218 0 3.25 16.44 
52800 8854 49 63 79 75 217 4 3.25 4.52 
52972 8854 49 63 79 75 217 0 3.25 16.44 
53144 8854 49 63 79 75 217 0 3.25 4.52 
53316 8854 49 63 79 75 217 7 3.25 16.12 
53488 8854 49 63 79 75 217 0 3.25 16.12 
53660 8854 49 63 79 75 217 0 3.26 55.93 
53835 8854 49 63 79 75 217 0 3.25 16.44 
54007 8854 49 63 79 75 217 0 3.25 16.44 
54179 8854 49 63 79 75 217 0 3.26 16.42 
54351 8854 49 63 79 75 218 0 3.25 16.12 
54523 8854 49 63 79 75 218 0 3.25 4.52 
54695 8854 49 63 79 75 218 0 3.25 36.29 
54868 8854 49 63 79 75 217 0 3.26 55.91 
55043 8854 49 63 79 75 217 0 3.25 36.75 
55217 8854 49 63 79 75 217 0 3.25 3.25 
55389 8854 49 63 79 75 217 0 3.26 36.75 
55563 8854 49 63 79 75 217 0 3.26 4.52 
55735 8854 49 63 79 75 218 0 3.25 55.51 
55910 8854 49 63 79 75 218 0 3.26 4.52 
56082 8854 49 63 79 75 218 4 3.25 49.10 
56256 8854 49 63 79 75 218 0 3.25 15.79 
56428 9237 48 63 79 76 218 0 3.25 3.25 
56600 7504 42 57 67 61 185 5 3.25 3.25 
56772 5042 31 50 49 40 138 0 3.26 4.52 
56944 5365 34 51 52 43 146 0 3.25 29.22 
57117 3483 31 62 50 37 148 0 3.25 3.25 
57289 2286 33 104 65 48 214 0 3.25 3.25 
57461 2815 42 92 67 46 204 0 3.25 4.52 
57633 3655 94 107 112 65 287 3 3.25 3.25 
57805 3623 134 147 156 88 395 0 3.25 3.25 
57977 3616 130 144 152 86 384 0 3.25 3.25 
58149 3633 128 143 151 86 383 6 3.25 3.25 
58321 3653 134 150 158 91 401 0 3.26 3.25 
58493 3683 132 153 159 94 408 0 3.25 16.75 
58665 3972 66 91 89 61 241 3 3.25 18.02 
58837 7867 29 60 57 56 173 0 3.25 9.74 
59009 12150 29 69 66 71 205 0 3.26 4.52 
59181 14671 27 68 65 72 205 11 3.25 3.25 
59353 9559 30 67 63 65 195 0 3.26 3.25 
59525 13632 31 76 72 79 228 0 3.25 3.25 
59697 13698 31 76 73 80 228 3 3.26 3.25 
59869 13698 31 76 73 80 228 0 3.26 3.25 
60041 13698 31 76 73 80 228 0 3.25 3.25 
60213 13698 31 76 73 80 228 6 3.25 3.25 
60385 13698 31 76 73 80 228 0 3.25 3.25 
60557 14877 30 76 72 80 228 0 3.25 3.25 
60729 14877 30 76 72 80 228 8 3.25 3.25 
60901 14877 30 76 72 80 228 0 3.26 3.25 
61073 14877 30 76 72 80 228 0 3.25 3.25 
61245 14877 30 76 72 80 228 8 3.25 3.25 
61417 14877 30 76 72 80 228 0 3.25 3.25 
61589 14877 30 76 72 80 228 0 3.26 3.25 
61761 14877 30 76 72 80 228 8 3.25 4.52 
61933 14877 30 76 72 80 228 0 3.25 3.25 
62105 14877 30 76 72 80 228 0 3.25 3.25 
62277 14877 30 76 72 80 228 8 3.25 4.52 
62449 14877 30 76 72 80 228 0 3.26 4.52 
62621 14877 30 76 72 80 228 0 3.25 3.25 
62793 12634 31 75 71 77 223 5 3.25 3.25 
62965 8436 29 61 58 58 176 0 3.25 18.33 
63137 12451 27 65 62 67 194 0 3.25 4.52 
63309 3830 95 116 119 75 312 3 3.25 57.31 
63484 3637 92 106 110 64 282 0 3.25 3.25 
63656 2490 32 88 58 42 186 0 3.26 4.52 
63828 7424 42 59 68 62 189 4 3.25 43.42 
64002 4379 31 72 58 50 179 0 3.25 4.52 
64174 3924 49 90 77 59 226 0 3.25 3.25 
64346 4057 48 72 68 49 188 0 3.26 3.25 
64518 4017 57 86 81 58 223 0 3.25 53.47 
64692 4011 62 92 87 62 242 5 3.25 4.52 
64864 4014 59 89 84 60 233 0 3.25 44.57 
65038 3777 42 88 71 56 213 0 3.25 58.43 
65213 3663 32 91 66 57 211 0 3.25 3.25 
65385 3576 29 84 60 52 194 0 3.26 54.15 
65560 3647 28 69 52 43 163 4 3.25 55.62 
65735 3579 27 76 55 47 176 0 3.25 4.52 
65907 3543 27 78 56 48 179 0 3.25 3.25 
66079 4028 27 65 51 43 177 8 3.26 51.97 
66253 4028 27 65 51 43 157 0 3.26 3.25 
66425 4133 28 67 53 45 164 7 3.26 51.97 
66599 3930 29 69 54 45 167 0 3.25 51.97 
66773 3980 30 70 55 46 169 0 3.25 52.63 
66947 3980 30 70 55 46 170 0 3.25 3.25 
67119 3528 27 86 60 53 197 6 3.26 4.52 
67291 3494 27 91 62 56 207 7 3.25 3.25 
67463 3458 28 90 62 55 204 0 3.25 52.29 
67637 3458 28 90 62 55 204 0 3.25 49.61 
67811 3626 29 74 55 46 175 0 3.25 55.51 
67986 3512 26 86 59 53 196 0 3.25 3.25 
68158 3417 26 87 59 53 197 8 3.25 4.52 
68330 3512 26 86 59 53 196 0 3.25 3.25 
68502 3512 26 86 59 53 197 0 3.25 4.52 
68674 3512 26 86 59 53 197 7 3.25 3.25 
68846 3512 26 86 59 53 197 0 3.25 4.52 
69018 3512 26 86 59 53 197 0 3.25 3.25 
69190 3512 26 86 59 53 196 3 3.25 4.52 
69362 3512 26 86 59 53 196 0 3.26 3.25 
69534 3512 26 86 59 53 196 0 3.25 4.52 
69706 3512 26 86 59 53 196 1 3.25 3.25 
69878 3512 26 86 59 53 196 0 3.25 3.25 
70050 3512 26 86 59 53 196 0 3.26 52.97 
70224 3512 26 86 59 53 196 5 3.25 55.62 
70399 3512 26 86 59 53 196 3 3.25 53.82 
70574 3512 26 86 59 53 196 5 3.25 3.25 
70746 3512 26 86 59 53 196 0 3.25 3.25 
70918 3512 26 86 59 53 196 0 3.25 3.25 
71090 3512 26 86 59 53 197 8 3.25 50.95 
71264 3512 26 86 59 53 196 0 3.25 3.25 
71436 3512 26 86 59 53 196 0 3.25 3.25 
71608 3512 26 86 59 53 196 4 3.25 4.52 
71780 3512 26 86 59 53 196 0 3.25 3.25 
71952 3512 26 86 59 53 196 0 3.25 4.52 
72124 3512 26 86 59 53 196 6 3.25 3.25 
72296 3512 26 86 59 53 196 0 3.25 4.52 
72468 3512 26 86 59 53 196 0 3.26 3.25 
72640 3512 26 86 59 53 196 8 3.26 3.25 
72812 3512 26 86 59 53 196 0 3.26 3.25 
72984 3512 26 86 59 53 196 0 3.25 4.52 
73156 3512 26 86 59 53 196 9 3.25 3.25 
73328 3512 26 86 59 53 196 0 3.25 55.51 
73503 3512 26 86 59 53 196 0 3.25 3.25 
73675 3512 26 86 59 53 196 0 3.25 50.76 
73849 3512 26 86 59 53 197 0 3.26 4.52 
74021 3512 26 86 59 53 196 3 3.25 17.07 
74193 3512 26 86 59 53 197 0 3.25 16.12 
74365 3512 26 86 59 53 197 0 3.25 4.52 
74537 3512 26 86 59 53 196 1 3.25 16.12 
74709 3512 26 86 59 53 197 0 3.26 50.27 
74883 3417 26 87 59 53 197 0 3.25 3.25 
75055 3399 25 98 64 60 220 9 3.25 3.25 
75227 3379 25 92 61 56 208 0 3.26 3.25 
75399 3495 32 101 70 62 230 7 3.25 3.25 
75571 3230 21 99 62 60 218 8 3.26 16.12 
75743 3116 22 105 65 63 230 0 3.26 16.12 
75915 4872 36 64 59 49 173 0 3.25 37.91 
76089 5893 42 67 68 59 196 4 3.25 16.44 
76261 9084 60 80 99 95 276 0 3.25 38.81 
76435 10621 71 88 117 116 322 0 3.25 3.25 
76607 9611 87 105 139 134 379 0 3.26 16.12 
76779 5210 49 80 78 65 222 0 3.25 16.44 
76951 2933 35 77 57 40 172 0 3.25 3.25 
77123 2668 31 76 53 37 164 0 3.25 3.25 
77295 2654 37 95 65 47 204 0 3.26 3.25 
77467 2040 37 129 76 56 256 0 3.25 28.15 
77640 1760 31 133 72 53 252 0 3.25 3.25 
77812 1664 28 139 72 54 259 0 3.26 3.25 
77984 1629 27 141 71 53 259 0 3.25 3.25 
78156 1635 28 142 72 54 262 0 3.26 3.25 
78328 1643 28 143 73 55 267 0 3.25 16.12 
78500 1625 26 140 70 52 258 0 3.26 16.12 
78672 1625 26 140 70 52 257 0 3.26 16.12 
78844 1625 26 140 70 52 257 0 3.25 3.25 
79016 1625 26 140 70 52 257 0 3.25 3.25 
79188 1625 26 140 70 52 257 0 3.26 36.75 
79362 1625 26 140 70 52 257 0 3.25 16.12 
79534 1625 26 140 70 52 257 4 3.26 36.75 
79708 1625 26 140 70 52 256 0 3.25 3.25 
79880 1625 26 140 70 52 256 0 3.25 3.25 
80052 1625 26 140 70 52 256 7 3.25 16.44 
80224 1625 26 140 70 52 256 0 3.25 3.25 
80396 1625 26 140 70 52 256 0 3.25 3.25 
80568 1625 26 140 70 52 256 7 3.26 16.44 
80740 1625 26 140 70 52 256 0 3.25 3.25 
80912 1625 26 140 70 52 256 0 3.25 16.12 
81084 1625 26 140 70 52 256 7 3.25 3.25 
81256 1625 26 140 70 52 256 0 3.26 3.25 
81428 1625 26 140 70 52 256 0 3.25 3.25 
81600 1625 26 140 70 52 256 3 3.25 55.33 
81775 1625 26 140 70 52 256 0 3.25 3.25 
81947 1630 27 139 70 52 256 0 3.25 4.52 
82119 1625 26 140 70 52 256 17 3.26 3.25 
82291 1630 27 139 70 52 256 0 3.25 3.25 
82463 1630 27 139 70 52 256 0 3.26 55.91 
82638 1706 30 136 72 53 256 0 3.25 33.08 
82811 6670 65 98 105 94 296 0 3.26 39.93 
82985 8991 71 102 120 116 339 2 3.25 45.39 
83159 3548 38 115 81 71 265 0 3.25 45.39 
83333 4044 149 213 206 145 569 6 3.26 4.52 
83505 2658 113 167 136 64 369 0 3.25 3.25 
83677 2543 131 195 155 68 420 0 3.25 4.52 
83849 3083 98 140 123 69 336 7 3.26 3.25 
84021 4051 152 217 210 148 581 0 3.25 4.52 
84193 4057 157 224 217 153 600 0 3.26 34.10 
84366 4048 157 223 216 152 597 6 3.26 3.25 
84538 4051 155 223 215 152 596 0 3.26 3.25 
84710 4056 118 170 164 116 454 0 3.26 56.19 
84885 2859 102 147 125 64 338 0 3.26 52.29 
85059 2718 73 126 98 55 280 0 3.25 3.25 
85231 2755 31 91 61 48 198 2 3.25 22.12 
85404 2511 30 97 62 49 204 0 3.25 45.78 
85578 2549 34 105 68 53 222 0 3.25 4.52 
85750 2697 38 107 72 55 228 5 3.25 47.94 
85924 2892 47 125 87 67 275 0 3.25 50.61 
86098 2917 49 125 88 67 275 5 3.26 3.25 
86270 2892 47 125 87 67 275 0 3.26 49.08 
86444 2513 33 104 67 52 220 0 3.25 3.25 
86616 2526 33 102 66 51 216 7 3.25 3.25 
86788 2579 28 88 57 45 187 0 3.26 3.25 
86960 2480 32 102 65 51 214 0 3.25 48.18 
87134 2480 32 102 65 51 216 0 3.26 44.61 
87308 2796 33 91 62 48 198 0 3.25 4.52 
87480 2187 28 107 64 51 219 0 3.25 4.52 
87652 2085 27 108 63 51 217 0 3.25 45.99 
87826 2085 27 108 63 51 218 0 3.25 16.12 
87998 2085 27 108 63 51 218 7 3.25 45.59 
88172 2085 27 108 63 51 218 0 3.25 16.12 
88344 2085 27 108 63 51 218 0 3.25 45.99 
88518 2085 27 108 63 51 218 0 3.25 16.12 
88690 2085 27 108 63 51 218 0 3.26 45.58 
88864 2085 27 108 63 51 218 6 3.25 16.12 
89036 2085 27 108 63 51 218 0 3.25 45.58 
89210 2085 27 108 63 51 218 0 3.26 16.12 
89382 2085 27 108 63 51 218 1 3.25 45.99 
89556 2142 28 108 64 51 218 0 3.26 16.12 
89728 2085 27 108 63 51 218 0 3.26 46.00 
89902 2142 28 108 64 51 218 0 3.26 16.10 
90074 2085 27 108 63 51 218 0 3.25 45.58 
90248 2142 28 108 64 51 218 3 3.25 16.10 
90420 2142 28 108 64 51 218 0 3.25 45.99 
90594 2142 28 108 64 51 218 0 3.25 16.12 
90766 2142 28 108 64 51 218 0 3.25 45.99 
90940 2142 28 108 64 51 218 0 3.25 16.12 
91112 2142 28 108 64 51 218 5 3.25 45.58 
91286 2142 28 108 64 51 218 0 3.26 16.12 
91458 2142 28 108 64 51 218 0 3.25 4.52 
91630 2142 28 108 64 51 218 9 3.25 16.12 
91802 2142 28 108 64 51 218 0 3.26 43.81 
91976 2142 28 108 64 51 218 0 3.26 16.12 
92148 2142 28 108 64 51 218 0 3.26 4.52 
92320 2142 28 108 64 51 218 0 3.26 44.20 
92494 2142 28 108 64 51 218 0 3.26 4.52 
92666 2142 28 108 64 51 218 0 3.25 44.18 
92840 2142 28 108 64 51 218 0 3.25 4.54 
93012 2142 28 108 64 51 218 7 3.25 4.52 
93184 2142 28 108 64 51 218 0 3.25 4.52 
93356 2142 28 108 64 51 218 0 3.26 4.52 
93528 2142 28 108 64 51 218 4 3.25 4.52 
93700 2142 28 108 64 51 218 0 3.26 16.12 
93872 2142 28 108 64 51 218 0 3.26 4.52 
94044 2142 28 108 64 51 218 1 3.25 4.52 
94216 2142 28 108 64 51 218 0 3.26 3.25 
94388 2142 28 108 64 51 218 0 3.25 4.52 
94560 2142 28 108 64 51 218 0 3.25 3.25 
94732 2142 28 108 64 51 218 0 3.25 3.25 
94904 2142 28 108 64 51 218 0 3.25 45.99 
95078 2142 28 108 64 51 218 6 3.25 45.56 
95252 2142 28 108 64 51 218 0 3.26 45.99 
95426 2142 28 108 64 51 218 0 3.25 9.74 
95598 2142 28 108 64 51 218 0 3.25 15.79 
95770 2085 27 108 63 51 218 0 3.26 42.42 
95944 2085 27 108 63 51 218 4 3.25 42.42 
96118 2085 27 108 63 51 218 0 3.25 44.59 
96292 2085 27 108 63 51 218 0 3.25 9.72 
96464 2085 27 108 63 51 218 0 3.26 45.58 
96638 2085 27 108 63 51 218 0 3.25 16.12 
96810 2142 28 108 64 51 218 8 3.26 45.97 
96984 2142 28 108 64 51 218 0 3.25 4.52 
97156 2142 28 108 64 51 218 0 3.25 45.99 
97330 2142 28 108 64 51 218 0 3.26 45.97 
97504 2142 28 108 64 51 218 0 3.26 46.39 
97678 2142 28 108 64 51 218 12 3.25 4.52 
97850 2142 28 108 64 51 218 0 3.25 40.38 
98024 2158 28 110 65 53 225 0 3.25 3.25 
98196 2461 37 120 76 60 251 6 3.25 3.25 
98368 2558 35 110 71 56 234 0 3.26 3.25 
98540 2027 27 113 65 53 228 0 3.25 3.25 
98712 5541 64 82 92 74 247 1 3.25 3.25 
98884 7310 115 103 155 131 392 0 3.25 3.25 
99056 7244 117 104 157 132 396 0 3.25 3.25 
99228 6446 79 85 110 91 286 0 3.25 3.25 
99400 1901 26 124 69 58 247 0 3.25 4.52 
99572 2483 35 103 67 50 218 0 3.25 3.25 
99744 2594 129 184 150 65 405 3 3.25 3.25 
99916 2549 165 233 189 78 506 0 3.25 3.25 
100088 2585 131 189 153 67 414 0 3.25 37.67 
100262 3976 141 200 193 134 530 0 3.25 3.25 
100434 3049 40 154 99 90 340 0 3.25 19.60 
100607 7161 66 125 121 115 361 0 3.25 16.12 
100779 7242 77 96 117 104 321 0 3.25 15.79 
100951 6025 61 77 89 74 243 0 3.25 15.79 
101123 6188 60 77 89 75 245 3 3.25 15.79 
101295 6188 60 77 89 75 245 0 3.25 15.79 
101467 6188 60 77 89 75 245 0 3.25 15.79 
101639 6188 60 77 89 75 245 0 3.25 15.79 
101811 6188 60 77 89 75 245 0 3.25 15.79 
101983 6188 60 77 89 75 245 0 3.25 15.79 
102155 6188 60 77 89 75 245 0 3.25 15.79 
102327 6188 60 77 89 75 245 0 3.25 15.79 
102499 6188 60 77 89 75 245 0 3.26 15.79 
102671 6188 60 77 89 75 245 0 3.25 15.79 
102843 6188 60 77 89 75 245 0 3.26 15.81 
103015 6188 60 77 89 75 245 0 3.25 15.81 
103187 6188 60 77 89 75 245 0 3.26 15.79 
103359 6188 60 77 89 75 245 0 3.25 15.79 
103531 6188 60 77 89 75 245 0 3.26 15.79 
103703 6188 60 77 89 75 245 0 3.26 15.79 
103875 6188 60 77 89 75 245 4 3.25 15.79 
104047 6188 60 77 89 75 245 0 3.26 15.79 
104219 6188 60 77 89 75 245 0 3.26 35.16 
104392 6188 60 77 89 75 245 0 3.26 3.25 
104564 6206 61 78 90 76 247 0 3.26 3.25 
104736 7398 81 100 123 110 336 0 3.25 4.52 
104908 7229 69 123 123 116 363 0 3.25 50.10 
105082 2409 23 143 82 81 302 0 3.26 4.52 
